6.591342449188232
7.031019449234009
5.5822594165802
6.001704454421997
6.461844444274902
6.757057428359985
6.113886117935181
6.4676103591918945
6.218679666519165
6.681380987167358
6.5564820766448975
5.440051555633545
6.451223134994507
6.830514430999756
6.919968843460083
6.312745809555054
5.893772602081299
5.280139684677124
6.669073104858398
5.723942995071411
5.852429151535034
6.992735385894775
6.8844382762908936
5.915491342544556
6.5881123542785645
7.11821722984314
9.150970697402954
6.355952262878418
6.891826868057251
6.746898651123047
6.649483919143677
6.710622549057007
7.430948972702026
5.626943111419678
7.09387993812561
7.5181310176849365
5.5857319831848145
7.735330581665039
5.221187114715576
7.405254125595093
8.090330839157104
5.868076801300049
7.387759208679199
6.495666265487671
6.525404691696167
5.993842363357544
7.312769889831543
6.41025972366333
6.14104962348938
6.273421049118042
7.041768550872803
6.896382570266724
6.012358903884888
6.151570558547974
7.4044249057769775
6.899810075759888
6.468356370925903
6.081367492675781
6.714869976043701
4.839780569076538
5.072021007537842
4.690345764160156
4.889097690582275
4.736230134963989
4.8864545822143555
4.892224073410034
5.156911849975586
4.785823345184326
5.055984258651733
4.858717918395996
5.095398902893066
5.025252819061279
5.414153099060059
4.876446962356567
5.290245056152344
5.057398557662964
5.2128746509552
5.093785524368286
5.593970775604248
5.236095190048218
5.754518985748291
5.235444784164429
5.456747531890869
5.780957221984863
5.562116622924805
4.892809867858887
5.791121244430542
5.544737339019775
6.032239198684692
5.504460334777832
6.098977088928223
5.137421607971191
6.060479164123535
5.874613523483276
5.558802127838135
5.766730308532715
6.4287800788879395
5.407642841339111
5.6832685470581055
6.315457582473755
5.594113349914551
6.5752387046813965
5.6147966384887695
5.988734722137451
5.731454610824585
6.122269153594971
6.832760810852051
5.700706720352173
6.431811571121216
6.298252105712891
5.9548845291137695
6.131314992904663
5.954174757003784
5.732433080673218
6.223237991333008
5.463059186935425
6.855824708938599
6.010641813278198
6.384623765945435
5.898817539215088
6.085217237472534
5.392681121826172
6.113762140274048
6.1106953620910645
6.405685901641846
6.107266426086426
6.212145805358887
5.306898355484009
5.790735960006714
6.153833866119385
6.102610111236572
6.185461044311523
6.633374452590942
5.708843469619751
6.239595174789429
5.912132978439331
5.990994215011597
5.670767307281494
6.358555316925049
5.865497827529907
6.3925559520721436
6.849287033081055
7.072815895080566
5.766175746917725
6.788295745849609
7.435471534729004
5.503358364105225
7.137995958328247
