6.1545729637146
9.014737129211426
5.128648281097412
6.932142734527588
9.191356658935547
5.055607795715332
6.6353209018707275
11.00139307975769
5.618522644042969
5.809332847595215
7.351586103439331
8.083523035049438
6.157966613769531
10.690272808074951
9.283108949661255
6.7352135181427
5.158252000808716
9.363902807235718
6.412566184997559
6.923180341720581
9.990239381790161
5.206590890884399
10.313351392745972
6.85291051864624
6.1789491176605225
5.125677585601807
4.646770000457764
5.958220720291138
4.645618677139282
5.5407631397247314
5.3137829303741455
4.630204200744629
4.8083696365356445
4.793471574783325
4.426016092300415
4.773299217224121
4.724268436431885
4.467171907424927
4.155394792556763
4.601401329040527
4.077138423919678
4.371090888977051
4.45204758644104
4.387650728225708
4.116165399551392
4.777631044387817
4.15523362159729
4.284726858139038
3.961503505706787
4.198028802871704
4.202966928482056
4.65597677230835
4.2812159061431885
5.872459411621094
5.351558208465576
5.322071313858032
5.414696455001831
4.817759037017822
4.17528510093689
4.32690167427063
4.520129203796387
4.576864719390869
4.149324893951416
4.501944303512573
6.183967351913452
5.321457386016846
5.010419845581055
6.144873857498169
4.912262678146362
6.525162220001221
5.198907852172852
6.484635353088379
6.357288122177124
5.725177764892578
5.489141941070557
6.988689661026001
5.881821393966675
6.657077074050903
6.491755723953247
6.89618706703186
5.680095195770264
7.239527225494385
6.666210889816284
6.788219928741455
7.264002561569214
6.801103830337524
5.9770612716674805
6.2084691524505615
5.902531623840332
6.47943902015686
5.85665225982666
5.849911451339722
5.983450889587402
6.283658266067505
5.509427070617676
5.991894006729126
6.196182727813721
6.800437927246094
7.2349841594696045
7.5404486656188965
7.559875011444092
7.827335357666016
6.569025039672852
7.697050333023071
9.101291418075562
7.332860231399536
6.796131134033203
5.979338884353638
6.5896897315979
5.590426445007324
6.433048486709595
5.738110065460205
6.125763177871704
5.814717054367065
6.321317195892334
5.774630546569824
6.782559394836426
5.932037830352783
6.356777906417847
5.968217372894287
5.65061354637146
7.144676923751831
5.712104320526123
6.558654069900513
6.60808801651001
6.4352803230285645
6.229983806610107
6.7472922801971436
6.435523271560669
6.234745025634766
5.955269813537598
5.631014347076416
6.200315475463867
6.580006122589111
5.756443500518799
6.606266975402832
6.228591680526733
6.5176637172698975
5.954220294952393
5.950907230377197
6.123119115829468
6.419121265411377
6.135371685028076
6.284463405609131
6.565410137176514
6.441741704940796
5.835578203201294
6.391367673873901
5.636378049850464
