7.452721118927002
5.244513988494873
7.7539589405059814
4.5902099609375
7.784676551818848
4.666186571121216
7.947124242782593
4.828506708145142
7.4665093421936035
5.0050928592681885
6.800935506820679
5.50124192237854
7.129171848297119
5.5767717361450195
6.787513971328735
5.4825170040130615
6.427025556564331
5.710242033004761
5.637998104095459
6.917810440063477
6.81879186630249
5.289709091186523
6.754760265350342
5.929501056671143
6.200225114822388
6.92040228843689
5.480040788650513
6.696372985839844
5.630408525466919
7.182630777359009
5.4823973178863525
7.584240198135376
6.081112384796143
6.598835706710815
5.856431007385254
5.980036973953247
7.7063117027282715
5.357968091964722
5.372135400772095
6.142099380493164
7.15751051902771
4.908929109573364
7.201958656311035
6.136592149734497
6.129925012588501
7.580715179443359
5.409838438034058
6.917098045349121
5.250622510910034
8.87764596939087
4.904907941818237
8.553950309753418
4.704165458679199
8.535909652709961
5.143946409225464
7.321648359298706
7.079829454421997
4.864866256713867
8.804030895233154
5.040600538253784
7.3503031730651855
7.471692323684692
4.697229862213135
5.447333335876465
4.642731666564941
4.756202936172485
4.690981388092041
4.912593364715576
4.178099870681763
4.791758060455322
4.563377857208252
4.71931004524231
4.518596410751343
4.535597562789917
4.147184371948242
4.654500246047974
4.196804046630859
4.342400312423706
4.144532918930054
4.680680274963379
4.419692277908325
4.746190786361694
4.312103033065796
4.533843994140625
4.625157117843628
4.592824459075928
4.385563850402832
4.376253366470337
4.04113507270813
4.26264762878418
4.073169469833374
4.671480655670166
3.9939839839935303
4.33830451965332
4.394058465957642
4.298739194869995
4.231769561767578
4.458194971084595
3.967771053314209
4.293468475341797
4.2270286083221436
4.5216898918151855
4.633424758911133
5.105279922485352
4.078509330749512
4.3620429039001465
4.056328296661377
4.27467942237854
4.236780643463135
4.54212498664856
4.257701635360718
4.528546333312988
4.129404067993164
4.1009132862091064
4.060715436935425
4.235060214996338
3.945723533630371
4.289067506790161
4.1409971714019775
4.22252893447876
4.146125793457031
4.266305923461914
4.236765146255493
4.261459827423096
4.178517818450928
4.187187433242798
4.114898443222046
4.479868173599243
3.9570467472076416
4.571273326873779
4.092848777770996
4.218981981277466
4.467804908752441
4.540635585784912
3.949167490005493
4.146112442016602
4.126565933227539
4.359039783477783
4.1793577671051025
4.324223756790161
3.8706796169281006
4.1343042850494385
4.006256341934204
4.666959285736084
4.524349212646484
5.0623650550842285
4.466613292694092
4.453020095825195
4.198178291320801
4.207925796508789
4.123246908187866
4.337932825088501
4.241214752197266
4.379125118255615
4.146954536437988
4.395297288894653
4.179479122161865
4.480945110321045
4.118157386779785
4.387585401535034
4.23283314704895
4.331659555435181
4.185983657836914
4.38287615776062
4.161659240722656
4.306304693222046
4.111353158950806
4.527242422103882
4.400385856628418
6.607597589492798
4.770784378051758
5.084264755249023
4.880573511123657
5.3790247440338135
4.556454181671143
4.494683027267456
4.223388671875
