7.093255043029785
10.007120132446289
6.368698358535767
12.855108976364136
7.171785831451416
6.383687734603882
8.425445318222046
5.919822454452515
9.223830461502075
5.1248619556427
7.7075605392456055
6.69145655632019
5.622457981109619
7.630102157592773
5.4617698192596436
7.10707688331604
6.8775246143341064
7.265509605407715
6.19527792930603
6.34682297706604
6.563925743103027
5.029700756072998
5.0943803787231445
4.958877325057983
5.071732521057129
4.984500408172607
5.187267065048218
4.758792400360107
5.0653910636901855
5.120659828186035
6.123213052749634
6.491758346557617
6.134078502655029
6.134931802749634
5.586900949478149
5.644541501998901
6.17698860168457
6.621691465377808
6.274171352386475
6.042341232299805
6.18908429145813
6.4283013343811035
6.172774791717529
6.734001636505127
6.358317852020264
6.452855587005615
6.375235557556152
6.9920477867126465
6.287431478500366
7.647254705429077
6.56712794303894
6.392632961273193
6.682454824447632
6.79846978187561
6.8839521408081055
5.842883586883545
6.754292964935303
5.451133728027344
6.6444292068481445
7.413664817810059
6.502342224121094
5.915363788604736
8.070140600204468
5.778058290481567
5.834081649780273
6.212947130203247
5.923311233520508
6.432461738586426
6.873128175735474
6.484825134277344
6.24685525894165
5.711442947387695
7.065303087234497
7.007904052734375
8.432154655456543
6.309708595275879
6.6271867752075195
6.215628385543823
5.731458902359009
6.3458311557769775
6.060454607009888
5.803922653198242
5.8990161418914795
6.933351516723633
5.050725698471069
7.579950332641602
5.81574559211731
6.427637338638306
5.675719738006592
6.409613847732544
6.760117530822754
6.971829414367676
5.014132738113403
7.059353351593018
6.3729472160339355
7.49608039855957
4.8466856479644775
8.746579647064209
5.054147958755493
7.026552200317383
6.474173307418823
5.690982818603516
7.1720194816589355
4.714243412017822
8.22705602645874
5.044715166091919
7.376913070678711
6.606777906417847
6.031530380249023
7.371602535247803
5.665670871734619
6.503293514251709
5.754619598388672
6.8779075145721436
5.26301383972168
6.7072227001190186
5.603159189224243
6.137722492218018
4.9157750606536865
8.181830883026123
4.762816667556763
7.237931251525879
5.348957777023315
5.849910020828247
5.509718418121338
7.040311574935913
5.298235893249512
6.127770662307739
6.910677909851074
6.963099002838135
5.354005813598633
7.263647079467773
5.23728084564209
7.369330167770386
7.007456541061401
6.8476667404174805
7.038774728775024
6.283515930175781
9.656842470169067
4.834984540939331
