0.007071495056152344
0.005982637405395508
0.0040018558502197266
0.005005598068237305
0.011984825134277344
0.0069997310638427734
0.008959293365478516
0.012002706527709961
0.008000850677490234
0.020006418228149414
0.011004447937011719
0.004004001617431641
0.004994630813598633
0.00601649284362793
0.0050106048583984375
0.00800466537475586
0.006998538970947266
0.007004261016845703
0.01000070571899414
0.011998414993286133
0.009978055953979492
0.01134634017944336
0.009996891021728516
0.013002872467041016
0.010935306549072266
0.01600337028503418
0.017003536224365234
0.009002685546875
0.006007671356201172
0.008983135223388672
0.008002758026123047
0.0070018768310546875
0.011039495468139648
0.01600027084350586
0.006001710891723633
0.012994527816772461
0.006993770599365234
0.00900125503540039
0.01400303840637207
0.007008790969848633
0.008001565933227539
0.013005733489990234
0.009598731994628906
0.017017602920532227
0.016007184982299805
0.009995222091674805
0.007004261016845703
0.012562274932861328
0.017004728317260742
0.009021520614624023
0.010996341705322266
0.016002893447875977
0.018001079559326172
0.01701068878173828
0.013009786605834961
0.012000560760498047
0.020007848739624023
0.01300191879272461
0.011003255844116211
0.012997627258300781
0.012004613876342773
0.01100015640258789
0.011003494262695312
0.012002229690551758
0.012004852294921875
0.014002084732055664
0.013997554779052734
0.01300501823425293
0.011003255844116211
0.012999534606933594
0.012540578842163086
0.010997772216796875
0.014016389846801758
0.011002302169799805
0.011003732681274414
0.013004541397094727
0.02100229263305664
0.010994434356689453
0.012002706527709961
0.016652345657348633
0.011989831924438477
0.013995885848999023
0.012665271759033203
0.015001058578491211
0.014996528625488281
0.021998167037963867
0.025000572204589844
0.02576470375061035
0.029550790786743164
0.013982057571411133
0.01899099349975586
0.015993833541870117
0.015010833740234375
0.016004562377929688
0.018010377883911133
0.029607534408569336
0.017004966735839844
0.014998912811279297
0.01600480079650879
0.028003454208374023
0.019992589950561523
0.022020339965820312
0.035006046295166016
0.01953911781311035
0.020998477935791016
0.018999338150024414
0.022270679473876953
0.01600360870361328
0.03101825714111328
0.03659677505493164
0.024006366729736328
0.02090287208557129
0.018014907836914062
0.018004179000854492
0.019004106521606445
0.038004398345947266
0.03198981285095215
0.023011207580566406
0.02200174331665039
0.04154634475708008
0.04714536666870117
0.021012544631958008
0.0200042724609375
0.020377635955810547
0.020000934600830078
0.021996021270751953
0.02665233612060547
0.036015987396240234
0.01700305938720703
0.01899576187133789
0.023064374923706055
0.022005319595336914
0.025998830795288086
0.02202010154724121
0.022005796432495117
0.02800726890563965
0.038013458251953125
0.038002729415893555
0.04301023483276367
0.019992828369140625
0.020532846450805664
0.025007963180541992
0.02400517463684082
0.04603123664855957
0.025048255920410156
0.019992828369140625
0.0448153018951416
0.02499866485595703
