0.0010018348693847656
0.004000663757324219
0.003000020980834961
0.005995988845825195
0.003247499465942383
0.002002716064453125
0.009999275207519531
0.005005359649658203
0.010999679565429688
0.0029833316802978516
0.006002902984619141
0.003000497817993164
0.0030014514923095703
0.012000799179077148
0.0030024051666259766
0.002997159957885742
0.0030028820037841797
0.00800013542175293
0.0029938220977783203
0.008000850677490234
0.003999471664428711
0.003931760787963867
0.012120485305786133
0.00400090217590332
0.020001888275146484
0.0030007362365722656
0.0020008087158203125
0.003000974655151367
0.0030019283294677734
0.0030014514923095703
0.0070018768310546875
0.0069882869720458984
0.005003690719604492
0.005524873733520508
0.005653858184814453
0.0070035457611083984
0.006000518798828125
0.005786418914794922
0.004997730255126953
0.00500178337097168
0.006004810333251953
0.0050008296966552734
0.006001472473144531
0.005002021789550781
0.0060155391693115234
0.010003089904785156
0.006001710891723633
0.00600886344909668
0.0070018768310546875
0.008996725082397461
0.006992340087890625
0.008002042770385742
0.009547948837280273
0.03577256202697754
0.013005256652832031
0.04001784324645996
0.007989168167114258
0.009002447128295898
0.008001565933227539
0.008002758026123047
0.008787870407104492
0.009003639221191406
0.009993553161621094
0.010004043579101562
0.01100468635559082
0.009003877639770508
0.011004209518432617
0.013002872467041016
0.011546611785888672
0.012003183364868164
0.01255035400390625
0.12790131568908691
0.08001852035522461
0.014002323150634766
0.01200556755065918
0.013001680374145508
0.01700305938720703
0.016002893447875977
0.01300191879272461
0.016002178192138672
0.01500391960144043
0.013921737670898438
0.10232996940612793
0.12340164184570312
0.019858121871948242
0.028003692626953125
0.016002655029296875
0.015003204345703125
0.017006397247314453
0.018003225326538086
0.014136791229248047
0.01401066780090332
0.020994186401367188
0.014999151229858398
0.023047924041748047
0.02420949935913086
0.025559663772583008
0.019456148147583008
0.022001981735229492
0.017002582550048828
0.023005247116088867
0.02700519561767578
0.042002201080322266
0.04191303253173828
0.06301236152648926
0.019003868103027344
0.019006013870239258
0.015529394149780273
0.02400684356689453
0.017137765884399414
0.019004106521606445
0.018007516860961914
0.021004438400268555
0.017000675201416016
0.031025171279907227
0.019004106521606445
0.022003650665283203
0.01799464225769043
0.036124229431152344
0.01900482177734375
0.017014503479003906
0.019558429718017578
0.020005226135253906
0.030597925186157227
0.03500652313232422
0.02200603485107422
0.023003578186035156
0.021004915237426758
0.024006366729736328
0.021007299423217773
0.02000284194946289
0.024994850158691406
0.03700613975524902
0.03701281547546387
0.02400064468383789
0.03653717041015625
0.040012359619140625
0.023003578186035156
0.022003173828125
0.02099752426147461
0.02601313591003418
0.024013280868530273
0.021142005920410156
0.022011518478393555
0.04434943199157715
0.03799867630004883
0.026058197021484375
0.024444580078125
0.023988723754882812
