0.0009968280792236328
0.0030012130737304688
0.002984285354614258
0.0019991397857666016
0.002005338668823242
0.0030014514923095703
0.0030014514923095703
0.0019981861114501953
0.0072171688079833984
0.0019948482513427734
0.005999326705932617
0.001986980438232422
0.006001949310302734
0.002984762191772461
0.005001544952392578
0.0030074119567871094
0.002000570297241211
0.00400996208190918
0.0050046443939208984
0.0029954910278320312
0.0020029544830322266
0.004417896270751953
0.002011537551879883
0.00600743293762207
0.0040073394775390625
0.007001638412475586
0.0029947757720947266
0.0066721439361572266
0.005005359649658203
0.004004955291748047
0.009000062942504883
0.004002094268798828
0.008003950119018555
0.004004001617431641
0.00800466537475586
0.006000518798828125
0.009000301361083984
0.0060062408447265625
0.009996891021728516
0.0059986114501953125
0.005999088287353516
0.009997367858886719
0.0075702667236328125
0.010000228881835938
0.005989551544189453
0.010001659393310547
0.0059833526611328125
0.011998414993286133
0.006566762924194336
0.008575439453125
0.015005111694335938
0.006997346878051758
0.007995128631591797
0.012991189956665039
0.00856161117553711
0.011002779006958008
0.008987665176391602
0.008008241653442383
0.02034759521484375
0.010001182556152344
0.01600790023803711
0.008995532989501953
0.009004354476928711
0.009595394134521484
0.011001110076904297
0.01000356674194336
0.01200246810913086
0.010000944137573242
0.010645627975463867
0.014003515243530273
0.012004852294921875
0.011536359786987305
0.010003089904785156
0.010004520416259766
0.011000633239746094
0.01200723648071289
0.0110015869140625
0.011998891830444336
0.011003732681274414
0.01100301742553711
0.01600503921508789
0.013988733291625977
0.012989044189453125
0.015003681182861328
0.013985157012939453
0.012017250061035156
0.013004302978515625
0.013003110885620117
0.011996269226074219
0.016022682189941406
0.017983436584472656
0.016002893447875977
0.01500248908996582
0.01600503921508789
0.014003276824951172
0.015002012252807617
0.01900506019592285
0.015002012252807617
0.015002965927124023
0.01700448989868164
0.018004894256591797
0.018003463745117188
0.02100372314453125
0.019005298614501953
0.0181429386138916
0.020223379135131836
0.017006635665893555
0.016003131866455078
0.018427133560180664
0.01731276512145996
0.01856517791748047
0.01800084114074707
0.01900339126586914
0.019298553466796875
0.02298760414123535
0.025006771087646484
0.01901102066040039
0.021004676818847656
0.020990610122680664
0.024992942810058594
0.02400660514831543
0.021018028259277344
0.024006128311157227
0.020999908447265625
0.022001028060913086
0.021707534790039062
0.021993398666381836
0.022006750106811523
0.02700519561767578
0.02200460433959961
0.02401256561279297
0.02205038070678711
0.023004531860351562
0.02754378318786621
0.023041963577270508
0.02400660514831543
0.030016422271728516
0.024578571319580078
0.026004314422607422
0.02402019500732422
0.024013757705688477
0.029007911682128906
0.024992704391479492
0.025005578994750977
0.029006481170654297
0.027004480361938477
0.026007413864135742
0.025007009506225586
0.025004863739013672
0.026005983352661133
0.025013446807861328
0.026004552841186523
0.024557113647460938
0.028006315231323242
0.028009653091430664
0.028610706329345703
0.03300738334655762
0.03200793266296387
0.028008460998535156
0.029000282287597656
0.02953481674194336
0.029656171798706055
0.03008294105529785
0.03200721740722656
0.03200888633728027
0.02800583839416504
0.03200817108154297
0.03200721740722656
0.028993606567382812
0.10102009773254395
0.03800654411315918
0.03700709342956543
0.030571699142456055
0.03562521934509277
0.033739566802978516
0.03300786018371582
0.03457069396972656
