0.009532690048217773
0.012002706527709961
0.010002851486206055
4.72720193862915
0.006000995635986328
0.012005090713500977
0.00600433349609375
0.009299993515014648
0.008002758026123047
0.007115602493286133
0.010004520416259766
0.006001949310302734
0.009000539779663086
0.008031845092773438
0.00700688362121582
0.006003141403198242
0.009988784790039062
0.007037162780761719
0.013003349304199219
0.0478978157043457
0.008999824523925781
0.009000539779663086
0.007984638214111328
0.00800323486328125
0.007004976272583008
0.009001731872558594
0.008009672164916992
0.00858163833618164
0.008001565933227539
0.009006261825561523
0.014001131057739258
0.015003442764282227
0.007002830505371094
0.009004592895507812
0.011581659317016602
0.020001888275146484
0.008002996444702148
0.012004375457763672
0.006997346878051758
0.029003143310546875
0.016008377075195312
0.011006593704223633
0.009002208709716797
0.010003089904785156
0.011003732681274414
0.01474452018737793
0.013002395629882812
0.011970043182373047
0.012001752853393555
0.2980644702911377
0.018893003463745117
0.012003421783447266
0.03400731086730957
0.012003898620605469
0.012630939483642578
0.01230311393737793
0.013004302978515625
0.012992382049560547
0.015004158020019531
0.011001825332641602
0.020882606506347656
0.02300715446472168
0.017821550369262695
0.01201629638671875
0.016005992889404297
0.01600170135498047
0.017496109008789062
0.01800251007080078
0.013293743133544922
0.016997337341308594
0.014002084732055664
0.014013528823852539
0.01600480079650879
0.31240177154541016
0.017004013061523438
0.03300213813781738
0.022732973098754883
0.020020723342895508
0.014003276824951172
0.019006013870239258
0.015002727508544922
0.01641058921813965
0.01900196075439453
0.029601573944091797
0.015597105026245117
0.021001815795898438
0.03001117706298828
0.015003442764282227
0.029005765914916992
0.017002344131469727
0.03500175476074219
0.019997119903564453
0.01700282096862793
0.01800823211669922
0.03200793266296387
0.021001815795898438
0.020003557205200195
0.026005029678344727
0.021990060806274414
0.04701495170593262
0.024015188217163086
0.03900408744812012
0.022557497024536133
0.022991180419921875
0.022002220153808594
0.039125680923461914
0.018010377883911133
0.0350034236907959
0.01700448989868164
0.031339406967163086
0.017001867294311523
0.0389256477355957
0.017992258071899414
0.03314566612243652
0.016996383666992188
0.0300137996673584
0.021576881408691406
0.01745462417602539
0.017011165618896484
0.01999640464782715
0.02201533317565918
0.02755284309387207
0.01799607276916504
0.029010534286499023
0.0219879150390625
0.019004344940185547
0.037004947662353516
0.018004417419433594
0.020518779754638672
0.027006864547729492
0.02074289321899414
0.04074239730834961
0.0239870548248291
0.033003807067871094
0.02301502227783203
0.035805702209472656
0.020006895065307617
0.03900933265686035
0.024999141693115234
0.02109241485595703
