0.5074231624603271
0.012006759643554688
0.010554313659667969
0.009998321533203125
0.028008222579956055
0.02000570297241211
0.02500009536743164
0.024005889892578125
0.02599787712097168
0.03514361381530762
0.03355574607849121
0.01100301742553711
0.011706829071044922
0.011997461318969727
0.010001182556152344
0.020006895065307617
0.025007009506225586
0.020012855529785156
0.02000904083251953
0.023081064224243164
0.026009082794189453
0.023337841033935547
0.02109837532043457
0.034009695053100586
0.03783440589904785
0.03125762939453125
0.03400874137878418
0.016028165817260742
0.013004064559936523
0.017987489700317383
0.013156652450561523
0.016980648040771484
0.02360987663269043
0.029007434844970703
0.013991117477416992
0.03300642967224121
0.01200246810913086
0.020020484924316406
0.03501605987548828
0.014003992080688477
0.022890329360961914
0.02699756622314453
0.012018680572509766
0.02515244483947754
0.020002365112304688
0.018000364303588867
0.011002779006958008
0.01700735092163086
0.015001296997070312
0.01099085807800293
0.019993066787719727
0.02878880500793457
0.028015851974487305
0.017009496688842773
0.014014482498168945
0.011002063751220703
0.02514171600341797
0.019002437591552734
0.014020919799804688
0.014015436172485352
0.015002965927124023
0.019005298614501953
0.01700305938720703
0.015002727508544922
0.015003442764282227
0.01900768280029297
0.01199483871459961
0.013002872467041016
0.013004064559936523
0.01200246810913086
0.013993024826049805
0.016114234924316406
0.019007205963134766
0.01456904411315918
0.014002799987792969
0.014001846313476562
0.02200484275817871
0.011987447738647461
0.015341758728027344
0.01499795913696289
0.016004085540771484
0.011001110076904297
0.01900458335876465
0.026011943817138672
0.01700305938720703
0.017409801483154297
0.042999982833862305
0.04601645469665527
0.04700922966003418
0.017011642456054688
0.013013839721679688
0.01655435562133789
0.021503925323486328
0.018004894256591797
0.017563581466674805
0.04418134689331055
0.010994434356689453
0.011996746063232422
0.013003349304199219
0.0363316535949707
0.017001867294311523
0.021003246307373047
0.020055055618286133
0.015002727508544922
0.016002655029296875
0.0160067081451416
0.010581731796264648
0.009989500045776367
0.020998716354370117
0.021871089935302734
0.017998695373535156
0.010001420974731445
0.015994787216186523
0.016008615493774414
0.010002851486206055
0.012990713119506836
0.01699995994567871
0.014006376266479492
0.013075828552246094
0.020014286041259766
0.03507208824157715
0.013007640838623047
0.01200723648071289
0.010993480682373047
0.01002955436706543
0.015002727508544922
0.015003681182861328
0.024999380111694336
0.014005661010742188
0.013003110885620117
0.010003805160522461
0.014011144638061523
0.015003681182861328
0.014002323150634766
0.019812822341918945
0.0250093936920166
0.019006729125976562
0.022963523864746094
0.03200650215148926
0.013988971710205078
0.013001203536987305
0.014007568359375
0.01500558853149414
0.030002117156982422
0.012012958526611328
0.015003442764282227
0.0260159969329834
0.015010833740234375
