0.553614616394043
0.019576072692871094
0.011996030807495117
0.028023481369018555
0.013978004455566406
0.013002395629882812
0.02301025390625
0.023001432418823242
0.02500295639038086
0.01500248908996582
0.026000499725341797
0.012003183364868164
0.014004707336425781
0.024005651473999023
0.011960029602050781
0.01699995994567871
0.0160064697265625
0.03305244445800781
0.012013435363769531
0.027006864547729492
0.015006065368652344
0.014655590057373047
0.03200936317443848
0.013573884963989258
0.025005102157592773
0.016004323959350586
0.014008760452270508
0.012012243270874023
0.011002540588378906
0.01824784278869629
0.010561466217041016
0.012543439865112305
0.011008501052856445
0.011002302169799805
0.01302647590637207
0.016003847122192383
0.01700448989868164
0.011004447937011719
0.010196208953857422
0.012002706527709961
0.009985685348510742
0.011003732681274414
0.010002374649047852
0.011002779006958008
0.00999593734741211
0.014005661010742188
0.010338783264160156
0.010016441345214844
0.010008096694946289
0.009065866470336914
0.017003774642944336
0.010989665985107422
0.011054039001464844
0.020076513290405273
0.014003276824951172
0.028006315231323242
0.014999866485595703
0.016004085540771484
0.01062464714050293
0.01100301742553711
0.011292695999145508
0.017005205154418945
0.012000322341918945
0.010004281997680664
0.01701641082763672
0.01554107666015625
0.011981964111328125
0.018004179000854492
0.015004873275756836
0.013004779815673828
0.014002799987792969
0.15658354759216309
0.015876054763793945
0.01654052734375
0.024011850357055664
0.015003204345703125
0.029005050659179688
0.020003795623779297
0.015003681182861328
0.013002872467041016
0.012995004653930664
0.00999903678894043
0.056012630462646484
0.012002706527709961
0.028064489364624023
0.024383544921875
0.013004064559936523
0.012013435363769531
0.01800537109375
0.017000913619995117
0.010016918182373047
0.012021303176879883
0.031002521514892578
0.01700139045715332
0.031004905700683594
0.026009798049926758
0.021006345748901367
0.01600360870361328
0.017003536224365234
0.017534971237182617
0.041838884353637695
0.027005434036254883
0.0160067081451416
0.046677589416503906
0.034006595611572266
0.014004945755004883
0.017998456954956055
0.01299142837524414
0.02100396156311035
0.011002540588378906
0.014002799987792969
0.010009050369262695
0.014000415802001953
0.012006044387817383
0.019004106521606445
0.011127948760986328
0.014003753662109375
0.011003494262695312
0.023007631301879883
0.011007308959960938
0.012767791748046875
0.013003349304199219
0.014010190963745117
0.024199247360229492
0.024002790451049805
0.016002893447875977
0.014900445938110352
0.015006065368652344
0.014004945755004883
0.014986038208007812
0.015590190887451172
0.015002250671386719
0.02505636215209961
0.022007465362548828
0.010002851486206055
0.031023025512695312
0.02000904083251953
0.014001846313476562
0.01400446891784668
0.015003204345703125
0.012005805969238281
0.011003494262695312
0.010000944137573242
0.010999917984008789
0.018003225326538086
0.017002344131469727
0.010013580322265625
0.009013652801513672
0.011008501052856445
