5.484079122543335
8.894145965576172
5.018630266189575
6.752688884735107
9.079001903533936
4.967042446136475
6.424101829528809
10.8183012008667
5.4596779346466064
5.7183144092559814
7.15352725982666
7.989946365356445
6.059945106506348
10.467225074768066
9.185128927230835
6.622647047042847
5.047226190567017
9.171817541122437
6.313520908355713
6.754931449890137
9.864813804626465
5.092223405838013
10.078630208969116
6.75527811050415
6.002780199050903
5.028656959533691
4.552743196487427
5.866490840911865
4.551025152206421
5.432511329650879
5.214536666870117
4.527659177780151
4.72136116027832
4.701917886734009
4.320693016052246
4.661738634109497
4.616135835647583
4.368483781814575
4.067491054534912
4.498868465423584
3.9911298751831055
4.278398036956787
4.366993188858032
4.297636985778809
4.028388977050781
4.668605327606201
4.067674160003662
4.195125341415405
3.8754091262817383
4.100941896438599
4.109950065612793
4.558905363082886
4.186249732971191
5.651261568069458
5.23415470123291
5.106245517730713
5.3086419105529785
4.713735580444336
4.0887534618377686
4.233720302581787
4.415159702301025
4.47464656829834
4.050642967224121
4.405239582061768
6.06439208984375
5.205356597900391
4.890514135360718
6.010452747344971
4.788688898086548
6.3931334018707275
5.076450824737549
6.077125787734985
6.160211086273193
5.607614994049072
5.362114906311035
6.866109132766724
5.704848766326904
6.512931823730469
6.371091842651367
6.77504301071167
5.566076993942261
7.139863729476929
6.382140636444092
6.480227470397949
7.0880186557769775
6.592076539993286
5.854228258132935
6.094879627227783
5.776946306228638
6.347452163696289
5.748457670211792
5.752887964248657
5.76568078994751
6.1674885749816895
5.306715250015259
5.799434185028076
6.012369871139526
6.667677879333496
7.082802772521973
7.418891191482544
7.34393310546875
7.638299942016602
6.367977619171143
7.4309468269348145
8.794138669967651
7.203693866729736
6.6586689949035645
5.880429267883301
6.4370386600494385
5.489270925521851
6.313149690628052
5.629854440689087
5.992738723754883
5.707638502120972
6.128256797790527
5.669953107833862
6.663477420806885
5.825133323669434
6.15161657333374
5.8642072677612305
5.538836717605591
7.036095857620239
5.602072238922119
6.351212978363037
6.406590700149536
6.305172920227051
6.110057830810547
6.630691289901733
6.317494630813599
6.1267383098602295
5.840660095214844
5.508702278137207
5.995206117630005
6.391964435577393
5.649408578872681
6.401073932647705
6.029517412185669
6.398640871047974
5.847198247909546
5.843883275985718
5.997647047042847
6.307088136672974
6.021643161773682
6.1743035316467285
6.3580121994018555
6.259702682495117
5.714492321014404
6.283107280731201
5.528360843658447
