6.2473413944244385
9.846097946166992
6.147640228271484
8.023720502853394
7.071637392044067
6.191650629043579
8.318432331085205
5.75397801399231
9.06344723701477
5.022564649581909
7.522363185882568
6.5978922843933105
5.453419208526611
7.519911766052246
5.324651002883911
6.986407041549683
6.7234907150268555
7.163241147994995
6.001555681228638
6.190282344818115
6.4488866329193115
4.922139406204224
4.987362861633301
4.850323915481567
4.9717113971710205
4.866151809692383
5.080693960189819
4.643341779708862
4.957843780517578
4.995356798171997
5.99714469909668
6.35784125328064
6.023525238037109
6.005871057510376
5.407283306121826
5.421794414520264
6.074966907501221
6.479394197463989
6.1801488399505615
5.858145236968994
6.010325908660889
6.304047346115112
6.06567645072937
6.621002674102783
6.252294301986694
6.319083213806152
6.258591651916504
6.881176948547363
6.08121395111084
7.190152645111084
6.389622449874878
6.279111862182617
6.448833465576172
6.683902025222778
6.770267724990845
5.726555347442627
6.637194871902466
5.33804726600647
6.526225328445435
7.3036394119262695
6.317420482635498
5.6993043422698975
7.923289060592651
5.668240785598755
5.709990978240967
6.063918828964233
5.766580820083618
6.263401746749878
6.761301755905151
6.362149238586426
6.120748043060303
5.593403577804565
6.931153774261475
6.5304646492004395
8.295414686203003
6.096127033233643
6.468745946884155
6.089588165283203
5.62543511390686
6.227156400680542
5.948407888412476
5.687878608703613
5.790414810180664
6.763875722885132
4.942436218261719
7.457209825515747
5.610732793807983
6.314385652542114
5.4825639724731445
6.303331136703491
6.556143760681152
6.846981048583984
4.90546178817749
6.955737113952637
6.155661582946777
7.380995512008667
4.736668348312378
8.584920644760132
4.942123174667358
6.804869174957275
6.358619928359985
5.489933729171753
7.060457229614258
4.6042187213897705
8.110014915466309
4.81156849861145
7.266871690750122
6.384734630584717
5.917503595352173
7.170147180557251
5.562419891357422
6.293967962265015
5.646604776382446
6.684203147888184
5.159641265869141
6.5170063972473145
5.476953983306885
6.024860382080078
4.7937235832214355
8.064650297164917
4.6472461223602295
7.076346158981323
5.244999408721924
5.674605131149292
5.392077922821045
6.9297566413879395
5.0723395347595215
6.012714147567749
6.797914981842041
6.794768333435059
5.228507995605469
7.092878818511963
5.1292548179626465
7.171908140182495
6.8953022956848145
6.656961917877197
6.925230979919434
6.043622970581055
9.53983187675476
4.721237897872925
