5.969045162200928
6.923219442367554
5.493697881698608
5.909580230712891
6.279204845428467
6.60027003288269
5.941951513290405
6.296126127243042
6.056042432785034
6.484622001647949
6.362379312515259
5.343020439147949
6.36394476890564
6.7324912548065186
6.8338916301727295
6.148709774017334
5.714385747909546
5.119494438171387
6.506156921386719
5.552011728286743
5.697619915008545
6.8209919929504395
6.72430944442749
5.7211127281188965
6.391800403594971
6.901329278945923
8.944750308990479
6.25089430809021
6.784801959991455
6.6338889598846436
6.538450479507446
6.599250793457031
7.274975299835205
5.4208009243011475
6.993870973587036
7.302860260009766
5.488723039627075
7.629313707351685
5.029220819473267
7.309025764465332
7.962645530700684
5.676452875137329
7.2795703411102295
6.311471223831177
6.3417439460754395
5.8917951583862305
7.213754653930664
6.226112365722656
5.974014043807983
6.17764687538147
6.922296524047852
6.73356556892395
5.815296649932861
6.027549505233765
7.292400598526001
6.78982138633728
6.2871270179748535
5.904332399368286
6.619850158691406
4.731518268585205
4.960584878921509
4.577322483062744
4.777042627334595
4.622657060623169
4.778427600860596
4.7740256786346436
5.023921489715576
4.668805360794067
4.940958261489868
4.751154899597168
4.990828514099121
4.915123701095581
5.289557695388794
4.771424770355225
5.183488845825195
4.9403345584869385
5.030264854431152
4.990219354629517
5.48792028427124
5.1130757331848145
5.638499021530151
5.139191389083862
5.342004776000977
5.648751258850098
5.448048114776611
4.710855722427368
5.567082405090332
5.3109822273254395
5.8006415367126465
5.393434286117554
5.983934640884399
5.024211168289185
5.93394136428833
5.759057521820068
5.443220376968384
5.5305845737457275
6.325757026672363
5.300314903259277
5.577250242233276
6.099482774734497
5.4695143699646
6.449208736419678
5.411690711975098
5.869174003601074
5.6164305210113525
6.014226675033569
6.7123863697052
5.599702596664429
6.221447706222534
6.071645975112915
5.782099962234497
6.017018556594849
5.836143970489502
5.60942006111145
6.111225843429565
5.26706600189209
6.657825231552124
5.897631406784058
6.265558481216431
5.683431386947632
5.85587215423584
5.265084743499756
6.000746488571167
6.0043017864227295
6.2985711097717285
5.9872376918792725
6.0668675899505615
5.103846311569214
5.672058820724487
6.045109748840332
5.98400092124939
6.074435234069824
6.505537748336792
5.585799932479858
6.1133131980896
5.761188268661499
5.785999536514282
5.466763496398926
6.138322591781616
5.745493650436401
6.276994705200195
6.729676961898804
6.9504594802856445
5.523841142654419
6.673210859298706
7.323446273803711
5.2641541957855225
7.021492958068848
