6.707081079483032
5.142471551895142
7.65833592414856
4.490200519561768
7.689655780792236
4.554328441619873
7.854970216751099
4.741929292678833
7.287464380264282
4.908474922180176
6.633673667907715
5.409661293029785
6.942019939422607
5.492627859115601
6.6282854080200195
5.39798903465271
6.319287538528442
5.558420658111572
5.443282842636108
6.817030906677246
6.720248460769653
5.132574796676636
6.665466070175171
5.766276836395264
6.10660195350647
6.732171297073364
5.381036758422852
6.531982898712158
5.481044769287109
7.089649438858032
5.271456718444824
7.491418838500977
5.906844854354858
6.495047569274902
5.682806968688965
5.8764379024505615
7.535263776779175
5.250185966491699
5.2191002368927
6.040522336959839
7.061507225036621
4.695357322692871
7.098584890365601
5.985647439956665
6.036924839019775
7.402080059051514
5.322130441665649
6.742061376571655
5.152391672134399
8.784054517745972
4.7093470096588135
8.451925039291382
4.597518682479858
8.360814332962036
5.039292335510254
7.150294065475464
6.988816738128662
4.762178182601929
8.608911275863647
4.930472373962402
7.161237955093384
7.365140914916992
4.590580224990845
5.343966245651245
4.547724723815918
4.651190519332886
4.581957817077637
4.813528537750244
4.078211069107056
4.670241594314575
4.469833850860596
4.600709915161133
4.414571285247803
4.437574625015259
4.043922185897827
4.556955099105835
4.094018936157227
4.248552322387695
4.041504144668579
4.5761048793792725
4.318669557571411
4.651170492172241
4.217677116394043
4.417234659194946
4.523364543914795
4.501994609832764
4.295548677444458
4.279418230056763
3.9511325359344482
4.152616500854492
3.970136880874634
4.566377639770508
3.902982234954834
4.242209434509277
4.284488916397095
4.204732179641724
4.125744104385376
4.359408855438232
3.858499526977539
4.195176362991333
4.116001605987549
4.403585910797119
4.510654449462891
4.995181083679199
3.9770846366882324
4.262405872344971
3.9567337036132812
4.176994323730469
4.1329333782196045
4.430835485458374
4.1456968784332275
4.431960582733154
4.031374931335449
3.999516248703003
3.958672046661377
4.122532367706299
3.844695806503296
4.191489934921265
4.041448354721069
4.115504741668701
4.0321009159088135
4.168268442153931
4.124739408493042
4.161847114562988
4.067389488220215
4.084792613983154
4.012889862060547
4.3778440952301025
3.8449690341949463
4.472258567810059
3.980808973312378
4.106152772903442
4.351227521896362
4.42104434967041
3.851377248764038
4.040271520614624
4.0108802318573
4.253177165985107
4.066429376602173
4.206670522689819
3.766767740249634
4.021192789077759
3.903250217437744
4.5649449825286865
4.414393186569214
4.945339918136597
4.349587440490723
4.341994285583496
4.0827317237854
4.101354360580444
4.019410848617554
4.2297680377960205
4.134084701538086
4.26665186882019
4.034702301025391
4.2876691818237305
4.059341669082642
4.357733488082886
4.0118982791900635
4.277997255325317
4.11628270149231
4.214452743530273
4.077162265777588
4.26658821105957
4.051565408706665
4.19673752784729
3.9960708618164062
4.395254850387573
4.288052797317505
6.3388049602508545
4.6307713985443115
4.923226356506348
4.765980958938599
5.260753154754639
4.437148094177246
4.370121955871582
4.103128433227539
