0.6215243339538574
0.016162633895874023
0.016024351119995117
0.013002872467041016
0.014009237289428711
0.01809072494506836
0.010016918182373047
0.01455998420715332
0.031010866165161133
0.014022111892700195
0.01700878143310547
0.014997243881225586
0.022986412048339844
0.010007858276367188
0.02300405502319336
0.010518789291381836
0.01801443099975586
0.022004127502441406
0.017004728317260742
0.01798868179321289
0.016524314880371094
0.02400064468383789
0.012002944946289062
0.023001909255981445
0.011016130447387695
0.030003070831298828
0.01600337028503418
0.030007362365722656
0.013999700546264648
0.014019489288330078
0.03800702095031738
0.015996932983398438
0.029546260833740234
0.013010025024414062
0.028000593185424805
0.011535167694091797
0.021991729736328125
0.011089324951171875
0.021010160446166992
0.014022588729858398
0.012002944946289062
0.03500556945800781
0.014378786087036133
0.01700592041015625
0.011982202529907227
0.026003122329711914
0.009988784790039062
0.022016525268554688
0.012720346450805664
0.011548757553100586
0.0335240364074707
0.010020732879638672
0.011008024215698242
0.028008460998535156
0.013022661209106445
0.02200007438659668
0.012002706527709961
0.011002063751220703
0.023029327392578125
0.015003442764282227
0.0250091552734375
0.012988567352294922
0.011561393737792969
0.01100015640258789
0.009995460510253906
0.01400899887084961
0.013004779815673828
0.013510942459106445
0.011608600616455078
0.01531529426574707
0.010997295379638672
0.015453100204467773
0.016004323959350586
0.014004945755004883
0.010837316513061523
0.01108551025390625
0.011934041976928711
0.010258197784423828
0.015020608901977539
0.010005950927734375
0.011001348495483398
0.010020732879638672
0.01000213623046875
0.011001825332641602
0.011026859283447266
0.010005474090576172
0.009012222290039062
0.011003732681274414
0.009983301162719727
0.02202296257019043
0.011004924774169922
0.011001348495483398
0.008983135223388672
0.011000871658325195
0.013002872467041016
0.009997844696044922
0.009002208709716797
0.010003805160522461
0.011001110076904297
0.01100301742553711
0.011004209518432617
0.014002561569213867
0.017353534698486328
0.011004924774169922
0.010022640228271484
0.011007547378540039
0.011001110076904297
0.010551214218139648
0.011002540588378906
0.011001348495483398
0.010040521621704102
0.012006998062133789
0.012004613876342773
0.0110015869140625
0.010015249252319336
0.010983705520629883
0.010007143020629883
0.011004924774169922
0.01000523567199707
0.0110015869140625
0.012001276016235352
0.010009765625
0.014002799987792969
0.010002613067626953
0.010538101196289062
0.010004043579101562
0.009995222091674805
0.010003328323364258
0.010015249252319336
0.009998559951782227
0.010010957717895508
0.011990547180175781
0.011002779006958008
0.012004613876342773
0.010013341903686523
0.011551141738891602
0.009020328521728516
0.010015010833740234
0.011986494064331055
0.009981870651245117
0.009553194046020508
0.01000523567199707
0.010998249053955078
0.010006904602050781
0.010006427764892578
0.013003110885620117
0.014002323150634766
0.015003204345703125
0.011002063751220703
0.0095672607421875
0.010206222534179688
0.010003328323364258
0.009986162185668945
0.010002613067626953
0.010015249252319336
0.010003089904785156
0.009007930755615234
0.009981870651245117
0.010009050369262695
0.013010263442993164
0.011002302169799805
0.014003276824951172
0.011001110076904297
0.0110015869140625
0.010010242462158203
0.010002613067626953
0.011002540588378906
0.015002965927124023
0.014999628067016602
0.040291786193847656
0.010991096496582031
0.020010709762573242
0.010020732879638672
0.01099538803100586
0.011014699935913086
0.010014057159423828
0.012666463851928711
