0.7183525562286377
0.022003173828125
0.029006481170654297
0.015003204345703125
0.017623424530029297
0.026998043060302734
0.016991615295410156
0.027008056640625
0.024000167846679688
0.012299060821533203
0.045052528381347656
0.011562824249267578
0.03401064872741699
0.02100348472595215
0.02200627326965332
0.017003536224365234
0.02400517463684082
0.01699042320251465
0.02868795394897461
0.016455888748168945
0.020006418228149414
0.014011144638061523
0.01799631118774414
0.020002365112304688
0.013006210327148438
0.017003774642944336
0.016003847122192383
0.019840717315673828
0.018002986907958984
0.018004655838012695
0.016004085540771484
0.020419597625732422
0.014531612396240234
0.023636817932128906
0.03500962257385254
0.025335311889648438
0.01400136947631836
0.026003360748291016
0.014002561569213867
0.026004791259765625
0.027718544006347656
0.020007610321044922
0.013002634048461914
0.014003515243530273
0.012003421783447266
0.01800060272216797
0.01700758934020996
0.01757502555847168
0.044997453689575195
0.03200840950012207
0.02300572395324707
0.021991968154907227
0.0209958553314209
0.011998891830444336
0.01900172233581543
0.01701974868774414
0.01700568199157715
0.018012523651123047
0.021003007888793945
0.02200770378112793
0.02300572395324707
0.026003122329711914
0.028008460998535156
0.021793603897094727
0.022011995315551758
0.02700638771057129
0.025007009506225586
0.0360105037689209
0.02051377296447754
0.015000343322753906
0.02100515365600586
0.020006418228149414
0.02200627326965332
0.03600478172302246
0.026004314422607422
0.04200625419616699
0.024021625518798828
0.015000581741333008
0.012015819549560547
0.02000284194946289
0.015004158020019531
0.01778864860534668
0.01098775863647461
0.02802252769470215
0.015006303787231445
0.021197795867919922
0.022003650665283203
0.017003536224365234
0.022007465362548828
0.011003732681274414
0.023006200790405273
0.015569686889648438
0.013006448745727539
0.012017965316772461
0.040008544921875
0.011552095413208008
0.012994050979614258
0.020006895065307617
0.015017509460449219
0.024992704391479492
0.010990619659423828
0.021024703979492188
0.01600050926208496
0.011005878448486328
0.01700448989868164
0.04088401794433594
0.011003971099853516
0.029011011123657227
0.017006635665893555
0.0320127010345459
0.011437416076660156
0.022997379302978516
0.011992931365966797
0.0361330509185791
0.01100301742553711
0.02720785140991211
0.017013072967529297
0.016004562377929688
0.01800537109375
0.01900005340576172
0.015001058578491211
0.023006677627563477
0.011002779006958008
0.02201104164123535
0.018004179000854492
0.013003826141357422
0.041013240814208984
0.012002706527709961
0.012051820755004883
0.02600240707397461
0.01600027084350586
0.020000457763671875
0.011001110076904297
0.025026559829711914
0.012003183364868164
0.02200031280517578
0.01798415184020996
0.04105806350708008
0.010987043380737305
0.01200246810913086
