12.331475973129272
13.209322929382324
10.921384572982788
13.052785634994507
13.230183124542236
13.364807367324829
13.740279197692871
14.76861310005188
11.745270490646362
13.055533409118652
15.083939790725708
12.999202013015747
13.89275598526001
16.462891817092896
15.520612239837646
11.075501918792725
13.470987319946289
18.81795048713684
13.902953624725342
13.627559900283813
16.98245668411255
13.410261631011963
15.365837574005127
17.88280963897705
11.989460468292236
16.50097894668579
12.283887147903442
17.244322538375854
11.820626735687256
12.653902292251587
10.594109535217285
13.111093282699585
12.607547044754028
12.058778285980225
12.210388660430908
12.865749835968018
12.289731979370117
12.69936490058899
14.233890771865845
13.037159204483032
13.503714323043823
14.813251495361328
12.534592151641846
15.448391675949097
14.851057767868042
12.723801374435425
14.161505222320557
16.531859397888184
11.209495306015015
14.23385500907898
17.37015962600708
14.560620546340942
14.729944229125977
16.07906985282898
10.533035516738892
12.667802810668945
12.074237823486328
13.073304176330566
11.203306436538696
14.573665380477905
12.785579919815063
11.756973266601562
14.64169716835022
13.385756015777588
13.917491436004639
13.612465381622314
