11.711568117141724
15.258995294570923
13.758133172988892
14.15287971496582
13.13698959350586
12.863125324249268
17.65082883834839
18.104968309402466
11.321216344833374
15.88320541381836
15.137695074081421
11.455398797988892
15.806810140609741
14.145735740661621
12.294771432876587
15.086288690567017
12.543399810791016
15.207935333251953
14.476839780807495
15.884805917739868
15.613512754440308
14.416486501693726
16.889825105667114
17.823858499526978
13.934689283370972
17.796897172927856
14.52485728263855
15.444483757019043
11.149785995483398
9.53061032295227
9.295969009399414
9.783794641494751
8.972757339477539
9.99037480354309
9.83764362335205
9.464040517807007
9.68685507774353
10.294688701629639
9.880347967147827
9.98861026763916
10.00283694267273
9.170060396194458
11.058297872543335
10.153983354568481
9.761274576187134
11.872012615203857
10.503070592880249
10.781174898147583
10.1500403881073
12.063271760940552
10.027422189712524
10.718713521957397
11.06318473815918
9.529555559158325
12.750409841537476
14.446139335632324
14.275221347808838
11.019213199615479
11.903462886810303
11.6395263671875
11.051366090774536
10.99603819847107
11.144044399261475
9.684983491897583
10.952333688735962
9.194844961166382
10.830218076705933
10.279146909713745
9.479779481887817
9.61524486541748
11.229567766189575
11.097513198852539
10.98168420791626
11.593698263168335
