13.445063352584839
12.13473916053772
14.645756006240845
14.994733333587646
14.735865116119385
14.87038516998291
17.4428608417511
15.403929948806763
15.242676973342896
12.462633848190308
14.686510801315308
15.759060859680176
16.636011362075806
11.662402153015137
15.619437456130981
14.054017305374146
13.072651147842407
18.250909090042114
11.56765103340149
11.756563425064087
17.77199649810791
13.403989315032959
13.802560567855835
11.712159872055054
16.992167949676514
12.571190595626831
13.352366209030151
9.4688720703125
9.023581743240356
9.132001638412476
9.501338958740234
8.912277221679688
9.24154257774353
10.067434072494507
9.493290185928345
9.660687446594238
10.163162231445312
9.558393955230713
9.802651166915894
10.03074026107788
9.934332370758057
10.06407356262207
10.387697458267212
9.894489049911499
10.042974948883057
10.865737915039062
10.176505327224731
10.222309350967407
10.631387948989868
10.676875829696655
9.807940483093262
10.949801206588745
11.634145498275757
10.773910522460938
12.49246072769165
10.404929876327515
11.27024221420288
11.147692441940308
11.292713642120361
12.007832050323486
12.686622142791748
11.5957612991333
11.526857376098633
11.587953567504883
11.903820514678955
12.030982732772827
12.278520822525024
12.108563661575317
12.22716999053955
10.941832304000854
18.368996381759644
11.969258069992065
13.579675436019897
12.92328691482544
