10.736883640289307
10.657499313354492
11.032872676849365
10.054985523223877
12.52119255065918
11.113298416137695
11.504422426223755
11.388010740280151
11.670197010040283
12.072097539901733
12.952690362930298
11.667854070663452
14.01261019706726
13.205780744552612
11.783741235733032
13.90627121925354
13.059036016464233
12.634200096130371
12.618008613586426
11.576530456542969
13.092333316802979
15.62753701210022
13.953544616699219
13.029402732849121
14.910253524780273
13.528372049331665
13.919446468353271
14.84654951095581
13.745383739471436
14.613954067230225
17.507675647735596
14.877438306808472
12.22926664352417
17.400186777114868
14.680447578430176
14.17826771736145
16.778866052627563
17.655625104904175
14.213495254516602
18.73360538482666
16.954887866973877
16.4390811920166
21.325107097625732
13.186271667480469
20.583407878875732
18.053711652755737
17.77613115310669
18.1515691280365
18.837522983551025
21.349526405334473
15.260670900344849
20.67194700241089
15.970688581466675
19.98997402191162
18.710344791412354
15.310537815093994
16.710906744003296
16.08695912361145
14.078618288040161
14.716763734817505
15.529631853103638
