0.001001596450805664
0.0
0.0009984970092773438
0.0010073184967041016
0.0009989738464355469
0.0010004043579101562
0.0
0.0009999275207519531
0.0020029544830322266
0.0010006427764892578
0.0010030269622802734
0.0013546943664550781
0.002000570297241211
0.002005338668823242
0.0009992122650146484
0.0010075569152832031
0.0010612010955810547
0.0009996891021728516
0.0020017623901367188
0.0010001659393310547
0.0009996891021728516
0.002000570297241211
0.0009987354278564453
0.003228425979614258
0.003000497817993164
0.0009987354278564453
0.002346515655517578
0.0030705928802490234
0.0015146732330322266
0.002001047134399414
0.003988742828369141
0.0019969940185546875
0.00299835205078125
0.001998424530029297
0.002008199691772461
0.0010001659393310547
0.001987934112548828
0.004003763198852539
0.003002166748046875
0.004000663757324219
0.0029952526092529297
0.003998994827270508
0.0039980411529541016
0.0029866695404052734
0.004004716873168945
0.0030083656311035156
0.006007194519042969
0.0030024051666259766
0.002725362777709961
0.00500798225402832
0.007997989654541016
0.002997875213623047
0.006788969039916992
0.004022359848022461
0.003081083297729492
0.0030007362365722656
0.010006904602050781
0.0095367431640625
0.003004789352416992
0.010059595108032227
0.004993915557861328
0.007961511611938477
0.007070302963256836
0.00600433349609375
0.007570743560791016
0.004469394683837891
