0.0
0.0
0.0
0.0009996891021728516
0.001001119613647461
0.001001596450805664
0.0010030269622802734
0.0009982585906982422
0.0010006427764892578
0.0
0.0010023117065429688
0.010002374649047852
0.002581357955932617
0.0009987354278564453
0.0010464191436767578
0.0020046234130859375
0.002003192901611328
0.0010013580322265625
0.0009953975677490234
0.0012085437774658203
0.003998756408691406
0.0019519329071044922
0.002001047134399414
0.003001689910888672
0.0020003318786621094
0.0019991397857666016
0.0019989013671875
0.006939888000488281
0.0030012130737304688
0.0010023117065429688
0.0020096302032470703
0.0030012130737304688
0.0009984970092773438
0.0020029544830322266
0.002978086471557617
0.0030002593994140625
0.0030024051666259766
0.0030260086059570312
0.0030028820037841797
0.0020058155059814453
0.0050048828125
0.004002571105957031
0.005000591278076172
0.005003690719604492
0.004001140594482422
0.005100727081298828
0.004002809524536133
0.006006002426147461
0.0055277347564697266
0.006999969482421875
0.003002643585205078
0.007001399993896484
0.004042625427246094
0.006001472473144531
0.004004478454589844
0.007001638412475586
0.0030024051666259766
0.005002021789550781
0.008003473281860352
0.006002902984619141
0.006002187728881836
