0.0010008811950683594
0.0010006427764892578
0.0019996166229248047
0.0030014514923095703
0.003000974655151367
0.0030014514923095703
0.0022211074829101562
0.002002239227294922
0.001999378204345703
0.004523754119873047
0.0040531158447265625
0.004000186920166016
0.0030426979064941406
0.0030002593994140625
0.005995750427246094
0.0029447078704833984
0.00500035285949707
0.004002809524536133
0.006002187728881836
0.0060007572174072266
0.0075359344482421875
0.00925135612487793
0.007001161575317383
0.0040013790130615234
0.008522987365722656
0.00718379020690918
0.003001689910888672
0.0039958953857421875
0.0030994415283203125
0.0040018558502197266
0.003022909164428711
0.004011631011962891
0.002998828887939453
0.003994464874267578
0.0029973983764648438
0.0030002593994140625
0.00500035285949707
0.0034275054931640625
0.0030012130737304688
0.00310516357421875
0.004002094268798828
0.003000974655151367
0.0040018558502197266
0.003248929977416992
0.00399327278137207
0.005001068115234375
0.005026340484619141
0.003998279571533203
0.004001140594482422
0.00400090217590332
0.005001068115234375
0.004010200500488281
0.004007577896118164
0.00500178337097168
0.010003089904785156
0.006002902984619141
0.007998466491699219
0.0063135623931884766
0.004687070846557617
0.005515575408935547
0.004037618637084961
0.00500035285949707
0.0050008296966552734
0.006001472473144531
0.0075168609619140625
0.006016731262207031
0.006132602691650391
0.005001544952392578
0.007002115249633789
0.004997968673706055
0.005520820617675781
0.008011579513549805
0.005994081497192383
0.005990505218505859
