0.0019989013671875
0.001999378204345703
0.0020003318786621094
0.0040035247802734375
0.00600123405456543
0.003108501434326172
0.0026655197143554688
0.004001140594482422
0.004958629608154297
0.00599980354309082
0.0030014514923095703
0.0027327537536621094
0.005752086639404297
0.007592201232910156
0.005624532699584961
0.0070002079010009766
0.0030007362365722656
0.004999637603759766
0.013996362686157227
0.00299835205078125
0.003000020980834961
0.012096166610717773
0.0070629119873046875
0.006967306137084961
0.004000425338745117
0.00599980354309082
0.003998994827270508
0.004004240036010742
0.004002809524536133
0.004004716873168945
0.005987405776977539
0.0038022994995117188
0.005007028579711914
0.011497020721435547
0.003515481948852539
0.0030012130737304688
0.005377531051635742
0.0060040950775146484
0.0030012130737304688
0.002998828887939453
0.008538246154785156
0.004999876022338867
0.013520002365112305
0.0036492347717285156
0.0050008296966552734
0.00500178337097168
0.005444049835205078
0.003000974655151367
0.006001710891723633
0.0040013790130615234
0.0040035247802734375
0.004002571105957031
0.005667209625244141
0.005002021789550781
0.007002592086791992
0.00900411605834961
0.0070018768310546875
0.008001565933227539
0.00653386116027832
0.010003805160522461
0.005547761917114258
0.00600123405456543
0.0056607723236083984
0.007998228073120117
0.014531135559082031
0.0050275325775146484
0.007947444915771484
0.006999492645263672
0.01133584976196289
0.013103246688842773
0.007002830505371094
0.010003089904785156
0.004994869232177734
0.006001710891723633
