0.020905494689941406
0.02291083335876465
0.026760339736938477
0.07024312019348145
0.04956531524658203
0.0250856876373291
0.09478998184204102
0.027518749237060547
0.02000570297241211
0.04561972618103027
0.07157254219055176
0.020034313201904297
0.028016328811645508
0.043161869049072266
0.042012691497802734
0.048026323318481445
0.055764198303222656
0.052018165588378906
0.052542686462402344
0.06696772575378418
0.04801583290100098
0.04820132255554199
0.04105877876281738
0.023700237274169922
0.06537270545959473
0.05601096153259277
0.029808998107910156
0.02811431884765625
0.026004314422607422
0.03152036666870117
0.017391681671142578
0.022303104400634766
0.023645639419555664
0.0242006778717041
0.03201103210449219
0.02100682258605957
0.03200817108154297
0.022005558013916016
0.027004241943359375
0.018004894256591797
0.03200674057006836
0.018763065338134766
0.01901721954345703
0.025534391403198242
0.026055097579956055
0.020362138748168945
0.019999980926513672
0.025061368942260742
0.023003816604614258
0.033034324645996094
0.026278257369995117
0.026080846786499023
0.022838354110717773
0.018004894256591797
0.07022738456726074
0.030004501342773438
0.04504585266113281
0.031062841415405273
0.027006149291992188
0.023511648178100586
0.021064281463623047
0.019132375717163086
0.027370929718017578
0.027005910873413086
0.037113189697265625
0.01800060272216797
0.022149324417114258
0.019108295440673828
0.03000783920288086
0.031455039978027344
0.028007984161376953
0.027985811233520508
0.030933141708374023
0.01695871353149414
