13.225281476974487
11.965538024902344
14.484255075454712
14.63460087776184
14.44140887260437
14.694817781448364
17.262433528900146
15.21068263053894
14.886619091033936
12.113172769546509
14.536272525787354
15.59969711303711
16.32398295402527
11.327222108840942
15.284859895706177
13.753036737442017
12.912646770477295
17.939307689666748
11.27925729751587
11.584442615509033
17.595088481903076
13.06687068939209
13.503408908843994
11.388070344924927
16.84044051170349
12.216188430786133
13.182819128036499
9.316388130187988
8.845411777496338
8.97500228881836
9.345376253128052
8.724202871322632
9.075360536575317
9.876781940460205
9.32663369178772
9.490116119384766
10.007843732833862
9.304242372512817
9.657756805419922
9.87482738494873
9.604230880737305
9.91484808921814
10.176765441894531
9.737162828445435
9.881647825241089
10.705145120620728
10.014037370681763
10.074184894561768
10.460488319396973
10.51630187034607
9.662741899490356
10.79897427558899
11.455536842346191
10.587926626205444
12.305994987487793
10.083769083023071
11.102705717086792
10.969700813293457
11.058726787567139
11.805383205413818
12.506848573684692
11.395716190338135
11.35663914680481
11.25118899345398
11.573052167892456
11.877258539199829
12.097163677215576
11.894758701324463
11.903409004211426
10.633828163146973
18.187439441680908
11.768541812896729
13.426890850067139
12.766347885131836
