0.050064802169799805
0.027022838592529297
0.021007299423217773
0.029764175415039062
0.034110307693481445
0.022683143615722656
0.018463134765625
0.03988075256347656
0.023018598556518555
0.020008087158203125
0.0257413387298584
0.04123973846435547
0.018518924713134766
0.04873514175415039
0.019003868103027344
0.055016517639160156
0.026005029678344727
0.022023439407348633
0.026304244995117188
0.022015810012817383
0.0510098934173584
0.05605673789978027
0.04510664939880371
0.03600573539733887
0.06801795959472656
0.04501152038574219
0.0465242862701416
0.05209994316101074
0.03200888633728027
0.03077864646911621
0.022011995315551758
0.05746769905090332
0.03211069107055664
0.025938034057617188
0.055408477783203125
0.039041996002197266
0.03453826904296875
0.041010379791259766
0.0727546215057373
0.02405524253845215
0.07169961929321289
0.044213294982910156
0.03646659851074219
0.04253411293029785
0.03899121284484863
0.06597447395324707
0.03975176811218262
0.08278608322143555
0.03650355339050293
0.06714415550231934
0.030780792236328125
0.06107521057128906
0.024863243103027344
0.0480806827545166
0.0255584716796875
0.05705761909484863
0.02400994300842285
0.05591154098510742
0.04927825927734375
0.05082988739013672
0.06701469421386719
