0.03255200386047363
0.032540321350097656
0.03801131248474121
0.0650169849395752
0.020697593688964844
0.023027896881103516
0.02109670639038086
0.04277491569519043
0.04836225509643555
0.025352001190185547
0.03605031967163086
0.05201411247253418
0.023760318756103516
0.0360112190246582
0.035030364990234375
0.041243553161621094
0.021404266357421875
0.023019790649414062
0.03423142433166504
0.030002117156982422
0.03603816032409668
0.05837535858154297
0.024038314819335938
0.059973716735839844
0.0420074462890625
0.01999068260192871
0.03100132942199707
0.04856610298156738
0.022556066513061523
0.022007465362548828
0.059032440185546875
0.037070512771606445
0.028030872344970703
0.025517940521240234
0.02275371551513672
0.0420985221862793
0.023394107818603516
0.06234550476074219
0.05112147331237793
0.05857658386230469
0.04327058792114258
0.0362401008605957
0.03865861892700195
0.03436112403869629
0.02881789207458496
0.022003889083862305
0.06302809715270996
0.0210115909576416
0.027538299560546875
0.0621180534362793
0.05448317527770996
0.022006750106811523
0.053484439849853516
0.03435349464416504
0.026010513305664062
0.025008678436279297
0.05819106101989746
0.05102348327636719
0.027838468551635742
0.07599449157714844
0.045313358306884766
0.05665397644042969
0.04783821105957031
0.05759000778198242
0.061165809631347656
0.028600215911865234
