12.157971858978271
13.01459813117981
10.632885932922363
12.761822700500488
13.067386150360107
13.211598634719849
13.584521532058716
14.55580759048462
11.465846300125122
12.896606683731079
14.893743991851807
12.723371267318726
13.709818840026855
16.22778010368347
15.238841772079468
10.801134586334229
13.306691884994507
18.653899431228638
13.637608289718628
13.452901601791382
16.78167223930359
13.114563226699829
15.210781574249268
17.537381172180176
11.657170057296753
16.353256702423096
11.980610847473145
16.926531553268433
11.670905351638794
12.481266736984253
10.279954195022583
12.862308263778687
12.406374454498291
11.896141052246094
12.05373477935791
12.596111059188843
12.124010801315308
12.361388683319092
13.90437650680542
12.737653970718384
13.216108322143555
14.564075469970703
12.285569667816162
15.274263858795166
14.63641357421875
12.556640863418579
13.823209047317505
16.373273849487305
11.039442539215088
13.906862735748291
17.02507758140564
14.396369695663452
14.400956153869629
15.886064767837524
10.368833303451538
12.500896692276001
11.741605043411255
12.734333038330078
11.044835567474365
14.191203594207764
12.549461126327515
11.416075944900513
14.318861246109009
13.042311906814575
13.556049823760986
13.385692596435547
