0.06868124008178711
0.030768632888793945
0.021007061004638672
0.06710553169250488
0.04712343215942383
0.02551865577697754
0.02789902687072754
0.03248715400695801
0.061165571212768555
0.05309438705444336
0.027004718780517578
0.02158212661743164
0.055944204330444336
0.0735161304473877
0.04670238494873047
0.06601643562316895
0.02535700798034668
0.044858694076538086
0.04808449745178223
0.029008150100708008
0.029334068298339844
0.05708122253417969
0.053858280181884766
0.06543397903442383
0.026052236557006836
0.06156015396118164
0.022005558013916016
0.020092248916625977
0.029985666275024414
0.024031400680541992
0.02334284782409668
0.035128116607666016
0.027111530303955078
0.027051448822021484
0.025209903717041016
0.024986982345581055
0.02405071258544922
0.060068607330322266
0.02203226089477539
0.02596259117126465
0.019003629684448242
0.022643089294433594
0.022028446197509766
0.025009632110595703
0.020023584365844727
0.01956462860107422
0.02755451202392578
0.023598432540893555
0.0220797061920166
0.029006481170654297
0.023088455200195312
0.026003122329711914
0.02599811553955078
0.03301119804382324
0.03328704833984375
0.06401753425598145
0.02475571632385254
0.02966928482055664
0.0414128303527832
0.033904314041137695
0.030877351760864258
0.029006242752075195
0.026969194412231445
0.04053139686584473
0.0705721378326416
0.020565271377563477
0.030353784561157227
0.03909158706665039
0.05992245674133301
0.0431675910949707
0.023997783660888672
0.027505874633789062
0.022238731384277344
0.026111125946044922
