10.511316776275635
10.46382212638855
10.878983497619629
9.853965520858765
12.279643297195435
10.934855699539185
11.340885877609253
11.144105434417725
11.505821466445923
11.9285569190979
12.78360891342163
11.379522562026978
13.837616920471191
12.936384916305542
11.623862266540527
13.603552341461182
12.882975339889526
12.473831176757812
12.447029113769531
11.430411577224731
12.793979406356812
15.300558090209961
13.644343852996826
12.736736536026001
14.601544857025146
13.21572732925415
13.57563853263855
14.451265096664429
13.462716341018677
14.449767589569092
17.355314016342163
14.534559488296509
12.051771402359009
17.249887943267822
14.322352886199951
13.86083436012268
16.540157794952393
17.338751077651978
13.87386441230774
18.567567348480225
16.59774875640869
16.163071155548096
21.070228576660156
12.884534358978271
20.36345934867859
17.61449885368347
17.45688819885254
17.706961631774902
18.541146516799927
20.967623949050903
15.076050043106079
20.310319185256958
15.800120830535889
19.63721251487732
18.518378019332886
14.937017679214478
16.530298948287964
15.79959511756897
13.695324420928955
14.39828372001648
15.16912317276001
