11.588559627532959
15.112438440322876
13.584379434585571
13.809937953948975
12.817068815231323
12.695949077606201
17.334915161132812
17.935322999954224
11.161409854888916
15.583827495574951
14.799801349639893
11.252864599227905
15.607288599014282
13.887721538543701
12.019928932189941
14.832295894622803
12.184223651885986
14.845081567764282
14.144874811172485
15.538814783096313
15.266861915588379
14.07706332206726
16.571364641189575
17.64791178703308
13.597629070281982
17.415703296661377
14.345500469207764
15.263408899307251
10.966710090637207
9.343338251113892
9.137307167053223
9.625643730163574
8.830179452896118
9.83439326286316
9.617992162704468
9.301034212112427
9.492074728012085
10.129997491836548
9.72335410118103
9.828887462615967
9.831151247024536
9.018846988677979
10.909478902816772
10.002682447433472
9.616130828857422
11.700393199920654
10.344967365264893
10.629711627960205
10.003966331481934
11.88569974899292
9.86698055267334
10.572856903076172
10.917913436889648
9.389020919799805
12.394817590713501
14.24219536781311
14.018518209457397
10.851780891418457
11.72535514831543
11.467487335205078
10.890375852584839
10.84283709526062
10.96940016746521
9.516770839691162
10.669771194458008
9.049950122833252
10.658759832382202
10.119506359100342
9.281126260757446
9.418060064315796
11.051333904266357
10.892431735992432
10.77514934539795
11.436629295349121
