4.048238515853882
3.6165611743927
3.9419984817504883
3.998969316482544
3.637744665145874
3.974252939224243
4.093201398849487
3.6503469944000244
3.8883438110351562
4.034820556640625
3.6354072093963623
3.8080620765686035
3.9343106746673584
3.832399845123291
3.7171595096588135
3.7834136486053467
3.947331428527832
3.47713303565979
3.9355642795562744
4.0341150760650635
3.6370441913604736
3.9162185192108154
4.077559471130371
3.618321657180786
3.8869881629943848
4.0240302085876465
3.9961698055267334
3.843085289001465
3.971889019012451
3.7567262649536133
3.862351179122925
3.9598214626312256
3.513948678970337
3.8229784965515137
4.124157428741455
3.619753122329712
3.91837215423584
4.135075807571411
3.5854732990264893
3.852768659591675
3.8920772075653076
3.9684505462646484
3.6676747798919678
3.951294422149658
4.0995564460754395
3.674703598022461
3.932250499725342
4.038038015365601
3.576038122177124
3.869480848312378
3.9879653453826904
3.74648380279541
3.9078264236450195
4.089695930480957
3.934704542160034
3.8025100231170654
3.913858413696289
3.740431547164917
4.043264389038086
4.05009126663208
3.6307613849639893
4.032955646514893
4.31276798248291
3.5933640003204346
3.8916382789611816
4.061009883880615
3.6177010536193848
3.8734731674194336
4.076575517654419
3.6576943397521973
3.979405641555786
4.1144492626190186
4.2093729972839355
3.7728378772735596
4.002137899398804
4.153002738952637
3.693108320236206
4.004908323287964
4.1409077644348145
3.5970399379730225
3.97340989112854
4.153091669082642
3.613074779510498
3.980842351913452
3.943831205368042
3.8810722827911377
3.8124001026153564
3.9887115955352783
3.7553224563598633
3.8860132694244385
4.065918445587158
3.567786931991577
3.935168981552124
4.1055262088775635
3.6160728931427
3.891436815261841
4.041267156600952
3.5776731967926025
3.896156072616577
4.034278631210327
3.5749917030334473
3.96789813041687
4.010030269622803
4.151630640029907
3.653465747833252
4.019719362258911
4.048658847808838
3.710585594177246
3.912379503250122
4.098491668701172
3.6414079666137695
3.954556465148926
4.12372899055481
3.6290173530578613
3.909911632537842
3.9988534450531006
4.023258686065674
4.081997871398926
3.9423983097076416
3.7225470542907715
3.7825570106506348
4.042184829711914
3.508730888366699
3.8649301528930664
4.031808853149414
3.629197359085083
3.8135790824890137
4.008124113082886
3.5285353660583496
3.8423473834991455
4.011191129684448
3.530883550643921
3.8332903385162354
3.820411443710327
4.0583460330963135
3.5116078853607178
3.835284948348999
4.009856700897217
3.6109466552734375
3.8664510250091553
4.022683382034302
3.5754475593566895
3.8498735427856445
4.0211381912231445
3.542273759841919
3.8062222003936768
3.8958232402801514
3.979092836380005
3.530318260192871
3.8576512336730957
4.047127962112427
3.6088151931762695
3.853555917739868
4.019404172897339
3.5038156509399414
3.848501443862915
4.027005672454834
3.5237820148468018
3.8280465602874756
3.9013967514038086
3.9753642082214355
3.5306572914123535
3.9840333461761475
4.21960711479187
3.566911220550537
3.8527817726135254
4.026724338531494
3.562350034713745
3.836346387863159
4.098140716552734
3.5210814476013184
3.8536550998687744
3.9892542362213135
