3.7015907764434814
3.3820855617523193
3.6824631690979004
3.797123670578003
3.4446654319763184
3.4233672618865967
3.7486202716827393
3.427847146987915
3.7662336826324463
3.5100159645080566
3.434128999710083
3.7960872650146484
3.4572243690490723
3.4192261695861816
3.8198959827423096
3.513967514038086
3.9704744815826416
3.6147401332855225
3.5343222618103027
3.9362311363220215
3.532710552215576
3.5350167751312256
3.8390095233917236
3.5578341484069824
4.0042266845703125
3.8018229007720947
3.550323486328125
3.921940803527832
3.6273155212402344
3.5713932514190674
4.023853778839111
3.5937612056732178
3.836374282836914
3.883586883544922
3.9930636882781982
3.642589807510376
3.925973415374756
3.566365957260132
3.759873628616333
3.888991355895996
3.712315082550049
3.9095029830932617
3.8598721027374268
3.519012451171875
3.8045434951782227
3.9308905601501465
3.541665554046631
3.501783847808838
3.7945401668548584
3.8393900394439697
3.8525986671447754
3.602452516555786
3.5571107864379883
3.9721033573150635
3.660623550415039
4.176248550415039
3.545123338699341
3.8895912170410156
3.676323652267456
3.8662235736846924
3.614016056060791
3.768923282623291
3.793839931488037
3.906470775604248
3.453947067260742
3.9926373958587646
3.5202839374542236
3.7947986125946045
3.8948581218719482
3.549492597579956
3.894782304763794
4.024849891662598
3.574540376663208
3.852083921432495
4.01965069770813
3.5483596324920654
3.5092461109161377
3.7294046878814697
3.8228750228881836
3.8670194149017334
3.5511696338653564
3.6604886054992676
3.844306707382202
3.9316928386688232
3.9826672077178955
3.635169506072998
4.1534318923950195
3.679014205932617
3.6320066452026367
3.9390738010406494
3.597459077835083
3.8500638008117676
3.9420714378356934
4.139256715774536
3.587815523147583
3.918778419494629
3.711848020553589
3.6072847843170166
3.991640090942383
3.647592782974243
3.8778254985809326
3.643054723739624
3.935434341430664
3.5892903804779053
3.8929545879364014
3.645190715789795
3.779146671295166
3.8708972930908203
3.987091064453125
3.70695161819458
3.874751567840576
3.608288049697876
3.967674970626831
4.04094123840332
3.5129482746124268
3.881657838821411
3.9555938243865967
3.5500824451446533
4.023644685745239
3.8611316680908203
3.584604263305664
3.550579309463501
3.7964839935302734
3.848125696182251
3.7924001216888428
3.49880051612854
3.841482400894165
3.526546001434326
3.5414657592773438
3.8287181854248047
3.5687613487243652
3.4516289234161377
3.906717538833618
4.683190822601318
4.12746787071228
3.901819944381714
3.842745542526245
4.149243116378784
3.550434112548828
3.477933406829834
3.8276169300079346
3.579707384109497
4.007042407989502
3.5323898792266846
3.54583477973938
3.947129011154175
3.5713977813720703
3.616140127182007
3.8286938667297363
3.5094869136810303
3.862521171569824
3.5198910236358643
3.4930267333984375
3.8739218711853027
3.5138449668884277
3.4583122730255127
3.801755428314209
3.4777560234069824
3.823751926422119
3.523465633392334
3.5709850788116455
3.842054843902588
3.6079704761505127
3.659532070159912
3.8926801681518555
3.47940993309021
4.03059720993042
3.65735125541687
3.662487030029297
3.9439988136291504
3.5857272148132324
3.5579402446746826
3.928891658782959
3.5619428157806396
4.019754409790039
3.8370230197906494
3.825606107711792
3.49499249458313
3.761932849884033
3.445518732070923
3.706087112426758
3.7681596279144287
3.5826683044433594
3.7835745811462402
3.959160089492798
3.613093614578247
3.8842368125915527
3.9017889499664307
3.4950759410858154
3.4536571502685547
3.712423801422119
3.7571496963500977
3.858025312423706
3.512110710144043
3.478747606277466
3.7997243404388428
3.452806234359741
3.8011953830718994
3.4998366832733154
3.7881932258605957
3.4543681144714355
3.758169174194336
3.443415641784668
3.721381902694702
3.7117979526519775
3.7907772064208984
3.465139389038086
3.764162063598633
3.514669895172119
3.7027413845062256
3.7630062103271484
3.523932456970215
