3.1263771057128906
2.99585223197937
3.366211175918579
3.6110246181488037
3.725370168685913
3.6431708335876465
3.5901687145233154
3.775442361831665
3.9072115421295166
3.4270071983337402
3.905649423599243
3.5615551471710205
3.6494243144989014
4.072259902954102
3.4074668884277344
3.9083077907562256
3.4459643363952637
3.652472734451294
3.68064284324646
3.5586695671081543
3.659722328186035
3.4686644077301025
3.6170847415924072
3.809070587158203
3.348684310913086
3.778742790222168
3.4481775760650635
3.674144983291626
3.784213066101074
3.3688735961914062
3.9020650386810303
3.456061601638794
3.7039072513580322
3.691429376602173
3.6670517921447754
3.684293508529663
3.5148682594299316
3.6253294944763184
3.842376708984375
3.417337417602539
3.865292549133301
3.464231491088867
3.669882297515869
3.8604183197021484
3.411167621612549
3.8761987686157227
3.486238718032837
3.7749171257019043
3.848825216293335
3.6480045318603516
3.776493549346924
3.61848783493042
3.8365328311920166
4.171190500259399
3.501368761062622
4.0997703075408936
3.644751787185669
3.738886833190918
3.880188465118408
3.4268991947174072
3.870558023452759
3.561084508895874
3.7207818031311035
3.776000499725342
3.6432814598083496
3.8673884868621826
3.6521832942962646
3.8729586601257324
3.960050106048584
3.566470146179199
4.03422212600708
3.681894302368164
3.964833974838257
3.948580741882324
3.513343572616577
4.018326997756958
3.584730863571167
3.9642460346221924
4.016182899475098
3.6689352989196777
3.9112675189971924
3.850832462310791
3.7296602725982666
4.050908088684082
3.5896201133728027
4.029496669769287
3.5513916015625
3.8075802326202393
4.088137149810791
3.595757246017456
3.9354522228240967
3.662478446960449
3.8580918312072754
3.9285836219787598
3.814791440963745
3.8955280780792236
3.685748815536499
3.8123996257781982
4.0509936809539795
3.5968921184539795
3.9969897270202637
3.68202805519104
4.02825927734375
4.120410919189453
3.5673916339874268
3.9135518074035645
3.904898166656494
4.023811101913452
4.007681131362915
3.8886899948120117
3.8441288471221924
3.764883041381836
3.841582775115967
4.000725746154785
3.4449288845062256
3.99503755569458
3.6231303215026855
3.930036783218384
4.030066728591919
3.5442066192626953
4.033944845199585
3.622711658477783
3.973923444747925
3.941333055496216
3.807551383972168
3.9298667907714844
3.6198019981384277
3.8444485664367676
4.092556715011597
3.550614833831787
4.1129372119903564
3.7687554359436035
3.8419761657714844
3.9103760719299316
3.5919559001922607
4.069399356842041
3.691930055618286
3.9091639518737793
3.9903151988983154
3.756920337677002
3.909210205078125
3.745194673538208
3.863798141479492
3.944394826889038
3.579007387161255
4.217570543289185
3.608358383178711
3.9307303428649902
3.9156010150909424
3.4546313285827637
3.9242873191833496
3.562419891357422
3.753080129623413
3.7780566215515137
3.6582791805267334
3.7922122478485107
3.5529825687408447
3.7386066913604736
3.897228240966797
3.4816105365753174
3.8877017498016357
3.557216167449951
3.822011709213257
3.9267120361328125
3.4572527408599854
3.897305727005005
3.557297706604004
3.7983107566833496
3.7986812591552734
3.7633745670318604
3.975849151611328
3.744492292404175
3.9536380767822266
