3.5792272090911865
3.6447885036468506
3.3502750396728516
3.9958102703094482
4.018404006958008
3.820026159286499
3.742379665374756
3.4494643211364746
3.390500783920288
3.608764410018921
3.6562421321868896
3.74397349357605
3.3838753700256348
3.755343198776245
3.4335668087005615
3.3583831787109375
3.7571232318878174
3.4446372985839844
3.38202166557312
3.7748284339904785
3.3910903930664062
3.8167364597320557
3.4461634159088135
3.4341678619384766
3.934695243835449
3.460979461669922
3.3959124088287354
3.7035679817199707
3.3840627670288086
3.7347970008850098
3.507578134536743
3.37496018409729
3.7276229858398438
3.4372100830078125
3.4530160427093506
3.7044551372528076
3.3922133445739746
3.75885272026062
3.470759868621826
3.4170496463775635
3.741551399230957
3.4196057319641113
3.35771107673645
3.7053160667419434
3.3757598400115967
3.813486337661743
3.416423797607422
3.388395071029663
3.719693899154663
3.4171786308288574
3.395002603530884
3.7066867351531982
3.387068510055542
3.842892646789551
3.4211857318878174
3.409196376800537
3.7221367359161377
3.414581060409546
3.3764779567718506
3.657844305038452
3.3473927974700928
3.5950169563293457
3.6542296409606934
3.659426689147949
3.3686344623565674
3.6695637702941895
3.3392019271850586
3.605201482772827
3.693155527114868
3.3448545932769775
3.622004747390747
3.666839361190796
3.3922083377838135
3.6646535396575928
3.7311980724334717
3.392592430114746
3.35092830657959
3.6090762615203857
3.7298126220703125
3.7240190505981445
3.4990243911743164
3.362006902694702
3.68886137008667
3.3597772121429443
4.01718282699585
3.4342195987701416
3.7446441650390625
3.3748257160186768
3.7579681873321533
3.3802525997161865
3.6085445880889893
3.6287193298339844
3.6919009685516357
3.370218276977539
3.675523281097412
3.3499133586883545
3.6194815635681152
3.686959981918335
3.3963711261749268
3.631732940673828
3.7864830493927
3.569092273712158
3.759361505508423
3.9520835876464844
3.4731531143188477
3.387742519378662
3.7125492095947266
3.8271291255950928
3.8659563064575195
3.5452756881713867
3.4844717979431152
3.7792820930480957
3.709096908569336
3.799814462661743
3.511817693710327
3.759277105331421
3.439725637435913
3.4269399642944336
3.7572743892669678
3.4623262882232666
3.7535314559936523
3.767827272415161
3.7209484577178955
3.5137147903442383
3.7986409664154053
3.4970173835754395
3.4599831104278564
4.1357741355896
3.762263298034668
3.7330312728881836
4.11762547492981
3.5207061767578125
3.8533923625946045
3.496917486190796
3.399263858795166
3.7757248878479004
3.533388376235962
3.502028465270996
3.856633424758911
3.5303399562835693
3.7828776836395264
3.489499092102051
3.4918506145477295
3.928126573562622
3.477480411529541
3.480921745300293
3.871933698654175
3.5417287349700928
3.911975860595703
3.4519639015197754
3.501985788345337
3.9128520488739014
3.585838556289673
3.501140594482422
3.8325040340423584
3.599040985107422
3.9083170890808105
3.752312660217285
3.4661552906036377
4.008296728134155
3.6070337295532227
3.625476360321045
3.8777222633361816
3.527174472808838
3.689363956451416
3.842043876647949
3.8201286792755127
3.51517391204834
3.980609893798828
3.532972574234009
3.7841620445251465
3.7838950157165527
3.5563573837280273
3.8070321083068848
3.952793836593628
3.462225914001465
3.9029464721679688
3.511220932006836
3.5887362957000732
3.857015371322632
3.6168925762176514
3.5082385540008545
3.891425132751465
3.522688150405884
3.522801160812378
3.8818764686584473
3.491506338119507
3.790419340133667
3.810222864151001
3.9024851322174072
3.546624183654785
3.8448681831359863
3.5470023155212402
3.840514898300171
3.8804023265838623
3.4641048908233643
3.8055028915405273
4.074292182922363
3.4432852268218994
3.778438091278076
3.78348445892334
3.5203771591186523
3.3801169395446777
3.6524999141693115
3.722815990447998
3.8005049228668213
3.437445878982544
3.4027130603790283
3.800143003463745
3.440765619277954
3.7177112102508545
3.47627854347229
