0.0
0.001001596450805664
0.0
0.0
0.001001596450805664
0.0009996891021728516
0.0009999275207519531
0.0
0.0010199546813964844
0.0010001659393310547
0.0010056495666503906
0.0
0.001008749008178711
0.0009992122650146484
0.0009987354278564453
0.0
0.001005411148071289
0.0010073184967041016
0.0010025501251220703
0.000997781753540039
0.001001596450805664
0.0009996891021728516
0.0010077953338623047
0.0010001659393310547
0.0010008811950683594
0.0010001659393310547
0.001001119613647461
0.0
0.000990152359008789
0.0010006427764892578
0.0030007362365722656
0.0020020008087158203
0.0019948482513427734
0.003000497817993164
0.0020139217376708984
0.0019991397857666016
0.0029952526092529297
0.0030014514923095703
0.0030012130737304688
0.0030400753021240234
0.0029859542846679688
0.0030028820037841797
0.0030002593994140625
0.0030012130737304688
0.003000020980834961
0.0030002593994140625
0.003000497817993164
0.0029876232147216797
0.003004789352416992
0.0039958953857421875
0.002985715866088867
0.0029997825622558594
0.004015207290649414
0.0040013790130615234
0.002999544143676758
0.0029816627502441406
0.004006147384643555
0.003999948501586914
0.004980802536010742
0.00400090217590332
0.0039942264556884766
0.004004240036010742
0.005002021789550781
0.00500178337097168
0.004999876022338867
0.0049817562103271484
0.0050013065338134766
0.005000591278076172
0.005009651184082031
0.004999637603759766
0.007001638412475586
0.00600123405456543
0.005002021789550781
0.005014657974243164
0.005013942718505859
0.005842924118041992
0.005999326705932617
0.0060024261474609375
0.006003141403198242
0.006001472473144531
0.005981922149658203
0.007000923156738281
0.0069866180419921875
0.0060083866119384766
0.007015705108642578
0.0070133209228515625
0.007010221481323242
0.0070040225982666016
0.0059812068939208984
0.006996870040893555
0.007000923156738281
0.008000612258911133
0.00700688362121582
0.007982969284057617
0.007760524749755859
0.008002042770385742
0.00798940658569336
0.007988929748535156
0.009001970291137695
0.008021831512451172
0.00800180435180664
0.008004903793334961
0.007999897003173828
0.009002685546875
0.009006500244140625
0.00798797607421875
0.010990381240844727
0.010577201843261719
0.010031461715698242
0.020277738571166992
0.009988546371459961
0.011003732681274414
0.011004209518432617
0.010056018829345703
0.011015176773071289
0.011005401611328125
0.01099395751953125
0.010059595108032227
0.011010408401489258
0.010994911193847656
0.011552810668945312
0.011221170425415039
0.010768413543701172
0.011672258377075195
0.012014627456665039
0.01100301742553711
0.01198887825012207
0.01166534423828125
0.013001680374145508
0.012002229690551758
0.013005733489990234
0.012010812759399414
0.01192474365234375
0.012988090515136719
0.012009382247924805
0.013010740280151367
0.013015270233154297
0.012557744979858398
0.013866662979125977
0.014010190963745117
0.012995481491088867
0.014072656631469727
0.01799607276916504
0.013020038604736328
0.01400303840637207
0.013987302780151367
0.014004945755004883
0.016997337341308594
0.014017820358276367
0.014003753662109375
0.015002727508544922
0.015004396438598633
0.014984607696533203
0.014129161834716797
0.01498866081237793
0.01500844955444336
0.01500391960144043
0.015011072158813477
0.01599740982055664
0.014512300491333008
0.01501154899597168
0.01699352264404297
0.016010522842407227
0.017012357711791992
0.016004323959350586
0.01599574089050293
0.016002893447875977
0.01600337028503418
0.01645350456237793
0.016023874282836914
0.016021251678466797
0.01700305938720703
0.018002986907958984
