0.0
0.0
0.0005755424499511719
0.001001119613647461
0.0009808540344238281
0.002000570297241211
0.0
0.0
0.0010013580322265625
0.0010001659393310547
0.0
0.0010073184967041016
0.0010123252868652344
0.001009225845336914
0.0
0.0010101795196533203
0.0010075569152832031
0.0
0.001001119613647461
0.0
0.0009999275207519531
0.0010001659393310547
0.000985860824584961
0.001008749008178711
0.0010020732879638672
0.000988006591796875
0.0010001659393310547
0.0009844303131103516
0.0010004043579101562
0.0
0.0019865036010742188
0.0020079612731933594
0.0030167102813720703
0.0029888153076171875
0.002981424331665039
0.002998828887939453
0.0019860267639160156
0.003000497817993164
0.0020051002502441406
0.0030133724212646484
0.003015279769897461
0.0020008087158203125
0.0029888153076171875
0.003020763397216797
0.004006385803222656
0.0030007362365722656
0.0040132999420166016
0.0030066967010498047
0.0040013790130615234
0.002986431121826172
0.0030062198638916016
0.004000186920166016
0.0049932003021240234
0.004002094268798828
0.00399327278137207
0.004001617431640625
0.004020214080810547
0.003995418548583984
0.00400090217590332
0.0040209293365478516
0.004981040954589844
0.0050008296966552734
0.004994630813598633
0.004013776779174805
0.00498652458190918
0.00499415397644043
0.005006551742553711
0.005002021789550781
0.004982709884643555
0.0050013065338134766
0.004989147186279297
0.00500035285949707
0.006001472473144531
0.0050127506256103516
0.006002187728881836
0.0049936771392822266
0.006020545959472656
0.005539894104003906
0.006014108657836914
0.006002187728881836
0.005995273590087891
0.0060198307037353516
0.006185293197631836
0.006002187728881836
0.00600743293762207
0.006001472473144531
0.006643772125244141
0.00684046745300293
0.00601506233215332
0.00598907470703125
0.00600123405456543
0.00700831413269043
0.006669521331787109
0.007001161575317383
0.006093502044677734
0.00699615478515625
0.006990909576416016
0.00699305534362793
0.006994962692260742
0.006988525390625
0.007002353668212891
0.00808572769165039
0.008027315139770508
0.008348226547241211
0.008021831512451172
0.007544279098510742
0.007987737655639648
0.00899362564086914
0.008867979049682617
0.00900578498840332
0.009010553359985352
0.009021759033203125
0.009009122848510742
0.007981300354003906
0.009013891220092773
0.009013175964355469
0.008967161178588867
0.01000213623046875
0.01000213623046875
0.009015321731567383
0.009987592697143555
0.009983539581298828
0.011996746063232422
0.010000228881835938
0.010014057159423828
0.011004209518432617
0.010668754577636719
0.010010480880737305
0.011003732681274414
0.012001752853393555
0.011000633239746094
0.01052093505859375
0.009994983673095703
0.011015892028808594
0.01001429557800293
0.011003255844116211
0.01198720932006836
0.011001348495483398
0.011016845703125
0.011002302169799805
0.012015819549560547
0.012002706527709961
0.013149499893188477
0.012003660202026367
0.011075735092163086
0.011996269226074219
0.01200103759765625
0.012005805969238281
0.011995315551757812
0.013023138046264648
0.012998104095458984
0.013002872467041016
0.013002872467041016
0.013002157211303711
0.014005899429321289
0.014004230499267578
0.013017654418945312
0.01600480079650879
0.013014078140258789
0.013968944549560547
0.014002084732055664
0.014899253845214844
0.013002395629882812
0.014740943908691406
0.013988733291625977
0.015160322189331055
0.014001846313476562
0.014990806579589844
0.015006303787231445
0.014003276824951172
0.014989376068115234
0.013996601104736328
0.017130136489868164
0.0159912109375
0.016002893447875977
0.01600360870361328
0.01600360870361328
0.01600337028503418
0.01657414436340332
0.01599717140197754
0.017005443572998047
0.01701068878173828
0.01756906509399414
0.019003629684448242
0.017003774642944336
0.017010927200317383
0.018003463745117188
0.01654648780822754
0.01756119728088379
0.017010211944580078
0.01799154281616211
0.02013373374938965
0.017984390258789062
0.019553422927856445
0.019003868103027344
0.019016027450561523
0.017997264862060547
0.019018888473510742
0.019011974334716797
0.025006532669067383
0.02055978775024414
0.021123886108398438
0.020685195922851562
0.02100992202758789
0.020029544830322266
0.021004676818847656
0.021985530853271484
0.020997285842895508
0.021054506301879883
0.028612136840820312
0.02215266227722168
0.022000551223754883
