0.0
0.0010004043579101562
0.00099945068359375
0.0010051727294921875
0.0010001659393310547
0.0
0.0010001659393310547
0.0009999275207519531
0.001007080078125
0.0
0.0
0.0
0.0
0.0009930133819580078
0.0010001659393310547
0.0
0.0009984970092773438
0.0010025501251220703
0.00099945068359375
0.0009925365447998047
0.0010082721710205078
0.0010004043579101562
0.0010008811950683594
0.0010173320770263672
0.0010073184967041016
0.000990152359008789
0.0
0.0
0.0011026859283447266
0.0010018348693847656
0.0030007362365722656
0.0020020008087158203
0.0020072460174560547
0.0030181407928466797
0.0030078887939453125
0.002002239227294922
0.002986431121826172
0.0020017623901367188
0.003001689910888672
0.0030002593994140625
0.0020041465759277344
0.003001689910888672
0.003007650375366211
0.0030066967010498047
0.0019996166229248047
0.003015756607055664
0.003988027572631836
0.003009319305419922
0.0039980411529541016
0.003007173538208008
0.0036017894744873047
0.004000663757324219
0.004002571105957031
0.0029993057250976562
0.003986835479736328
0.0035593509674072266
0.005006313323974609
0.003999471664428711
0.005085468292236328
0.004019737243652344
0.0039997100830078125
0.005001544952392578
0.005009651184082031
0.005015850067138672
0.005001068115234375
0.004999637603759766
0.00500035285949707
0.004994392395019531
0.005001068115234375
0.00498509407043457
0.005004167556762695
0.005994081497192383
0.0050508975982666016
0.007151126861572266
0.00600123405456543
0.006006717681884766
0.006009578704833984
0.005992889404296875
0.006001949310302734
0.00601649284362793
0.006020069122314453
0.0065593719482421875
0.007001638412475586
0.00700068473815918
0.007003068923950195
0.006021976470947266
0.007002830505371094
0.00700831413269043
0.007008790969848633
0.007002830505371094
0.007001638412475586
0.007000446319580078
0.007013082504272461
0.0070018768310546875
0.008002996444702148
0.008768558502197266
0.008001089096069336
0.007996797561645508
0.008027076721191406
0.008214235305786133
0.01300358772277832
0.008005380630493164
0.007999897003173828
0.010016918182373047
0.010005474090576172
0.009000778198242188
0.009009599685668945
0.01036214828491211
0.013004302978515625
0.011002540588378906
0.010414600372314453
0.010003328323364258
0.01001429557800293
0.01098322868347168
0.011020660400390625
0.010033607482910156
0.011048078536987305
0.010010242462158203
0.010984420776367188
0.010990381240844727
0.011043310165405273
0.011478185653686523
0.011996984481811523
0.011003494262695312
0.012003898620605469
0.013009309768676758
0.011000394821166992
0.012001276016235352
0.01200413703918457
0.01200246810913086
0.01199650764465332
0.01256561279296875
0.014003992080688477
0.012541055679321289
0.012990951538085938
0.014202594757080078
0.01300191879272461
0.014010429382324219
0.012571096420288086
0.012990713119506836
0.013009786605834961
0.01400446891784668
0.014999151229858398
0.013983488082885742
0.014005184173583984
0.014996051788330078
0.014002799987792969
0.014009714126586914
0.014004230499267578
0.013908863067626953
0.014007568359375
0.015003204345703125
0.01400303840637207
0.015018224716186523
0.01600337028503418
0.014996051788330078
0.015522480010986328
0.015003681182861328
0.01600360870361328
0.015112161636352539
0.016005754470825195
0.017004728317260742
0.015995264053344727
0.01799917221069336
0.01701068878173828
0.016002416610717773
0.019002199172973633
0.01700282096862793
0.017004013061523438
0.018002986907958984
0.017009258270263672
0.017470836639404297
0.018552064895629883
0.01703047752380371
0.0180056095123291
0.019003629684448242
0.01701211929321289
0.017034053802490234
0.018003225326538086
0.01801133155822754
0.01800370216369629
0.017998695373535156
0.01854085922241211
0.019003868103027344
0.01900649070739746
0.02000260353088379
0.018999338150024414
0.01800370216369629
0.01999211311340332
0.020026683807373047
0.01900458335876465
0.018999099731445312
0.019707679748535156
0.019018173217773438
0.019994020462036133
0.021003246307373047
0.01998734474182129
0.01942133903503418
0.0200040340423584
0.021016836166381836
0.019997358322143555
0.021033048629760742
0.023003816604614258
0.021004199981689453
0.021010160446166992
0.021123886108398438
0.02202439308166504
0.02176213264465332
0.021185636520385742
0.02299785614013672
0.026000022888183594
0.024985313415527344
