0.0009953975677490234
0.0010008811950683594
0.0010001659393310547
0.0009942054748535156
0.0
0.0
0.0010008811950683594
0.0
0.0009891986846923828
0.0010001659393310547
0.0
0.0010027885437011719
0.0
0.0
0.0010004043579101562
0.0009987354278564453
0.0010073184967041016
0.0
0.0010008811950683594
0.0009992122650146484
0.0010101795196533203
0.0010006427764892578
0.0
0.0
0.0005426406860351562
0.0010073184967041016
0.0
0.0010428428649902344
0.001008749008178711
0.0009927749633789062
0.0029926300048828125
0.0027294158935546875
0.0030007362365722656
0.001994609832763672
0.0020017623901367188
0.0030031204223632812
0.002988576889038086
0.00298309326171875
0.003000020980834961
0.003001689910888672
0.0030002593994140625
0.0020008087158203125
0.0021753311157226562
0.0030145645141601562
0.0029947757720947266
0.0030202865600585938
0.0030007362365722656
0.0030083656311035156
0.003511190414428711
0.0029876232147216797
0.003014802932739258
0.003986358642578125
0.0030035972595214844
0.0039997100830078125
0.0040018558502197266
0.004000186920166016
0.004995584487915039
0.0040132999420166016
0.004019975662231445
0.003994464874267578
0.0050008296966552734
0.004575967788696289
0.004006862640380859
0.00400853157043457
0.00500178337097168
0.0050008296966552734
0.0049991607666015625
0.005624532699584961
0.004007101058959961
0.005013704299926758
0.004994392395019531
0.006000518798828125
0.004995584487915039
0.0059893131256103516
0.005984306335449219
0.006001710891723633
0.005001068115234375
0.006010293960571289
0.0049936771392822266
0.0060024261474609375
0.006010770797729492
0.005993366241455078
0.006006956100463867
0.006000995635986328
0.00716853141784668
0.006000995635986328
0.006001710891723633
0.007013797760009766
0.006001472473144531
0.006674766540527344
0.0060002803802490234
0.006565570831298828
0.007002115249633789
0.0070149898529052734
0.0070018768310546875
0.007995367050170898
0.0070133209228515625
0.0070040225982666016
0.007999658584594727
0.0069942474365234375
0.007987022399902344
0.009002447128295898
0.008008480072021484
0.00800180435180664
0.008003473281860352
0.00800013542175293
0.011004209518432617
0.009001970291137695
0.009003877639770508
0.009000301361083984
0.009002923965454102
0.008921146392822266
0.009001970291137695
0.009791135787963867
0.009000778198242188
0.00900721549987793
0.00899648666381836
0.00899362564086914
0.008989810943603516
0.009989500045776367
0.010989189147949219
0.010003089904785156
0.01000213623046875
0.01000833511352539
0.01000213623046875
0.011000871658325195
0.010004281997680664
0.010004043579101562
0.01002049446105957
0.012997627258300781
0.010997772216796875
0.012019872665405273
0.010988235473632812
0.011002779006958008
0.011016368865966797
0.012022972106933594
0.011014938354492188
0.011993885040283203
0.012002229690551758
0.01200246810913086
0.012001752853393555
0.013004064559936523
0.011997461318969727
0.011561393737792969
0.012971878051757812
0.017003297805786133
0.01199650764465332
0.012002706527709961
0.01300954818725586
0.012627840042114258
0.013004302978515625
0.013010740280151367
0.012992620468139648
0.013021469116210938
0.014010429382324219
0.013002634048461914
0.012951135635375977
0.01300358772277832
0.014008283615112305
0.01398468017578125
0.01420450210571289
0.013022184371948242
0.013990640640258789
0.013991117477416992
0.01421809196472168
0.013708829879760742
0.01401519775390625
0.015022754669189453
0.015003442764282227
0.01400446891784668
0.016004562377929688
0.015996694564819336
0.015996694564819336
