3.6375622749328613
3.3071720600128174
3.6073265075683594
3.722018003463745
3.369643449783325
3.349356174468994
3.672595500946045
3.3509058952331543
3.692033052444458
3.4349188804626465
3.3586645126342773
3.719484567642212
3.382199764251709
3.343942165374756
3.7448890209198
3.4369306564331055
3.894458532333374
3.5387277603149414
3.456760883331299
3.8602139949798584
3.455695152282715
3.455974817276001
3.760991334915161
3.477231025695801
3.9242031574249268
3.7166998386383057
3.4715914726257324
3.843923568725586
3.551424026489258
3.4923741817474365
3.8461496829986572
3.514721393585205
3.756361484527588
3.8049843311309814
3.916013479232788
3.5585711002349854
3.8469574451446533
3.486250400543213
3.6809194087982178
3.8078973293304443
3.629300117492676
3.822922706604004
3.7808592319488525
3.4369983673095703
3.7235255241394043
3.8498058319091797
3.462259531021118
3.41705060005188
3.7154176235198975
3.759371757507324
3.771976947784424
3.522371292114258
3.4770925045013428
3.799449920654297
3.578606128692627
4.017287969589233
3.4650774002075195
3.804048776626587
3.5922012329101562
3.7855796813964844
3.4514248371124268
3.6867477893829346
3.633812189102173
3.822443962097168
3.3713629245758057
3.8314852714538574
3.4387099742889404
3.7107808589935303
3.8129265308380127
3.463315963745117
3.8113133907318115
3.9389967918395996
3.489283800125122
3.753131628036499
3.8539881706237793
3.4645919799804688
3.427868127822876
3.6438381671905518
3.73886775970459
3.779437303543091
3.46720290184021
3.5749025344848633
3.7602880001068115
3.8435916900634766
3.896632432937622
3.550048351287842
4.0694122314453125
3.592435359954834
3.5474600791931152
3.847857713699341
3.5134541988372803
3.7610573768615723
3.8584349155426025
3.9796833992004395
3.50081467628479
3.8319461345672607
3.626838445663452
3.524252414703369
3.9034295082092285
3.5621449947357178
3.7841503620147705
3.469003677368164
3.8494062423706055
3.502243757247925
3.798125982284546
3.5531210899353027
3.6911306381225586
3.781996488571167
3.8944802284240723
3.6089279651641846
3.7848093509674072
3.51768159866333
3.8760032653808594
3.9530670642852783
3.426928997039795
3.790489912033081
3.8650546073913574
3.461014986038208
3.9346189498901367
3.7731001377105713
3.4969289302825928
3.458768367767334
3.7059409618377686
3.759559154510498
3.7033839225769043
3.4085826873779297
3.7514617443084717
3.438516855239868
3.4525599479675293
3.7387049198150635
3.408172607421875
3.360225200653076
3.734593629837036
4.580546617507935
4.0374596118927
3.810481071472168
3.740718364715576
4.057138204574585
3.4597630500793457
3.387382745742798
3.736983060836792
3.485687017440796
3.9130256175994873
3.442371129989624
3.4548282623291016
3.7796969413757324
3.479377269744873
3.438563585281372
3.7386844158172607
3.4170162677764893
3.7714948654174805
3.4288527965545654
3.396005392074585
3.782344102859497
3.418823480606079
3.3643102645874023
3.7101869583129883
3.385723114013672
3.7307238578796387
3.4293363094329834
3.403959035873413
3.747809648513794
3.5149638652801514
3.5609726905822754
3.7976012229919434
3.3853836059570312
3.9275808334350586
3.560337781906128
3.566873073577881
3.8489158153533936
3.491117477416992
3.4613208770751953
3.831328868865967
3.4653053283691406
3.917095422744751
3.7370247840881348
3.730570077896118
3.40087628364563
3.6659293174743652
3.348497152328491
3.6120476722717285
3.6731128692626953
3.485109567642212
3.6834936141967773
3.8631136417388916
3.511073589324951
3.7870428562164307
3.8040926456451416
3.398341655731201
3.356006383895874
3.6163835525512695
3.6581270694732666
3.760767936706543
3.415081739425659
3.381726026535034
3.6976213455200195
3.355405330657959
3.7036964893341064
3.4026947021484375
3.690171480178833
3.3563661575317383
3.660353422164917
3.3360202312469482
3.624521493911743
3.6146798133850098
3.691628932952881
3.366096019744873
3.6649110317230225
3.339914560317993
3.601731538772583
3.6609811782836914
3.349727153778076
