0.009003639221191406
0.011001825332641602
0.010001182556152344
0.009995698928833008
0.010010004043579102
0.010011672973632812
0.010002374649047852
0.012993097305297852
0.010575056076049805
0.009610891342163086
0.010612964630126953
0.008990764617919922
0.010002374649047852
0.01001286506652832
0.010016441345214844
0.009995460510253906
0.009993791580200195
0.011990547180175781
0.011003971099853516
0.009002685546875
0.010007858276367188
0.010002851486206055
0.00998234748840332
0.01000213623046875
0.010008573532104492
0.010017156600952148
0.010002374649047852
0.009001493453979492
0.010016918182373047
0.010001897811889648
0.09512186050415039
0.010004043579101562
0.010007619857788086
0.011017560958862305
0.010001182556152344
0.010994911193847656
0.010002851486206055
0.010442495346069336
0.010835886001586914
0.010019540786743164
0.010018110275268555
0.010005474090576172
0.009999275207519531
0.01002192497253418
0.011002540588378906
0.010003089904785156
0.009997367858886719
0.010017633438110352
0.010004520416259766
0.01099705696105957
0.009997129440307617
0.10603570938110352
0.009696245193481445
0.08601951599121094
0.011002779006958008
0.010002374649047852
0.009982824325561523
0.009999513626098633
0.08828282356262207
0.010988712310791016
0.08902215957641602
0.010989189147949219
0.08866548538208008
0.010001897811889648
0.009591817855834961
0.009012222290039062
0.011001825332641602
0.01100301742553711
0.08669924736022949
0.009982824325561523
0.015000581741333008
0.01001596450805664
0.010002374649047852
0.010014772415161133
0.010012626647949219
0.00998830795288086
0.012013912200927734
0.009001493453979492
0.010575532913208008
0.01000213623046875
0.011000871658325195
0.08787727355957031
0.009996175765991211
0.010015726089477539
0.010002374649047852
0.010993003845214844
0.010632038116455078
0.011002540588378906
0.0845785140991211
0.010015010833740234
0.009009599685668945
0.010999441146850586
0.011002779006958008
0.011004924774169922
0.010002613067626953
0.013016462326049805
0.009994983673095703
0.010008811950683594
0.010001897811889648
0.009005308151245117
0.011018514633178711
0.01000213623046875
0.01002192497253418
0.010002613067626953
0.009988069534301758
0.009996175765991211
0.00998830795288086
0.09157109260559082
0.009006261825561523
0.010010004043579102
0.009015083312988281
0.011009931564331055
0.009999752044677734
0.0099945068359375
0.009987592697143555
0.010001420974731445
0.011827945709228516
0.012005090713500977
0.009012937545776367
0.009982109069824219
0.011988401412963867
0.010983705520629883
0.010003089904785156
0.009982585906982422
0.009013652801513672
0.08456969261169434
0.010001897811889648
0.008993864059448242
0.009008646011352539
0.009996891021728516
0.010990142822265625
0.009995460510253906
0.010005474090576172
0.010003328323364258
0.009001731872558594
0.009991645812988281
0.009995698928833008
0.010079622268676758
0.09572601318359375
0.017028093338012695
0.010003805160522461
0.07906556129455566
0.01001429557800293
0.011012554168701172
0.009002685546875
0.010022163391113281
0.009995460510253906
0.009993553161621094
0.010013818740844727
0.009986162185668945
0.01001429557800293
0.08805727958679199
0.009982585906982422
0.009065628051757812
0.010995626449584961
0.009995460510253906
0.009015321731567383
0.010003328323364258
0.009980201721191406
0.01001429557800293
0.00955820083618164
0.011012554168701172
0.010022401809692383
0.010009050369262695
0.010002374649047852
0.010523557662963867
0.010007143020629883
0.010016918182373047
0.009020090103149414
0.08725857734680176
0.010013580322265625
0.009990215301513672
0.08402466773986816
