3.0528650283813477
2.923279285430908
3.2941935062408447
3.5344691276550293
3.647118330001831
3.5671513080596924
3.5107760429382324
3.6954240798950195
3.833463191986084
3.3520145416259766
3.8286328315734863
3.4865427017211914
3.575312852859497
3.9946255683898926
3.329465627670288
3.831160306930542
3.370417594909668
3.5767245292663574
3.602632761001587
3.4846413135528564
3.5826847553253174
3.39363431930542
3.5409371852874756
3.7330596446990967
3.2706706523895264
3.7027199268341064
3.3722777366638184
3.596323251724243
3.7091879844665527
3.2927510738372803
3.729968309402466
3.377648115158081
3.6248931884765625
3.61430287361145
3.510977268218994
3.6060760021209717
3.4374351501464844
3.54740047454834
3.763031005859375
3.3355274200439453
3.7841625213623047
3.3856656551361084
3.588326930999756
3.781388282775879
3.331829071044922
3.7276108264923096
3.4066455364227295
3.6954803466796875
3.7688405513763428
3.5614678859710693
3.695460796356201
3.536201238632202
3.7539687156677246
4.0132739543914795
3.418351173400879
4.015162944793701
3.5597469806671143
3.6551265716552734
3.800170660018921
3.3457441329956055
3.784534454345703
3.480504274368286
3.6397714614868164
3.6919960975646973
3.5622618198394775
3.7843692302703857
3.5701844692230225
3.7889232635498047
3.8770194053649902
3.4834444522857666
3.948195695877075
3.59786319732666
3.882704257965088
3.8659989833831787
3.429342031478882
3.9337337017059326
3.497711181640625
3.8796944618225098
3.8472390174865723
3.584909200668335
3.720236301422119
3.764833450317383
3.6466593742370605
3.9658896923065186
3.5020768642425537
3.9434783458709717
3.464390993118286
3.721529245376587
3.9295642375946045
3.503108263015747
3.845313549041748
3.5788774490356445
3.771090507507324
3.8375563621520996
3.728229522705078
3.8096506595611572
3.600158214569092
3.728250026702881
3.9627749919891357
3.5088915824890137
3.9054644107818604
3.591390371322632
3.9382247924804688
4.032870054244995
3.47719144821167
3.8275275230407715
3.7978720664978027
3.9360241889953613
3.915659189224243
3.8005075454711914
3.758099317550659
3.675992012023926
3.7545547485351562
3.9103174209594727
3.3578763008117676
3.905940055847168
3.5306007862091064
3.8378634452819824
3.9380362033843994
3.456035852432251
3.9438109397888184
3.531709671020508
3.7977583408355713
3.8487753868103027
3.7201855182647705
3.8387773036956787
3.5307745933532715
3.754426956176758
4.003770589828491
3.456479072570801
3.942221164703369
3.6029984951019287
3.676072835922241
3.8213677406311035
3.4229118824005127
3.9777588844299316
3.6029233932495117
3.8196072578430176
3.895589590072632
3.5899651050567627
3.816188097000122
3.6521735191345215
3.7711710929870605
3.8488311767578125
3.486189365386963
4.110989570617676
3.5172054767608643
3.8397176265716553
3.8246660232543945
3.3654167652130127
3.8312573432922363
3.472399950027466
3.661069869995117
3.6850101947784424
3.5662708282470703
3.6951916217803955
3.46002459526062
3.6441056728363037
3.8051846027374268
3.3884437084198
3.789888620376587
3.4660604000091553
3.6539011001586914
3.833677291870117
3.3628175258636475
3.8039450645446777
3.4645683765411377
3.7041187286376953
3.706667900085449
3.583721399307251
3.88130784034729
3.6484522819519043
3.7805466651916504
