3.525611400604248
3.5784554481506348
3.283447742462158
3.9046459197998047
3.9459521770477295
3.749004602432251
3.6701290607452393
3.365448474884033
3.3193464279174805
3.5357491970062256
3.5835671424865723
3.673401117324829
3.311793327331543
3.681309700012207
3.361327886581421
3.287367343902588
3.6861069202423096
3.3735973834991455
3.3090052604675293
3.7023673057556152
3.3180863857269287
3.745701789855957
3.3741366863250732
3.3631389141082764
3.860657215118408
3.389178991317749
3.323076009750366
3.6269586086273193
3.3100314140319824
3.6638433933258057
3.3459553718566895
3.300684690475464
3.6546013355255127
3.363185405731201
3.3044066429138184
3.6312973499298096
3.3192033767700195
3.683844804763794
3.3975493907928467
3.3431291580200195
3.665172576904297
3.344865322113037
3.283596992492676
3.631258010864258
3.3007500171661377
3.6724417209625244
3.341387987136841
3.313378095626831
3.64615535736084
3.343172311782837
3.3203670978546143
3.632070541381836
3.3110597133636475
3.6839845180511475
3.3465328216552734
3.334573745727539
3.6470530033111572
3.3395638465881348
3.3012752532958984
3.5828263759613037
3.270267963409424
3.51200008392334
3.579218864440918
3.583756685256958
3.2940783500671387
3.59395432472229
3.2651727199554443
3.5301756858825684
3.6156411170959473
3.268267869949341
3.5424413681030273
3.5907580852508545
3.311821460723877
3.5881075859069824
3.6536595821380615
3.317516326904297
3.2744545936584473
3.5335209369659424
3.5790770053863525
3.648022413253784
3.3344364166259766
3.2847390174865723
3.6125948429107666
3.2837395668029785
3.938173532485962
3.354201555252075
3.6639935970306396
3.2984142303466797
3.6079342365264893
3.3013155460357666
3.53053617477417
3.552170515060425
3.614140748977661
3.2911884784698486
3.5951452255249023
3.273292064666748
3.541328191757202
3.6059420108795166
3.319246292114258
3.5527141094207764
3.7068912982940674
3.487602472305298
3.679569959640503
3.8677170276641846
3.39414119720459
3.3063809871673584
3.6325504779815674
3.7460758686065674
3.783684015274048
3.46372127532959
3.4054133892059326
3.698263645172119
3.6295742988586426
3.720785617828369
3.429795265197754
3.678206443786621
3.3601996898651123
3.3400638103485107
3.6732568740844727
3.380178689956665
3.672515869140625
3.683807134628296
3.6338999271392822
3.431690216064453
3.71661639213562
3.415018081665039
3.3782360553741455
4.049458265304565
3.671718120574951
3.6473591327667236
4.034610986709595
3.4370276927948
3.7713754177093506
3.4138920307159424
3.3172574043273926
3.6927051544189453
3.450282573699951
3.4169960021972656
3.7724146842956543
3.4462544918060303
3.6994876861572266
3.4059224128723145
3.3326199054718018
3.842271566390991
3.392399549484253
3.3959007263183594
3.789897918701172
3.457709550857544
3.8289780616760254
3.3669326305389404
3.415417194366455
3.8271312713623047
3.499894618988037
3.4159693717956543
3.746673583984375
3.502019166946411
3.8242926597595215
3.6617400646209717
3.382737874984741
3.922238349914551
3.520023822784424
3.537688970565796
3.7928662300109863
3.4398081302642822
3.6039528846740723
3.7522523403167725
3.658560037612915
3.347785472869873
3.8074917793273926
3.447145462036133
3.6961441040039062
3.6968588829040527
3.4641788005828857
3.642306327819824
3.8596842288970947
3.374624729156494
3.810908794403076
3.419188976287842
3.4231157302856445
3.766979694366455
3.525886058807373
3.4212117195129395
3.8006014823913574
3.429431200027466
3.432800531387329
3.7938544750213623
3.400944232940674
3.700774908065796
3.721036434173584
3.8118808269500732
3.4580259323120117
3.7476837635040283
3.456005573272705
3.748966932296753
3.7844018936157227
3.3740904331207275
3.7144575119018555
3.975270986557007
3.352735757827759
3.659411907196045
3.688905715942383
3.3510630130767822
3.288426399230957
3.558403968811035
3.631617307662964
3.709484815597534
3.3444387912750244
3.3114736080169678
3.620425224304199
3.3421363830566406
3.625549793243408
3.315253257751465
