0.010007381439208984
0.011002302169799805
0.010021209716796875
0.011027336120605469
0.010007381439208984
0.010014533996582031
0.010022163391113281
0.011997461318969727
0.010019063949584961
0.009996175765991211
0.010003328323364258
0.010570049285888672
0.010015487670898438
0.009979009628295898
0.008993864059448242
0.010001659393310547
0.009999990463256836
0.009989261627197266
0.010988235473632812
0.008994817733764648
0.010012388229370117
0.008999824523925781
0.01000356674194336
0.00999903678894043
0.010007858276367188
0.010002374649047852
0.010003805160522461
0.010002851486206055
0.009996891021728516
0.010001897811889648
0.10768771171569824
0.010004281997680664
0.01000213623046875
0.010003089904785156
0.00900721549987793
0.010003328323364258
0.01101541519165039
0.010001420974731445
0.010018587112426758
0.011010885238647461
0.0120086669921875
0.012003898620605469
0.009987354278564453
0.009983062744140625
0.011003971099853516
0.010001897811889648
0.009981870651245117
0.010622024536132812
0.008999347686767578
0.008989334106445312
0.010009765625
0.01000213623046875
0.010001659393310547
0.10003113746643066
0.008999824523925781
0.08601737022399902
0.01000356674194336
0.011011362075805664
0.010021686553955078
0.009988546371459961
0.08957505226135254
0.009990215301513672
0.08900761604309082
0.009996175765991211
0.010011911392211914
0.09004044532775879
0.009552717208862305
0.010014533996582031
0.010095357894897461
0.011001110076904297
0.01000356674194336
0.01199483871459961
0.013004064559936523
0.010154008865356445
0.0936284065246582
0.011017560958862305
0.009007453918457031
0.010002851486206055
0.010988712310791016
0.009999513626098633
0.010004043579101562
0.010001659393310547
0.010002613067626953
0.010003089904785156
0.011001348495483398
0.010006189346313477
0.010001420974731445
0.011998414993286133
0.011002540588378906
0.009996891021728516
0.010003089904785156
0.010987281799316406
0.009992599487304688
0.08400583267211914
0.011986017227172852
0.010009050369262695
0.01000833511352539
0.009020566940307617
0.010995864868164062
0.009779691696166992
0.010313272476196289
0.08559036254882812
0.010001182556152344
0.01044917106628418
0.011983633041381836
0.012005090713500977
0.011040687561035156
0.011718988418579102
0.010002374649047852
0.011003255844116211
0.010982513427734375
0.011005401611328125
0.013014078140258789
0.010875225067138672
0.009996891021728516
0.009507894515991211
0.009987831115722656
0.010001659393310547
0.010572433471679688
0.010008573532104492
0.009001731872558594
0.010732650756835938
0.011002779006958008
0.010009050369262695
0.011002540588378906
0.01099538803100586
0.01002192497253418
0.009991884231567383
0.010020732879638672
0.010996818542480469
0.08157205581665039
0.011022329330444336
0.0890047550201416
0.010984659194946289
0.009997367858886719
0.011002302169799805
0.012006998062133789
0.010016202926635742
0.010001659393310547
0.009018898010253906
0.010025262832641602
0.011001110076904297
0.01000213623046875
0.010001420974731445
0.009007453918457031
0.08576321601867676
0.011003255844116211
0.09603357315063477
0.010002374649047852
0.011013031005859375
0.00899958610534668
0.010020017623901367
0.00999140739440918
0.010008573532104492
0.011002302169799805
0.011992454528808594
0.00900411605834961
0.01000213623046875
0.011021614074707031
0.009013175964355469
0.08402419090270996
0.010002374649047852
0.009989261627197266
0.010996103286743164
0.009981870651245117
0.011003494262695312
0.011002540588378906
0.009988546371459961
0.011016130447387695
0.011006593704223633
0.01001596450805664
0.010618448257446289
0.009994983673095703
0.010002851486206055
0.011004209518432617
0.009978294372558594
0.01000213623046875
0.010009050369262695
0.010991096496582031
0.01100921630859375
0.00999593734741211
0.00999593734741211
0.01100301742553711
0.009987115859985352
0.01000070571899414
0.01000666618347168
0.01098322868347168
0.009655475616455078
0.010006904602050781
0.010999202728271484
0.011015653610229492
0.010008573532104492
0.009990215301513672
0.009983301162719727
0.010014057159423828
0.010027408599853516
0.01002049446105957
0.010360956192016602
0.009538412094116211
0.009996891021728516
0.0110015869140625
0.009001731872558594
0.011195898056030273
0.009984254837036133
0.010007381439208984
0.010003805160522461
0.011003971099853516
0.010014057159423828
0.08554816246032715
0.009995698928833008
0.010016202926635742
0.08119750022888184
