0.015002250671386719
0.010001897811889648
0.010014533996582031
0.010000944137573242
0.010634422302246094
0.01000356674194336
0.01200103759765625
0.013001203536987305
0.010008096694946289
0.010001897811889648
0.01100301742553711
0.009996414184570312
0.010002374649047852
0.00992274284362793
0.010059356689453125
0.010138511657714844
0.010000228881835938
0.009996652603149414
0.012002706527709961
0.010014533996582031
0.011022090911865234
0.009993553161621094
0.009994983673095703
0.009994983673095703
0.010554075241088867
0.009008646011352539
0.009015798568725586
0.009987354278564453
0.009009361267089844
0.009001970291137695
0.10208582878112793
0.010016441345214844
0.0099945068359375
0.010002374649047852
0.08703255653381348
0.009026050567626953
0.009579181671142578
0.0099945068359375
0.009001970291137695
0.00999593734741211
0.011749267578125
0.009540319442749023
0.010474681854248047
0.009996652603149414
0.009988784790039062
0.07895684242248535
0.009990215301513672
0.00999307632446289
0.010005474090576172
0.009995460510253906
0.010010004043579102
0.010637521743774414
0.010001897811889648
0.08601927757263184
0.010001182556152344
0.01000356674194336
0.00999593734741211
0.009982585906982422
0.009984254837036133
0.010000467300415039
0.012003183364868164
0.009996652603149414
0.01000213623046875
0.010028839111328125
0.009984254837036133
0.010003805160522461
0.009982585906982422
0.010001420974731445
0.009994983673095703
0.009995698928833008
0.012007713317871094
0.009999752044677734
0.010253190994262695
0.010016202926635742
0.01099705696105957
0.010021686553955078
0.010003089904785156
0.009526491165161133
0.09133458137512207
0.010008573532104492
0.10764455795288086
0.010996818542480469
0.010021209716796875
0.009016990661621094
0.012015104293823242
0.011004447937011719
0.011002302169799805
0.009987592697143555
0.08400368690490723
0.010001420974731445
0.011005401611328125
0.010001659393310547
0.01099705696105957
0.010996341705322266
0.008983135223388672
0.010020732879638672
0.010004043579101562
0.009995460510253906
0.009706974029541016
0.009990930557250977
0.010506391525268555
0.009628057479858398
0.012003660202026367
0.012003898620605469
0.010987520217895508
0.01001596450805664
0.01300501823425293
0.01053762435913086
0.01100301742553711
0.010017633438110352
0.009993791580200195
0.010955095291137695
0.010007619857788086
0.011021852493286133
0.009019613265991211
0.009999752044677734
0.011002063751220703
0.011996746063232422
0.013003110885620117
0.009003639221191406
0.011002779006958008
0.009981870651245117
0.0941462516784668
0.010000228881835938
0.010001897811889648
0.010397195816040039
0.010009288787841797
0.010000944137573242
0.009748697280883789
0.010584592819213867
0.09111976623535156
0.08473896980285645
0.08613252639770508
0.009983301162719727
0.08603072166442871
0.010020017623901367
0.009995698928833008
0.009383440017700195
0.01000213623046875
0.08677101135253906
0.010002851486206055
0.010001420974731445
0.011001825332641602
0.009983062744140625
0.011003732681274414
0.01100015640258789
0.010016202926635742
0.01000356674194336
0.01000666618347168
0.009008407592773438
0.011002779006958008
0.00999593734741211
0.010991811752319336
0.010000467300415039
0.00898599624633789
0.013006925582885742
0.008998870849609375
0.012997150421142578
0.010015249252319336
0.009988784790039062
0.010102272033691406
0.009016036987304688
0.08503270149230957
0.009021520614624023
0.011990785598754883
0.009991168975830078
0.010021448135375977
0.01007080078125
0.01000833511352539
0.0956258773803711
0.010013580322265625
0.01000213623046875
0.08908677101135254
