3.9782214164733887
3.533374309539795
3.863013982772827
3.917958974838257
3.557093858718872
3.8933916091918945
4.0111284255981445
3.564807415008545
3.807105779647827
3.9542245864868164
3.5537467002868652
3.7280633449554443
3.855128765106201
3.750962734222412
3.636014461517334
3.7034106254577637
3.867715358734131
3.3941195011138916
3.8499484062194824
3.953432321548462
3.5550878047943115
3.834190607070923
3.9965457916259766
3.5375864505767822
3.8059775829315186
3.939006805419922
3.9141478538513184
3.7607574462890625
3.8893134593963623
3.6732800006866455
3.692232608795166
3.87479305267334
3.431896924972534
3.738959789276123
4.04112434387207
3.533740520477295
3.8343517780303955
4.049566030502319
3.5006048679351807
3.7697927951812744
3.8084516525268555
3.881898880004883
3.5836575031280518
3.867313861846924
4.01358962059021
3.591670513153076
3.8476669788360596
3.949605941772461
3.489013671875
3.7847776412963867
3.902811050415039
3.561899423599243
3.8221185207366943
3.9266583919525146
3.8466856479644775
3.715362787246704
3.8298401832580566
3.653414487838745
3.8778703212738037
3.9644651412963867
3.466135263442993
3.943411111831665
4.1460723876953125
3.507319450378418
3.8050506114959717
3.9759984016418457
3.521679162979126
3.7854537963867188
3.9126203060150146
3.5671591758728027
3.873325824737549
4.025874614715576
4.1203532218933105
3.681804895401001
3.915093183517456
4.064168930053711
3.602938652038574
3.9173479080200195
4.051678895950317
3.5079152584075928
3.8843917846679688
3.985182285308838
3.5239105224609375
3.8928232192993164
3.856250286102295
3.792492389678955
3.7228472232818604
3.8997178077697754
3.591580629348755
3.796227216720581
3.977365732192993
3.4767608642578125
3.8434805870056152
4.014502763748169
3.5271506309509277
3.798384189605713
3.952247381210327
3.4880166053771973
3.8025999069213867
3.9452426433563232
3.4789557456970215
3.8778493404388428
3.9193837642669678
4.059609889984131
3.5623598098754883
3.929602861404419
3.957101345062256
3.537440061569214
3.820328950881958
3.9945788383483887
3.5460424423217773
3.857938766479492
4.030117511749268
3.5349066257476807
3.815896511077881
3.904829978942871
3.925438404083252
3.9858052730560303
3.8493714332580566
3.630330801010132
3.688997745513916
3.947521209716797
3.41560435295105
3.771108388900757
3.93766713142395
3.4611215591430664
3.721554756164551
3.9164481163024902
3.4324991703033447
3.749326467514038
3.9171860218048096
3.4368016719818115
3.7401223182678223
3.727398633956909
3.9623045921325684
3.417414665222168
3.7382664680480957
3.9155893325805664
3.4306814670562744
3.763007879257202
3.928661584854126
3.4111266136169434
3.742725133895874
3.9263644218444824
3.447252035140991
3.710200071334839
3.799237012863159
3.880981922149658
3.4344582557678223
3.7594292163848877
3.9511072635650635
3.4337470531463623
3.7578444480895996
3.9238481521606445
3.406215190887451
3.7523202896118164
3.9299776554107666
3.423771381378174
3.731539011001587
3.8051278591156006
3.8782267570495605
3.4276294708251953
3.88629412651062
4.116440773010254
3.469353199005127
3.7532355785369873
3.9266903400421143
3.4628958702087402
3.739293336868286
3.922877073287964
3.423067569732666
3.7538769245147705
3.815685272216797
