0.010002613067626953
0.011026144027709961
0.00899648666381836
0.012002706527709961
0.010990142822265625
0.00999593734741211
0.010052680969238281
0.011993885040283203
0.009983062744140625
0.011001348495483398
0.010001182556152344
0.009009122848510742
0.01000213623046875
0.010022878646850586
0.010987997055053711
0.008981466293334961
0.009989023208618164
0.010023117065429688
0.01001596450805664
0.00998234748840332
0.011002540588378906
0.010022878646850586
0.010009527206420898
0.00900888442993164
0.01000356674194336
0.00998997688293457
0.010002374649047852
0.009596586227416992
0.011006355285644531
0.010048151016235352
0.09961724281311035
0.01099085807800293
0.010007381439208984
0.009004592895507812
0.08559536933898926
0.010013341903686523
0.009988546371459961
0.010015010833740234
0.009014606475830078
0.010849952697753906
0.011002540588378906
0.010017871856689453
0.010996341705322266
0.01001882553100586
0.010001182556152344
0.07802367210388184
0.010001420974731445
0.009984254837036133
0.008989572525024414
0.009982109069824219
0.010988473892211914
0.009988546371459961
0.010014533996582031
0.09490847587585449
0.010882854461669922
0.00998377799987793
0.008982181549072266
0.009002447128295898
0.009013891220092773
0.008991718292236328
0.009981155395507812
0.009020328521728516
0.009996414184570312
0.010022640228271484
0.009019136428833008
0.009994983673095703
0.008983135223388672
0.009016752243041992
0.010009527206420898
0.010013580322265625
0.011535406112670898
0.01098179817199707
0.010009050369262695
0.011008262634277344
0.011002540588378906
0.008988380432128906
0.01000213623046875
0.008997440338134766
0.08413314819335938
0.009981632232666016
0.0975792407989502
0.009039878845214844
0.01001739501953125
0.010009765625
0.009987592697143555
0.011002540588378906
0.012022256851196289
0.008985042572021484
0.08200669288635254
0.009999990463256836
0.0099945068359375
0.00954127311706543
0.009056568145751953
0.011003732681274414
0.011999368667602539
0.00961160659790039
0.01000213623046875
0.011002302169799805
0.01002049446105957
0.010021686553955078
0.009576797485351562
0.010094881057739258
0.010020017623901367
0.012002944946289062
0.009997844696044922
0.010145425796508789
0.00998377799987793
0.010007381439208984
0.009543418884277344
0.012003183364868164
0.010004758834838867
0.010002374649047852
0.009981870651245117
0.009996175765991211
0.010003089904785156
0.01000356674194336
0.010009050369262695
0.012003183364868164
0.009017467498779297
0.011137008666992188
0.010014772415161133
0.010001420974731445
0.010009288787841797
0.009001970291137695
0.011008977890014648
0.011002302169799805
0.009993553161621094
0.01199650764465332
0.011004209518432617
0.011002779006958008
0.010999441146850586
0.009987831115722656
0.010001897811889648
0.011002302169799805
0.009982585906982422
0.009011030197143555
0.009994745254516602
0.011094331741333008
0.010198831558227539
0.010051727294921875
0.01101994514465332
0.010002613067626953
0.08454561233520508
0.010000944137573242
0.01201486587524414
0.01100301742553711
0.009008646011352539
0.009999275207519531
0.009996652603149414
0.010003089904785156
0.011537790298461914
0.010009288787841797
0.009995460510253906
0.010002374649047852
0.010469198226928711
0.012000560760498047
0.009988069534301758
0.01098322868347168
0.00902557373046875
0.010005950927734375
0.010002374649047852
0.011003971099853516
0.010014533996582031
0.009996652603149414
0.009404420852661133
0.011074304580688477
0.0859987735748291
0.08928561210632324
0.09201884269714355
0.009790420532226562
0.009999752044677734
0.009989023208618164
0.011387825012207031
0.08670735359191895
0.011001825332641602
0.010001897811889648
0.00899362564086914
0.011002063751220703
0.08900785446166992
0.01101827621459961
0.009988784790039062
0.009995698928833008
0.009527921676635742
0.009999513626098633
0.009982109069824219
0.010002374649047852
0.010009527206420898
0.010003805160522461
0.010039329528808594
0.011999845504760742
0.01001739501953125
0.01100468635559082
0.009394407272338867
0.010001420974731445
0.014002084732055664
0.009989261627197266
0.010995626449584961
0.011008977890014648
0.010993242263793945
0.014002799987792969
0.010002613067626953
0.08545947074890137
0.00998234748840332
0.012001991271972656
0.009045124053955078
0.009014368057250977
0.009995698928833008
0.010014533996582031
0.09633541107177734
0.010002851486206055
0.009001970291137695
0.07802319526672363
