2.5339181423187256
2.587143898010254
2.621713399887085
2.690805673599243
2.680312156677246
2.452019691467285
2.397871255874634
2.6072418689727783
2.668416738510132
2.4139697551727295
2.696924924850464
2.4291114807128906
2.3873162269592285
2.675446033477783
2.4176790714263916
2.6548304557800293
2.4184038639068604
2.6586272716522217
2.41538667678833
2.6701819896698
2.4017908573150635
2.6576192378997803
2.423379421234131
2.714738368988037
2.462611675262451
2.6774919033050537
2.408503293991089
2.675542116165161
2.411005973815918
2.6879751682281494
2.421029567718506
2.726720094680786
2.41373610496521
2.664950132369995
2.4196321964263916
2.6890869140625
2.4107112884521484
2.6910042762756348
2.4476141929626465
2.702941417694092
2.4612579345703125
2.4119834899902344
2.6408488750457764
2.6937389373779297
2.435406446456909
2.720384120941162
2.4498450756073
2.4175798892974854
2.6754045486450195
2.4217162132263184
2.683746337890625
2.4460785388946533
2.69803786277771
2.4532980918884277
2.691023826599121
2.435283899307251
2.6738903522491455
2.4347968101501465
2.681532859802246
2.423586368560791
2.7258379459381104
2.4376485347747803
2.6913774013519287
2.438549757003784
2.886746644973755
2.5586466789245605
2.8286094665527344
2.577026605606079
2.9213955402374268
2.4454705715179443
2.683046340942383
2.4292993545532227
2.674790859222412
2.4245219230651855
2.6897504329681396
2.4367518424987793
2.691687822341919
2.4425907135009766
2.6951239109039307
2.428046464920044
2.7083849906921387
2.7383933067321777
3.9583654403686523
2.7580318450927734
2.9663467407226562
2.7393248081207275
3.3576130867004395
2.936187744140625
3.138307809829712
2.6291286945343018
2.501127004623413
2.7787024974823
2.77005934715271
2.6000888347625732
2.927339553833008
2.517472743988037
2.5429091453552246
2.911043643951416
2.5833537578582764
2.78024959564209
2.542747974395752
2.8150219917297363
2.569632053375244
2.854853391647339
2.5491855144500732
2.98508882522583
2.5353713035583496
2.7562782764434814
2.5875089168548584
2.78584885597229
2.5496528148651123
2.79860782623291
2.485989809036255
2.9100794792175293
2.588609457015991
2.7453434467315674
2.530911922454834
2.834700107574463
2.498702049255371
2.8251760005950928
2.561218738555908
2.7671072483062744
2.554380178451538
2.830578327178955
2.534914970397949
3.1419613361358643
2.6308696269989014
2.931530714035034
2.5175564289093018
2.847137451171875
2.7221858501434326
2.81303334236145
2.569514274597168
2.878244638442993
2.649801015853882
2.7604081630706787
2.4913690090179443
2.8667216300964355
2.7048676013946533
2.516718864440918
2.6951029300689697
2.758819818496704
2.643969774246216
2.9290857315063477
2.523829936981201
2.4995334148406982
2.8319694995880127
2.5901553630828857
2.9092540740966797
2.546889305114746
2.7692551612854004
2.4961442947387695
2.8693454265594482
2.6833367347717285
2.738173484802246
2.517965316772461
2.7533791065216064
2.519914388656616
2.8733224868774414
2.6919472217559814
2.7866015434265137
2.4911882877349854
2.7301158905029297
2.546462059020996
2.8597254753112793
2.677966833114624
2.749751091003418
2.5066919326782227
2.7970385551452637
2.588292121887207
2.8439643383026123
2.4897170066833496
2.8872578144073486
2.6748526096343994
2.821953058242798
2.5439748764038086
2.884230136871338
2.5791213512420654
2.8895583152770996
2.6517302989959717
2.7801687717437744
2.707397937774658
2.9841954708099365
2.6596486568450928
2.8825299739837646
2.513655424118042
2.891186237335205
2.625690460205078
2.493776559829712
2.8523240089416504
2.9187979698181152
2.521775007247925
2.834556818008423
2.7308526039123535
2.565648078918457
2.798839807510376
2.5743112564086914
2.9031074047088623
2.5045785903930664
2.7528741359710693
2.4729835987091064
2.8575873374938965
2.7242488861083984
2.786750078201294
2.5065364837646484
2.821960210800171
2.5373504161834717
2.84486985206604
2.5179014205932617
2.763023614883423
2.4956140518188477
2.8819687366485596
2.531688690185547
2.8562119007110596
2.5103824138641357
2.7874534130096436
2.5299713611602783
2.8585376739501953
2.6100969314575195
2.8516452312469482
2.6244468688964844
2.872313976287842
2.503168821334839
2.7715415954589844
2.6558749675750732
2.876072645187378
2.621718168258667
2.7822048664093018
2.506389617919922
2.8956027030944824
2.6431524753570557
2.997189521789551
2.5241928100585938
2.806823492050171
2.6984124183654785
2.961606502532959
2.5571231842041016
2.573537826538086
2.9401309490203857
2.9634125232696533
2.564772605895996
2.880434036254883
2.657775402069092
2.5779688358306885
2.9076507091522217
2.5197861194610596
2.770115375518799
2.4920170307159424
2.878277540206909
2.6363582611083984
2.7755420207977295
2.5457661151885986
2.8993237018585205
2.6211893558502197
2.8123223781585693
2.5350284576416016
2.8737213611602783
2.6197524070739746
2.8158347606658936
2.586529016494751
3.016634941101074
2.5186643600463867
2.7602555751800537
2.5287792682647705
3.0101590156555176
2.564706802368164
2.771285057067871
2.5077805519104004
2.8556418418884277
2.626563787460327
2.922495126724243
2.5776584148406982
2.8152992725372314
2.646057605743408
2.955493927001953
2.5370354652404785
2.869839906692505
2.560509204864502
2.942495107650757
2.55591082572937
2.854250431060791
2.712193012237549
2.875609874725342
2.6836190223693848
2.885096788406372
2.627546548843384
2.6797587871551514
2.890622138977051
2.610503911972046
2.9788453578948975
2.806565046310425
2.5357728004455566
2.805986166000366
2.8389666080474854
2.5535457134246826
2.7269062995910645
2.793086528778076
2.5085246562957764
2.784822940826416
2.8933300971984863
2.747000217437744
2.761148691177368
2.9806137084960938
2.562953472137451
2.839925527572632
2.877275228500366
2.584132671356201
2.956796646118164
2.847264528274536
2.6650185585021973
2.9024593830108643
2.5346596240997314
2.7928826808929443
2.978336811065674
2.5206644535064697
2.822883129119873
2.8649935722351074
2.607790231704712
2.742067813873291
2.976778268814087
2.7082979679107666
2.786451816558838
2.9427785873413086
2.5227928161621094
2.82131028175354
2.864142894744873
2.646942377090454
2.916592836380005
2.6244966983795166
2.815638303756714
2.9451863765716553
2.5539114475250244
2.913278102874756
2.8514087200164795
2.632873296737671
