2.7518539428710938
2.6139183044433594
2.356049060821533
2.6842153072357178
2.3728854656219482
2.6657004356384277
2.4769392013549805
2.3987298011779785
2.6539690494537354
2.3747646808624268
2.6587672233581543
2.376220226287842
2.6642091274261475
2.3888182640075684
2.633256196975708
2.3597798347473145
2.625856637954712
2.3890740871429443
2.6201720237731934
2.478548049926758
2.6182894706726074
2.4269063472747803
2.6504268646240234
2.443927049636841
2.7034966945648193
2.4334583282470703
2.6742355823516846
2.441354751586914
2.69110107421875
2.429287910461426
2.6905970573425293
2.423431634902954
2.6658823490142822
2.4388134479522705
2.665515661239624
2.408465623855591
2.6870312690734863
2.403116464614868
2.6978049278259277
2.425147771835327
2.7079410552978516
2.4279122352600098
2.6609513759613037
2.438664197921753
2.680736780166626
2.423358917236328
2.6912922859191895
2.387948751449585
2.7673232555389404
2.4086930751800537
2.415310859680176
2.616311550140381
2.685796022415161
2.4227797985076904
2.6672918796539307
2.421562671661377
2.4269142150878906
2.6493704319000244
2.420886754989624
2.654163122177124
2.3852529525756836
2.6627023220062256
2.439124345779419
2.6354269981384277
2.375077962875366
2.633976459503174
2.3907363414764404
2.6364572048187256
2.3851277828216553
2.6371846199035645
2.383863925933838
2.6482458114624023
2.3710739612579346
2.632634401321411
2.3755922317504883
2.6421351432800293
2.4012508392333984
2.6399283409118652
2.382413864135742
2.66247296333313
2.393913507461548
2.642179250717163
2.3900437355041504
2.6514031887054443
2.391932249069214
2.6565654277801514
2.4021008014678955
2.654505729675293
2.4203453063964844
2.6513965129852295
2.4107773303985596
2.6485354900360107
2.378096342086792
2.64856219291687
2.4005236625671387
2.6690094470977783
2.4119646549224854
2.6743321418762207
2.4195761680603027
2.3652124404907227
2.6190178394317627
2.667886257171631
2.395695209503174
2.739562749862671
2.42803692817688
2.4087696075439453
2.6414010524749756
2.4055933952331543
2.643064498901367
2.402599334716797
2.64800763130188
2.3963711261749268
2.655179023742676
2.38500714302063
2.6387271881103516
2.3911478519439697
2.645895481109619
2.3880867958068848
2.6718316078186035
2.399432420730591
2.645629405975342
2.3887500762939453
2.6411497592926025
2.401336669921875
2.68308424949646
2.487332820892334
2.660554885864258
2.398414373397827
2.662999391555786
2.412421703338623
2.6522626876831055
2.4431846141815186
2.645456552505493
2.44804310798645
2.641965389251709
2.395230770111084
2.647874116897583
2.402412176132202
2.7126874923706055
2.3994948863983154
2.639211654663086
2.4082138538360596
2.666224718093872
2.394535541534424
2.6709418296813965
2.4116296768188477
2.7223472595214844
2.445060968399048
2.4113194942474365
2.6110177040100098
2.7468066215515137
2.4108176231384277
2.7668707370758057
2.4370546340942383
2.3981807231903076
2.698446273803711
2.4507482051849365
2.668480396270752
2.4040448665618896
2.6482179164886475
2.466937303543091
2.6586780548095703
2.4003117084503174
2.6786816120147705
2.4163174629211426
2.664008855819702
2.403446674346924
2.7081527709960938
2.409169912338257
2.6650474071502686
2.388124465942383
2.659914493560791
2.4113268852233887
2.7080657482147217
2.4024269580841064
2.710761785507202
2.423551321029663
2.682055950164795
2.4081077575683594
2.672515869140625
2.4185945987701416
2.6510751247406006
2.414658308029175
2.661489963531494
2.4072773456573486
2.693262815475464
2.465346097946167
2.660529375076294
2.4322073459625244
2.6680476665496826
2.3997256755828857
2.717411518096924
2.4596598148345947
2.6629693508148193
2.4071459770202637
2.679424524307251
2.4335227012634277
2.393535852432251
2.65505051612854
2.7195065021514893
2.4340107440948486
2.719069719314575
2.4848151206970215
2.413731098175049
2.6733880043029785
2.3940417766571045
2.6640207767486572
2.434253454208374
2.7186279296875
2.4023587703704834
2.6857237815856934
2.4020166397094727
2.7223854064941406
2.414733409881592
2.65871524810791
2.4236395359039307
2.6961216926574707
2.4098904132843018
2.677940845489502
2.4297728538513184
2.661194086074829
2.4164702892303467
2.662093162536621
2.4098715782165527
2.6589348316192627
2.4278218746185303
2.716435194015503
2.430356979370117
2.698038101196289
2.4297423362731934
2.6664483547210693
2.412874221801758
2.682126522064209
2.4124598503112793
2.672400951385498
2.43135666847229
2.713226318359375
2.4324233531951904
2.7044456005096436
2.4258739948272705
2.668281316757202
2.420527696609497
2.6822876930236816
2.4231884479522705
2.70181941986084
2.468179941177368
2.394400119781494
2.6674509048461914
2.445014715194702
2.610050678253174
2.665278196334839
2.473109006881714
2.672015905380249
2.643050193786621
2.3913631439208984
2.6185247898101807
2.6693928241729736
2.4302732944488525
2.6017584800720215
2.730722427368164
2.4526758193969727
2.6222894191741943
2.669806718826294
2.3974552154541016
2.6286461353302
2.727309465408325
2.4226810932159424
2.6953318119049072
2.476095199584961
2.4274070262908936
2.659599781036377
2.3956003189086914
2.6819090843200684
2.6643729209899902
2.3948028087615967
2.6283388137817383
2.6781890392303467
2.390493631362915
2.6326262950897217
2.675539970397949
2.403752326965332
2.6522750854492188
2.675360918045044
2.4045727252960205
2.6374266147613525
2.6813762187957764
2.430933952331543
2.727428913116455
2.455573558807373
2.4004762172698975
2.6521878242492676
2.4101386070251465
2.625265598297119
2.6666862964630127
2.402768611907959
2.6026790142059326
2.7027766704559326
2.428166389465332
2.6207611560821533
2.7113144397735596
2.3971776962280273
2.6216986179351807
2.665130853652954
2.451448917388916
2.632535934448242
2.7015380859375
2.4325952529907227
2.71651554107666
2.4540281295776367
2.423245906829834
2.6631879806518555
2.448648691177368
2.675509452819824
2.661735773086548
2.3920934200286865
2.6149063110351562
2.670414686203003
2.3962604999542236
2.65531325340271
2.651573419570923
2.4513559341430664
2.6232967376708984
2.670107841491699
2.4336955547332764
2.6600091457366943
2.7059168815612793
2.4260025024414062
2.7048821449279785
2.4457931518554688
2.4229626655578613
2.6749985218048096
2.4369637966156006
2.6114251613616943
2.70086669921875
2.4028029441833496
2.6262528896331787
2.655231475830078
2.4055285453796387
2.6183013916015625
2.6604902744293213
2.4504337310791016
2.692065477371216
2.678006172180176
2.430058002471924
2.659857749938965
2.7330214977264404
2.437952756881714
2.7184736728668213
2.462609052658081
2.433269500732422
2.716639518737793
2.464289426803589
2.629974126815796
2.652919292449951
