2.7303593158721924
2.7524545192718506
2.5323843955993652
2.707035779953003
2.6531145572662354
2.8218636512756348
2.6409218311309814
2.939053535461426
2.6739461421966553
2.6182374954223633
2.7858142852783203
2.695169448852539
2.688814640045166
2.811872720718384
2.5849905014038086
2.8538646697998047
2.489649772644043
2.8882315158843994
2.797098398208618
2.6804757118225098
2.7358129024505615
2.6205153465270996
2.809290885925293
2.6909539699554443
2.831218719482422
2.778176784515381
2.774695873260498
2.690253496170044
2.762171506881714
2.7442197799682617
2.8354978561401367
2.6963388919830322
2.7708892822265625
2.6978514194488525
2.8985390663146973
2.740352153778076
2.778996229171753
2.707932949066162
2.8897838592529297
2.754300117492676
2.883146286010742
2.7938482761383057
2.882101535797119
2.6718218326568604
2.838172435760498
2.793903112411499
2.825082540512085
2.68381929397583
2.876783609390259
2.7084076404571533
2.8149776458740234
2.6944186687469482
2.9875214099884033
2.6942198276519775
2.8676304817199707
2.7348999977111816
2.863250970840454
2.6425905227661133
2.835618257522583
2.748229503631592
3.0145263671875
2.688181161880493
2.7996959686279297
2.6471166610717773
2.9264750480651855
2.779017686843872
2.891411781311035
2.659672975540161
2.966233968734741
2.7551703453063965
2.829691171646118
2.6496222019195557
2.8944833278656006
2.8157992362976074
2.804630756378174
2.746696949005127
2.93210768699646
2.7790017127990723
2.842564105987549
2.7714109420776367
2.888160228729248
2.693105697631836
2.793316602706909
2.688913345336914
2.8409247398376465
2.67439603805542
2.822988271713257
2.807149648666382
2.942910671234131
2.7663447856903076
2.817568302154541
2.686288833618164
2.893205404281616
2.688502788543701
2.9649531841278076
2.6890103816986084
3.0008137226104736
2.7674965858459473
2.932790756225586
2.682967185974121
2.810161828994751
2.7188732624053955
2.8918542861938477
2.7555768489837646
2.859168291091919
2.6853933334350586
2.843989610671997
2.768589496612549
2.864910364151001
2.771610975265503
2.8370919227600098
2.7009074687957764
2.8531901836395264
2.6955997943878174
2.8349013328552246
2.7487261295318604
2.870710611343384
2.8280797004699707
2.895853042602539
2.7231504917144775
2.803770065307617
2.6659433841705322
2.8959195613861084
2.9904046058654785
2.850654125213623
2.6648056507110596
2.7737724781036377
2.6938366889953613
2.7803595066070557
2.644609212875366
2.7807488441467285
2.6460580825805664
2.765749931335449
2.6470556259155273
2.794440269470215
2.6562302112579346
2.7953884601593018
2.637159585952759
2.7638285160064697
2.6341240406036377
2.767981767654419
2.641079902648926
2.7803494930267334
2.637402057647705
2.7850658893585205
2.652259588241577
2.796600103378296
2.635138750076294
2.7875308990478516
2.6912975311279297
2.791208505630493
2.6458091735839844
2.778557538986206
2.636600971221924
2.7771425247192383
2.6577489376068115
2.778808116912842
2.645237445831299
2.780937433242798
2.6365163326263428
2.7787749767303467
2.654226064682007
2.7903356552124023
2.6391847133636475
2.7841107845306396
2.648139476776123
2.787385940551758
2.672963857650757
2.912458658218384
2.7858834266662598
2.936593770980835
2.873131036758423
2.927488088607788
2.7871503829956055
2.933535575866699
2.7086100578308105
2.8262908458709717
2.7975685596466064
2.951112747192383
2.718768835067749
2.9408273696899414
2.8722774982452393
2.8684842586517334
2.743762493133545
2.9048616886138916
2.8206541538238525
2.840853691101074
2.764901638031006
2.9538397789001465
2.8302087783813477
2.8661346435546875
2.7677910327911377
3.056117534637451
2.7937090396881104
2.8305325508117676
2.7566845417022705
3.0547962188720703
2.751091718673706
2.8479557037353516
2.669264793395996
2.8080506324768066
2.667780876159668
2.967233896255493
2.8765156269073486
2.8508379459381104
2.6987664699554443
2.814271926879883
2.79766583442688
2.9884612560272217
2.714663505554199
2.895392894744873
2.9245643615722656
2.8708484172821045
2.7247538566589355
2.885842800140381
2.907076597213745
2.868479013442993
2.6922340393066406
2.914097309112549
2.92643404006958
2.8866777420043945
2.691673994064331
2.8625893592834473
2.7340054512023926
2.9825234413146973
2.8058242797851562
2.8314435482025146
2.704657793045044
2.934619188308716
2.805473804473877
2.8451619148254395
2.75107479095459
3.0318009853363037
2.835146188735962
2.882737874984741
2.7462751865386963
2.8399062156677246
2.7128217220306396
2.935317039489746
2.8493943214416504
2.892690420150757
2.7110583782196045
2.9210901260375977
2.815171003341675
2.9742789268493652
2.7235140800476074
2.880635976791382
2.7801830768585205
2.9532546997070312
2.723029613494873
2.972562074661255
2.872532367706299
2.8749630451202393
2.7901413440704346
2.947845458984375
2.7869153022766113
2.8518927097320557
2.7498831748962402
2.867053985595703
2.7279162406921387
2.876671552658081
2.743840456008911
2.8614566326141357
2.686333417892456
2.8277359008789062
2.772512197494507
3.0348029136657715
2.800975799560547
2.9368505477905273
2.758190870285034
2.944263458251953
2.7093048095703125
2.8947126865386963
2.790693521499634
2.933821201324463
3.0366556644439697
2.923119068145752
2.765916347503662
2.8303139209747314
2.815582752227783
2.9413347244262695
2.7955384254455566
2.95918607711792
2.8180148601531982
2.8823750019073486
2.6990859508514404
2.86879301071167
2.756880760192871
2.8661906719207764
2.6933746337890625
2.887605667114258
2.715603828430176
2.876230478286743
2.818448066711426
2.886714220046997
2.7622900009155273
2.920828342437744
2.8263370990753174
3.0547125339508057
2.7829723358154297
2.84497332572937
2.913088083267212
2.8904850482940674
2.760406494140625
2.9293344020843506
2.739478588104248
2.9066779613494873
2.783411979675293
2.9362573623657227
2.7913918495178223
2.9174964427948
2.734138011932373
3.018821954727173
2.7667760848999023
3.002210855484009
2.963838577270508
2.881988048553467
2.9033257961273193
2.9274022579193115
2.7866814136505127
2.942016839981079
