2.58988094329834
2.623826503753662
2.6466760635375977
2.627349615097046
2.72063946723938
2.500032663345337
2.5661752223968506
2.595343589782715
2.5753300189971924
2.7120330333709717
2.7823240756988525
2.451080083847046
2.6445236206054688
2.671806812286377
2.7772960662841797
2.84386944770813
2.582085371017456
2.8990516662597656
2.4893884658813477
2.8398051261901855
2.7854840755462646
2.5621769428253174
2.659444808959961
2.7257840633392334
2.781745672225952
2.4546549320220947
2.6297008991241455
2.580782890319824
2.6658177375793457
2.6908233165740967
2.7556722164154053
2.46555495262146
2.6529836654663086
2.5827553272247314
2.70974063873291
2.6777894496917725
2.746640920639038
2.449199914932251
2.626516819000244
2.613330125808716
2.639197587966919
2.7490673065185547
2.6060116291046143
2.6959149837493896
2.699972152709961
2.700202465057373
2.886030673980713
2.8194072246551514
2.5838253498077393
2.818540573120117
2.775907039642334
2.8906214237213135
2.9038259983062744
2.942561388015747
2.514686107635498
2.6321969032287598
2.674064874649048
2.6462810039520264
2.720845937728882
2.793239116668701
2.443331718444824
2.8545165061950684
2.720810890197754
2.7298946380615234
2.7112293243408203
2.5695831775665283
2.630030632019043
2.6650567054748535
2.6742448806762695
2.689789295196533
2.7259533405303955
2.4456868171691895
2.6337881088256836
2.6396610736846924
2.642885208129883
2.6778578758239746
2.7209575176239014
2.464493989944458
2.6486732959747314
2.6878116130828857
2.6736371517181396
2.7056963443756104
2.7251880168914795
2.447063446044922
2.6462955474853516
2.634052038192749
2.712172746658325
2.7605011463165283
2.5925540924072266
2.638460159301758
2.66357421875
2.661160945892334
2.6986584663391113
2.7979114055633545
2.5043187141418457
2.656069278717041
2.6601662635803223
2.6570916175842285
2.7181851863861084
2.7330660820007324
2.4594290256500244
2.635521650314331
2.6865577697753906
2.6612017154693604
2.69645619392395
2.570619583129883
2.876699924468994
2.651946783065796
2.4988346099853516
2.7045416831970215
2.713535785675049
2.7530364990234375
2.460655689239502
2.656266450881958
2.653446674346924
2.7098240852355957
2.69627046585083
2.7438156604766846
2.4597432613372803
2.9091148376464844
2.8126707077026367
2.8096325397491455
3.0946433544158936
2.8996713161468506
2.8296656608581543
2.829166889190674
2.5186989307403564
2.774779796600342
2.9588840007781982
2.852956533432007
2.6422858238220215
2.672370672225952
2.7363834381103516
2.707395553588867
2.8905303478240967
2.893200397491455
2.532013416290283
2.797083616256714
2.7028005123138428
2.7630574703216553
3.178640604019165
2.655221939086914
2.828925371170044
2.693974018096924
2.5151515007019043
2.6884524822235107
2.7323198318481445
2.7856969833374023
2.4976158142089844
2.671250343322754
2.703640937805176
2.6989693641662598
2.77413272857666
2.7804572582244873
2.561537265777588
2.665452241897583
2.7090306282043457
2.7218217849731445
2.7944514751434326
2.602780818939209
2.9381766319274902
2.7134649753570557
2.4937591552734375
2.7089312076568604
2.7231624126434326
2.8198578357696533
2.5592522621154785
2.87146258354187
2.869265079498291
2.8615241050720215
2.8013362884521484
2.830202341079712
2.6374170780181885
2.7126247882843018
2.7687864303588867
2.836228370666504
2.8823158740997314
2.730790853500366
3.024808168411255
2.5648534297943115
3.1175601482391357
2.790734052658081
2.774766683578491
2.729929208755493
2.7302684783935547
2.8895275592803955
2.8695764541625977
2.832308292388916
2.6381869316101074
2.8260560035705566
2.709731340408325
2.9443957805633545
2.6959564685821533
2.7510592937469482
2.670989990234375
2.968909978866577
2.838874340057373
2.780482292175293
2.69482159614563
2.924821138381958
2.6742007732391357
2.768150806427002
2.8679592609405518
2.8818953037261963
2.7821669578552246
2.837341070175171
2.8625388145446777
2.83197283744812
2.765604019165039
2.8686439990997314
2.827418804168701
2.8439083099365234
2.7444636821746826
2.9439876079559326
2.75276517868042
2.770315647125244
2.6605098247528076
2.9334468841552734
2.810767889022827
2.90377140045166
2.7068634033203125
2.7574105262756348
2.7401235103607178
2.853891134262085
2.775926351547241
2.8656880855560303
2.7600045204162598
2.835033416748047
2.800636053085327
2.970407247543335
2.79032039642334
2.8402976989746094
2.7541005611419678
2.9788119792938232
2.8238067626953125
2.7885968685150146
2.7762415409088135
2.9625508785247803
2.715355396270752
2.859628200531006
2.8207242488861084
2.908174753189087
2.6842048168182373
2.831275701522827
2.7244534492492676
2.9027292728424072
2.682093381881714
2.792259454727173
2.688612222671509
2.886801242828369
2.6979851722717285
2.8036961555480957
2.7007532119750977
2.8602306842803955
2.780221700668335
2.8009660243988037
2.7257704734802246
2.964733362197876
2.6972055435180664
2.8721818923950195
2.766134023666382
2.838341236114502
2.716747522354126
2.8274879455566406
2.7477424144744873
2.830375909805298
2.767076253890991
2.796968936920166
2.7163753509521484
2.858158826828003
2.7320520877838135
2.8037166595458984
2.748452663421631
2.866551160812378
2.761011838912964
2.8212430477142334
2.7322304248809814
2.918637752532959
2.650373935699463
2.8997414112091064
2.804124116897583
2.827162027359009
2.796245574951172
2.8768959045410156
2.7709548473358154
2.7903389930725098
2.663750648498535
2.8533143997192383
2.6881067752838135
2.795874834060669
2.7088253498077393
2.8166136741638184
2.714703321456909
2.9609620571136475
2.707197904586792
2.8420352935791016
2.6526119709014893
2.7774369716644287
2.751526117324829
2.8032643795013428
2.709839105606079
2.822768211364746
2.7549591064453125
2.93469500541687
2.766505718231201
2.857128858566284
2.736833333969116
2.859574556350708
2.8039557933807373
2.913508176803589
2.828080177307129
2.9598398208618164
2.6860573291778564
2.866877555847168
2.8374555110931396
2.848654270172119
2.8356966972351074
2.918067455291748
2.6893067359924316
2.8770647048950195
2.898176670074463
2.8510210514068604
2.7263739109039307
2.802217960357666
2.676466703414917
2.9063546657562256
2.7300872802734375
2.7739944458007812
