0.003981113433837891
0.003995418548583984
0.004008293151855469
0.004004716873168945
0.003998279571533203
0.004994869232177734
0.005020856857299805
0.0050144195556640625
0.0050013065338134766
0.00499415397644043
0.003988504409790039
0.004986763000488281
0.004994392395019531
0.005003452301025391
0.005038738250732422
0.003983259201049805
0.005009174346923828
0.003981113433837891
0.0050013065338134766
0.005013465881347656
0.0059871673583984375
0.0060083866119384766
0.00603175163269043
0.005988597869873047
0.0049974918365478516
0.00500798225402832
0.0049896240234375
0.005997180938720703
0.005690574645996094
0.00598907470703125
0.0059812068939208984
0.00700831413269043
0.006002664566040039
0.005981922149658203
0.007021188735961914
0.005989551544189453
0.006007194519042969
0.0060155391693115234
0.006033658981323242
0.0069828033447265625
0.006027698516845703
0.006990194320678711
0.006998538970947266
0.006987810134887695
0.006982564926147461
0.007009267807006836
0.008008956909179688
0.008003473281860352
0.008003711700439453
0.0069997310638427734
0.008020639419555664
0.009013652801513672
0.008995294570922852
0.007997512817382812
0.007996559143066406
0.008000850677490234
0.00800180435180664
0.008995532989501953
0.009200811386108398
0.011002540588378906
0.011009693145751953
0.011706352233886719
0.011002540588378906
0.012994766235351562
0.010988950729370117
0.011558294296264648
0.010994434356689453
0.011003494262695312
0.012022256851196289
0.012000560760498047
0.012004613876342773
0.012987852096557617
0.013005256652832031
0.013005733489990234
0.012988567352294922
0.013016700744628906
0.012998580932617188
0.012995004653930664
0.01300811767578125
0.013988733291625977
0.014009714126586914
0.013005971908569336
0.014008522033691406
0.015009641647338867
0.016015052795410156
0.015002965927124023
0.014031171798706055
0.01499485969543457
0.014922380447387695
0.01601552963256836
0.015036344528198242
0.01600193977355957
0.015997648239135742
0.016113758087158203
0.016989946365356445
0.015988588333129883
0.01700282096862793
0.018999099731445312
0.017011642456054688
0.017028331756591797
0.018008708953857422
0.017011165618896484
0.01810288429260254
0.017998456954956055
0.017002344131469727
0.017010211944580078
0.01801133155822754
0.018999814987182617
0.018024444580078125
0.018070220947265625
0.018003225326538086
0.016002655029296875
0.014997005462646484
0.015996694564819336
0.016009807586669922
0.017011404037475586
0.017003774642944336
0.016603946685791016
0.018004179000854492
0.017998695373535156
0.01766371726989746
0.017981290817260742
0.017985820770263672
0.018012046813964844
0.01800394058227539
0.01811504364013672
0.018623828887939453
0.01853203773498535
0.017539024353027344
0.019117116928100586
0.018999099731445312
0.019165515899658203
0.0190427303314209
0.019024372100830078
0.020025014877319336
0.01998591423034668
0.01999974250793457
0.019985198974609375
0.02000260353088379
0.020992755889892578
0.02054595947265625
0.020576000213623047
0.021036863327026367
0.02101302146911621
0.019989967346191406
0.022019624710083008
0.02113485336303711
0.021012306213378906
0.0220034122467041
0.02100396156311035
0.022098541259765625
0.021013975143432617
0.022011280059814453
0.022024869918823242
0.02300548553466797
0.023000240325927734
0.02223515510559082
0.02201366424560547
0.022006988525390625
0.023603439331054688
0.023010969161987305
0.021997690200805664
0.022993803024291992
0.022986650466918945
0.02301025390625
0.023549556732177734
0.02300572395324707
0.02403736114501953
0.02465200424194336
0.0240175724029541
0.022994279861450195
0.024094820022583008
0.024024009704589844
0.024524927139282227
0.02599501609802246
0.02506279945373535
0.023987770080566406
0.02461695671081543
0.024024009704589844
0.025988340377807617
0.02549433708190918
0.023987770080566406
0.024123430252075195
0.025757551193237305
0.025603771209716797
0.02602553367614746
0.024996042251586914
0.02602100372314453
0.026005029678344727
0.025995492935180664
0.02800917625427246
0.026113510131835938
0.02598857879638672
0.029012203216552734
0.02600836753845215
0.02554488182067871
0.02599191665649414
0.027005672454833984
0.02804398536682129
0.028006315231323242
0.02801203727722168
0.02802133560180664
0.027027606964111328
0.02762770652770996
0.027005434036254883
0.02758336067199707
0.027994155883789062
0.028562068939208984
0.02800917625427246
0.02899956703186035
0.028677701950073242
0.027996301651000977
0.029385089874267578
0.03300905227661133
0.02900075912475586
0.029999732971191406
0.029021739959716797
0.02860546112060547
0.03000020980834961
0.031006336212158203
0.02956390380859375
0.03110980987548828
0.03299236297607422
0.029007673263549805
0.030001401901245117
0.03071451187133789
0.029987335205078125
0.031064748764038086
0.030010700225830078
0.03202557563781738
0.03200697898864746
0.030584096908569336
0.031008481979370117
0.030529260635375977
0.030006885528564453
0.03201889991760254
0.030987262725830078
0.03200221061706543
0.030999183654785156
0.03200507164001465
0.03215384483337402
0.03177189826965332
0.032001495361328125
0.03223562240600586
0.03199410438537598
0.03303837776184082
0.03401970863342285
0.03304481506347656
0.03400015830993652
0.03300762176513672
0.03198719024658203
0.03199911117553711
0.03299522399902344
0.033006906509399414
0.033014774322509766
0.03302741050720215
0.03355741500854492
0.03285694122314453
0.03409075736999512
0.03702807426452637
0.035013437271118164
0.03400778770446777
0.03400254249572754
0.03314805030822754
0.03401446342468262
0.03499412536621094
0.0350499153137207
0.0359957218170166
0.037551164627075195
0.03602480888366699
0.0351102352142334
0.03799629211425781
0.03700137138366699
0.03800654411315918
0.03820657730102539
0.037017822265625
0.03699445724487305
0.03800320625305176
0.0390012264251709
0.03920722007751465
0.03805828094482422
0.04101061820983887
0.03963446617126465
0.03901505470275879
0.039232492446899414
0.04000973701477051
0.03994274139404297
0.03908801078796387
0.039994239807128906
0.0390925407409668
0.039023637771606445
0.03998994827270508
0.04007244110107422
0.03998970985412598
0.03960251808166504
0.04104185104370117
0.04102039337158203
0.03999519348144531
0.04200243949890137
0.04250907897949219
0.04102349281311035
0.04204058647155762
0.04199552536010742
0.041226863861083984
0.04209089279174805
0.0439908504486084
0.042265892028808594
0.04200267791748047
0.043016672134399414
0.04206967353820801
0.04301619529724121
0.04201531410217285
0.04209113121032715
0.04201650619506836
0.0439913272857666
0.04199028015136719
0.042634010314941406
0.04299521446228027
0.04299640655517578
0.042989253997802734
0.04307413101196289
0.04287290573120117
0.04323458671569824
0.04302644729614258
0.04355144500732422
0.04811692237854004
0.04503035545349121
0.04398989677429199
0.044028520584106445
0.04359173774719238
0.04502224922180176
0.046010494232177734
0.044998884201049805
0.0460355281829834
0.04499530792236328
0.04804253578186035
0.04601025581359863
0.048027992248535156
0.04599881172180176
0.046248674392700195
0.04600882530212402
0.046016693115234375
0.0475611686706543
0.049010276794433594
0.04710125923156738
0.046012163162231445
0.045569419860839844
0.046010732650756836
0.04602336883544922
0.04711341857910156
0.04601120948791504
0.0466461181640625
0.048021793365478516
0.046787261962890625
