0.004004001617431641
0.005064249038696289
0.0039827823638916016
0.003981590270996094
0.00500178337097168
0.005000591278076172
0.005000591278076172
0.004001617431640625
0.005001544952392578
0.0050013065338134766
0.005002021789550781
0.005003452301025391
0.0049953460693359375
0.005001068115234375
0.006001710891723633
0.0059854984283447266
0.005986452102661133
0.005002021789550781
0.006001472473144531
0.006000995635986328
0.005000591278076172
0.006002664566040039
0.004987955093383789
0.006006717681884766
0.0060079097747802734
0.006833791732788086
0.00699925422668457
0.005990505218505859
0.004995107650756836
0.006001949310302734
0.006001949310302734
0.007021665573120117
0.006008148193359375
0.0069887638092041016
0.007360935211181641
0.00699615478515625
0.008008480072021484
0.007008552551269531
0.007007598876953125
0.006988525390625
0.0070095062255859375
0.007042884826660156
0.007013559341430664
0.006989002227783203
0.007999658584594727
0.007997274398803711
0.007999658584594727
0.009003400802612305
0.01100611686706543
0.010013818740844727
0.009003400802612305
0.010001897811889648
0.012004375457763672
0.012005805969238281
0.011985540390014648
0.011009454727172852
0.010987520217895508
0.011640071868896484
0.011985063552856445
0.011002302169799805
0.011991262435913086
0.012003421783447266
0.011991500854492188
0.012006998062133789
0.012013912200927734
0.01241922378540039
0.012006282806396484
0.011994600296020508
0.011989116668701172
0.012993812561035156
0.013010501861572266
0.013003110885620117
0.01399087905883789
0.013022184371948242
0.01306009292602539
0.012009382247924805
0.013473272323608398
0.012981176376342773
0.013548135757446289
0.01399087905883789
0.014003276824951172
0.014011621475219727
0.014001846313476562
0.014023065567016602
0.01400303840637207
0.014006614685058594
0.015524148941040039
0.014455318450927734
0.015015125274658203
0.015008687973022461
0.014021635055541992
0.015015602111816406
0.017003774642944336
0.01600193977355957
0.015992403030395508
0.01600360870361328
0.016174793243408203
0.016004085540771484
0.016004562377929688
0.01700901985168457
0.01599740982055664
0.016016721725463867
0.015999794006347656
0.01666569709777832
0.017003774642944336
0.016780614852905273
0.016989469528198242
0.018097877502441406
0.017012357711791992
0.01767563819885254
0.016004085540771484
0.018080472946166992
0.017004013061523438
0.017032623291015625
0.017017126083374023
0.01902174949645996
0.017998933792114258
0.017992019653320312
0.017999649047851562
0.0189971923828125
0.018577098846435547
0.018004894256591797
0.023647785186767578
0.026013851165771484
0.018002986907958984
0.02001190185546875
0.020000457763671875
0.020000457763671875
0.021007299423217773
0.022635698318481445
0.023005247116088867
0.02200484275817871
0.02501201629638672
0.02504730224609375
0.02753448486328125
0.02533698081970215
0.02600383758544922
0.02703547477722168
0.02600860595703125
0.02600836753845215
0.026157617568969727
0.02702021598815918
0.02353382110595703
0.027191162109375
0.023990392684936523
0.02400493621826172
0.023574113845825195
0.02400517463684082
0.025021791458129883
0.0250244140625
0.025393962860107422
0.02803206443786621
0.02600574493408203
0.029010534286499023
0.026013612747192383
0.024992704391479492
0.02759695053100586
0.02800464630126953
0.027006149291992188
0.031000375747680664
0.03055739402770996
0.03307509422302246
0.031112194061279297
0.031006813049316406
0.03004908561706543
0.03200054168701172
0.032007455825805664
0.03200721740722656
0.03199291229248047
0.026005268096923828
0.03194475173950195
0.029994487762451172
0.028126239776611328
0.0279996395111084
0.029005050659179688
0.029013633728027344
0.029064178466796875
0.029607295989990234
0.030006885528564453
0.030004501342773438
0.0296480655670166
0.03489875793457031
0.030516862869262695
0.030215740203857422
0.031426429748535156
0.031023025512695312
0.03113579750061035
0.03500771522521973
0.027989625930786133
0.027005434036254883
0.02701854705810547
0.028006792068481445
0.028024673461914062
0.028047800064086914
0.027550697326660156
0.027016162872314453
0.028006315231323242
0.026999711990356445
0.028095245361328125
0.029009342193603516
0.027988433837890625
0.03008580207824707
0.02900528907775879
0.02954864501953125
0.028955698013305664
0.029006004333496094
0.027111291885375977
0.02899312973022461
0.0310060977935791
0.03203630447387695
0.03018927574157715
0.030006885528564453
0.03299903869628906
0.029992103576660156
0.02900838851928711
0.029000520706176758
0.03000664710998535
0.03100419044494629
0.030006885528564453
0.030031442642211914
0.030396461486816406
0.03101372718811035
0.0300140380859375
0.030007123947143555
0.030147790908813477
0.031006813049316406
0.030994176864624023
0.03098154067993164
0.03300666809082031
0.029987096786499023
0.03113269805908203
0.03152799606323242
0.03299593925476074
0.03102254867553711
0.03315544128417969
0.031986236572265625
0.03301644325256348
0.03355097770690918
0.03327536582946777
0.033005475997924805
0.033007144927978516
0.03600740432739258
0.033562421798706055
0.03428149223327637
0.03500628471374512
0.034004926681518555
0.03401780128479004
0.03400874137878418
0.03399038314819336
0.03400993347167969
0.0336153507232666
0.034989118576049805
0.03511404991149902
0.035544395446777344
0.03400874137878418
0.034015655517578125
0.0347135066986084
0.03410148620605469
0.03500771522521973
0.041010141372680664
0.03400778770446777
0.035391807556152344
0.035564422607421875
0.03509783744812012
0.037009239196777344
0.04253697395324707
0.03700971603393555
0.03592085838317871
0.03934812545776367
0.03707265853881836
0.036806344985961914
0.03700733184814453
0.03668665885925293
0.035988569259643555
0.037015676498413086
0.03899526596069336
0.03700900077819824
0.03702282905578613
0.03754377365112305
0.03700876235961914
0.037079811096191406
0.03800153732299805
0.03701066970825195
0.037006378173828125
0.03800201416015625
0.03800153732299805
0.03891181945800781
0.0380101203918457
0.03810381889343262
0.0380091667175293
0.039008140563964844
0.03892850875854492
0.03899645805358887
0.04028439521789551
0.041085004806518555
0.041002750396728516
0.04101824760437012
0.04101085662841797
0.04201054573059082
0.042069196701049805
0.04225873947143555
0.040988922119140625
0.042008161544799805
0.04291510581970215
0.041510581970214844
0.04126310348510742
0.042009592056274414
0.043009042739868164
0.0490117073059082
0.04400897026062012
0.042713165283203125
0.04271125793457031
0.043016672134399414
0.04801225662231445
0.04226422309875488
0.0430150032043457
0.04201078414916992
0.04415774345397949
0.04400944709777832
0.04739260673522949
0.04501080513000488
0.04407167434692383
0.04600095748901367
0.04555249214172363
0.04401564598083496
0.04501080513000488
0.04400968551635742
0.04407477378845215
