0.0
0.0
0.001009225845336914
0.0010013580322265625
0.001007080078125
0.0009999275207519531
0.0010080337524414062
0.000989675521850586
0.0009856224060058594
0.0010077953338623047
0.00099945068359375
0.001007080078125
0.0020003318786621094
0.00099945068359375
0.000993967056274414
0.00099945068359375
0.0010318756103515625
0.0010082721710205078
0.0009989738464355469
0.0010006427764892578
0.0010051727294921875
0.0009889602661132812
0.0019969940185546875
0.0010077953338623047
0.0019800662994384766
0.0010023117065429688
0.0010006427764892578
0.0020127296447753906
0.0020058155059814453
0.0020003318786621094
0.0020127296447753906
0.0019867420196533203
0.0020008087158203125
0.0019989013671875
0.0019800662994384766
0.0029900074005126953
0.004020214080810547
0.00502777099609375
0.00399470329284668
0.0049817562103271484
0.004525661468505859
0.005001544952392578
0.004995584487915039
0.0050008296966552734
0.004995107650756836
0.006000995635986328
0.00600123405456543
0.0039937496185302734
0.004014253616333008
0.004994630813598633
0.005012989044189453
0.00600123405456543
0.0070018768310546875
0.00690007209777832
0.00699305534362793
0.0069904327392578125
0.008002042770385742
0.008000612258911133
0.009016036987304688
0.007982730865478516
0.009001970291137695
0.00798344612121582
0.00900888442993164
0.009014129638671875
0.010012149810791016
0.009002923965454102
0.010007619857788086
0.009996175765991211
0.010001659393310547
0.011014699935913086
0.011016368865966797
0.01158761978149414
0.010985612869262695
0.01098322868347168
0.011596441268920898
0.009982585906982422
0.012010574340820312
0.012036323547363281
0.012018918991088867
0.013996601104736328
0.011609792709350586
0.015586137771606445
0.01299905776977539
0.013003110885620117
0.01597309112548828
0.016004562377929688
0.01454019546508789
0.013989925384521484
0.01300358772277832
0.01400446891784668
0.014896869659423828
0.014996528625488281
0.014011144638061523
0.013997793197631836
0.015002250671386719
0.01399087905883789
0.015003204345703125
0.01598978042602539
0.015274524688720703
0.0159912109375
0.016003847122192383
0.015537023544311523
0.01606917381286621
0.017008066177368164
0.02000594139099121
0.017003297805786133
0.015615701675415039
0.016533851623535156
0.01800251007080078
0.01800680160522461
0.02000260353088379
0.019004344940185547
0.018003225326538086
0.0189974308013916
0.01900649070739746
0.01801276206970215
0.01900458335876465
0.019012451171875
0.01999068260192871
0.019004106521606445
0.018991470336914062
0.022000789642333984
0.02299952507019043
0.020010948181152344
0.02158498764038086
0.023006916046142578
0.02162933349609375
0.021663665771484375
0.022022247314453125
0.02300286293029785
0.02124786376953125
0.022116899490356445
0.02300429344177246
0.022018909454345703
0.026563644409179688
0.02399754524230957
0.023003578186035156
0.02400493621826172
0.026005983352661133
0.02399420738220215
0.0250241756439209
0.025986194610595703
0.026712417602539062
0.02733135223388672
0.024407148361206055
0.028007030487060547
0.027005910873413086
0.028324127197265625
0.027582168579101562
0.02401590347290039
0.0260469913482666
0.02455425262451172
0.024997949600219727
0.025009632110595703
0.025836944580078125
0.02764415740966797
0.02795267105102539
0.027019500732421875
0.028006792068481445
0.028556346893310547
0.028142213821411133
0.02701854705810547
0.027638912200927734
0.028998374938964844
0.028542041778564453
0.030991315841674805
0.029012680053710938
0.02899956703186035
0.02856755256652832
0.029549360275268555
0.029999732971191406
0.03600811958312988
0.031009197235107422
0.03199934959411621
0.03199934959411621
0.03398585319519043
0.036534786224365234
0.03300929069519043
0.034027099609375
0.03140711784362793
0.03200054168701172
0.03829240798950195
0.03500723838806152
0.03300309181213379
0.03298759460449219
0.03502655029296875
0.035474300384521484
0.03500080108642578
0.03454422950744629
0.034012794494628906
0.034989118576049805
0.03501462936401367
0.036913156509399414
0.03600740432739258
0.037071943283081055
0.03619742393493652
0.0359950065612793
0.038063764572143555
0.03860783576965332
0.038721561431884766
0.03800249099731445
0.03599095344543457
0.040007591247558594
0.03899812698364258
0.03900027275085449
0.04400992393493652
0.04101705551147461
0.03954172134399414
0.04115772247314453
0.04102349281311035
0.040007591247558594
0.040522098541259766
0.038933753967285156
0.04207301139831543
0.040584564208984375
0.04199099540710449
0.04203081130981445
0.04362154006958008
0.044989585876464844
0.04201769828796387
0.04721999168395996
0.04354381561279297
0.04400897026062012
0.04264545440673828
0.04263186454772949
0.04702496528625488
0.04451632499694824
0.044762611389160156
0.0440061092376709
0.047023773193359375
0.046010494232177734
0.045883893966674805
0.04756331443786621
0.04602360725402832
0.046010494232177734
0.04827761650085449
0.04701352119445801
0.04699993133544922
0.047998905181884766
0.052010297775268555
0.049019813537597656
0.04736208915710449
0.04700970649719238
0.049584388732910156
0.048062801361083984
0.04800772666931152
0.0469970703125
0.04914212226867676
0.05000567436218262
0.05101823806762695
0.04919862747192383
0.05101180076599121
0.052077293395996094
0.04911613464355469
0.05101513862609863
0.050972938537597656
0.055013418197631836
0.05101180076599121
0.05501365661621094
0.05309653282165527
0.05553078651428223
0.0528411865234375
0.05401968955993652
0.05400586128234863
0.058013200759887695
0.05401754379272461
0.05299210548400879
0.05314016342163086
0.053011417388916016
0.056153059005737305
0.057023048400878906
0.0556635856628418
0.055143117904663086
0.05504965782165527
0.055759429931640625
0.05602598190307617
0.06101489067077637
0.0605316162109375
0.054993629455566406
0.054009437561035156
0.054720163345336914
0.06701421737670898
0.06501555442810059
0.058817386627197266
0.056011199951171875
0.062099456787109375
0.05915975570678711
0.05916476249694824
0.06069588661193848
0.06006169319152832
0.05798220634460449
0.06201434135437012
0.06160283088684082
0.060996055603027344
0.05901312828063965
0.058013200759887695
0.0580136775970459
0.0677938461303711
0.0693964958190918
0.06401371955871582
0.06106710433959961
0.07001733779907227
0.06438255310058594
0.06018996238708496
0.060098886489868164
0.05999422073364258
0.062027931213378906
0.06305432319641113
0.06732058525085449
0.07768702507019043
0.0620267391204834
0.05998945236206055
0.06357240676879883
0.06301355361938477
0.06501388549804688
0.06270170211791992
0.06501579284667969
0.06456565856933594
0.06660652160644531
0.07460880279541016
0.06821560859680176
0.06702256202697754
0.06318163871765137
0.06711626052856445
0.0661005973815918
0.06656646728515625
0.06501507759094238
0.06628608703613281
0.06801533699035645
0.07161569595336914
0.06715583801269531
0.0655813217163086
0.07402801513671875
0.06657743453979492
0.0700070858001709
