0.0010004043579101562
0.0010480880737304688
0.0010001659393310547
0.0010004043579101562
0.0009992122650146484
0.0010073184967041016
0.0010008811950683594
0.0010006427764892578
0.001005411148071289
0.001012563705444336
0.0009989738464355469
0.0009865760803222656
0.0020008087158203125
0.001079559326171875
0.0009982585906982422
0.0009882450103759766
0.0010001659393310547
0.001001119613647461
0.0020003318786621094
0.0020058155059814453
0.0020008087158203125
0.0020003318786621094
0.0020020008087158203
0.0010061264038085938
0.0020072460174560547
0.0022306442260742188
0.0019989013671875
0.0020008087158203125
0.002093791961669922
0.0030088424682617188
0.0030014514923095703
0.002999544143676758
0.002988576889038086
0.004001617431640625
0.0040018558502197266
0.004144430160522461
0.003000974655151367
0.004006862640380859
0.0040130615234375
0.0050199031829833984
0.007002353668212891
0.006001472473144531
0.0060079097747802734
0.007017850875854492
0.008002996444702148
0.008001327514648438
0.008017301559448242
0.00798797607421875
0.007192373275756836
0.008008241653442383
0.008019447326660156
0.007982969284057617
0.008005142211914062
0.008261680603027344
0.008001565933227539
0.009003639221191406
0.008994579315185547
0.010002374649047852
0.009004831314086914
0.009001970291137695
0.010001659393310547
0.010020732879638672
0.010993480682373047
0.010007381439208984
0.01099395751953125
0.011002063751220703
0.010015726089477539
0.012002706527709961
0.011003494262695312
0.01100301742553711
0.010983943939208984
0.010997533798217773
0.011000871658325195
0.011023283004760742
0.012004375457763672
0.012068748474121094
0.013001441955566406
0.011994600296020508
0.011997461318969727
0.013001441955566406
0.013004541397094727
0.012001991271972656
0.014003515243530273
0.013002157211303711
0.014375448226928711
0.013015031814575195
0.01400303840637207
0.014003753662109375
0.014005422592163086
0.014007329940795898
0.015491724014282227
0.013017892837524414
0.014047622680664062
0.013009071350097656
0.014005899429321289
0.013013839721679688
0.01400303840637207
0.01400446891784668
0.014996051788330078
0.01400446891784668
0.014009714126586914
0.014989376068115234
0.015003204345703125
0.016003847122192383
0.013996124267578125
0.01800370216369629
0.015047311782836914
0.016002655029296875
0.015004158020019531
0.01600360870361328
0.015012979507446289
0.015984535217285156
0.016628026962280273
0.016004323959350586
0.017011165618896484
0.017003536224365234
0.01700282096862793
0.017005205154418945
0.01600337028503418
0.017046689987182617
0.01600503921508789
0.018011808395385742
0.01810622215270996
0.016004085540771484
0.018007755279541016
0.018004179000854492
0.01799917221069336
0.01700282096862793
0.017658710479736328
0.0180051326751709
0.01899862289428711
0.019196033477783203
0.018998146057128906
0.019998550415039062
0.020003318786621094
0.020595788955688477
0.02012038230895996
0.0210115909576416
0.020041704177856445
0.021989822387695312
0.0200045108795166
0.02100515365600586
0.020010709762573242
0.022998571395874023
0.019992351531982422
0.02201080322265625
0.022985458374023438
0.021984338760375977
0.021998882293701172
0.025005817413330078
0.02305150032043457
0.02300429344177246
0.0229494571685791
0.023998022079467773
0.022966384887695312
0.0239865779876709
0.024012327194213867
0.02500438690185547
0.024986982345581055
0.025080442428588867
0.024739980697631836
0.02602219581604004
0.026000022888183594
0.02498602867126465
0.025187969207763672
0.0259857177734375
0.028505802154541016
0.025247573852539062
0.026594161987304688
0.026004314422607422
0.029005050659179688
0.02919173240661621
0.027448177337646484
0.029020071029663086
0.027999401092529297
0.0290071964263916
0.029007673263549805
0.029006242752075195
0.02953791618347168
0.02819347381591797
0.030006885528564453
0.03104233741760254
0.029690265655517578
0.033826351165771484
0.03154897689819336
0.031006813049316406
0.030005693435668945
0.03310227394104004
0.031006813049316406
0.03500771522521973
0.030005216598510742
0.031004905700683594
0.038196563720703125
0.03300738334655762
0.03299379348754883
0.03327631950378418
0.03400731086730957
0.03300809860229492
0.03254556655883789
0.032624244689941406
0.03310418128967285
0.03201484680175781
0.034902334213256836
0.034024953842163086
0.033991098403930664
0.03400731086730957
0.033873558044433594
0.03406834602355957
0.03500628471374512
0.03501081466674805
0.034006595611572266
0.034008026123046875
0.03601551055908203
0.03801989555358887
0.03600716590881348
0.03564190864562988
0.037206411361694336
0.03801083564758301
0.03901195526123047
0.0380091667175293
0.03700828552246094
0.03954744338989258
0.03798985481262207
0.03900551795959473
0.039069414138793945
0.03800797462463379
0.03800177574157715
0.039008140563964844
0.047101497650146484
0.04011225700378418
0.03800702095031738
0.0390474796295166
0.03899669647216797
0.042546987533569336
0.04200100898742676
0.04201650619506836
0.04300880432128906
0.04301953315734863
0.04500627517700195
0.04200577735900879
0.04501748085021973
0.04668760299682617
0.04305839538574219
0.048050880432128906
0.04500937461853027
0.04201054573059082
0.04600119590759277
0.04300975799560547
0.04500222206115723
0.046009063720703125
0.044185638427734375
0.04401111602783203
0.04400944709777832
0.05200481414794922
0.051011085510253906
0.04600334167480469
0.044587135314941406
0.049139976501464844
0.0496370792388916
0.04700279235839844
0.045992136001586914
0.045012712478637695
0.04432868957519531
0.045011043548583984
0.04701948165893555
0.048995018005371094
0.0470118522644043
0.04901289939880371
0.05157041549682617
0.04802131652832031
0.050004005432128906
0.04948878288269043
0.04839658737182617
0.05504631996154785
0.0671234130859375
0.049704551696777344
0.04897260665893555
0.051581382751464844
0.05019092559814453
0.05001211166381836
0.05001187324523926
0.04801177978515625
0.05199742317199707
0.051467180252075195
0.05000472068786621
0.05016326904296875
0.05101180076599121
0.05001020431518555
0.05067729949951172
0.052004098892211914
0.051663875579833984
0.0490117073059082
0.04901123046875
0.05219125747680664
0.05273723602294922
0.050527095794677734
0.053003787994384766
0.0580136775970459
0.05966520309448242
0.0536801815032959
0.059012651443481445
0.05580449104309082
0.05430173873901367
0.05201077461242676
0.05401158332824707
0.052747488021850586
0.05601191520690918
0.055133819580078125
0.05601692199707031
0.058600664138793945
0.05602622032165527
0.05300450325012207
0.057013750076293945
0.056195735931396484
0.060013771057128906
0.0590205192565918
0.06209158897399902
0.05957293510437012
0.058010101318359375
0.05820751190185547
0.0550084114074707
