2.5203869342803955
2.68865704536438
2.46897292137146
2.64342999458313
2.5886805057525635
2.7592403888702393
2.5779080390930176
2.8720390796661377
2.610293388366699
2.55464243888855
2.716757297515869
2.631162166595459
2.615795612335205
2.7481024265289307
2.5200552940368652
2.7878575325012207
2.4256231784820557
2.8189759254455566
2.732084035873413
2.6144464015960693
2.67079758644104
2.553983211517334
2.744274854660034
2.6249399185180664
2.760169506072998
2.711805820465088
2.7096827030181885
2.597234010696411
2.696751117706299
2.6782009601593018
2.765826940536499
2.6263296604156494
2.7048683166503906
2.6308367252349854
2.8255228996276855
2.672179937362671
2.7109670639038086
2.637883186340332
2.822187662124634
2.686584234237671
2.8092644214630127
2.720301389694214
2.8109800815582275
2.6008055210113525
2.752152681350708
2.710587501525879
2.7520458698272705
2.6118037700653076
2.7981958389282227
2.6361582279205322
2.741340398788452
2.623018264770508
2.9144339561462402
2.6209049224853516
2.7935802936553955
2.6563456058502197
2.7902345657348633
2.5690114498138428
2.76059889793396
2.670584201812744
2.9389894008636475
2.614145278930664
2.7244479656219482
2.5740926265716553
2.850564479827881
2.6989951133728027
2.8174455165863037
2.5788183212280273
2.8836770057678223
2.678624153137207
2.7506651878356934
2.5745959281921387
2.8174662590026855
2.739691734313965
2.7286324501037598
2.6681113243103027
2.849560022354126
2.7023561000823975
2.7655603885650635
2.6933929920196533
2.8093678951263428
2.6150999069213867
2.715297222137451
2.6108949184417725
2.7614784240722656
2.596346139907837
2.744974136352539
2.726496458053589
2.8633952140808105
2.6893274784088135
2.7383790016174316
2.610287666320801
2.815380334854126
2.6106808185577393
2.886340856552124
2.610276460647583
2.921809673309326
2.6885986328125
2.854768753051758
2.6042914390563965
2.730501174926758
2.6398515701293945
2.8098363876342773
2.6688530445098877
2.780611038208008
2.599367141723633
2.764249801635742
2.6770331859588623
2.7854042053222656
2.691587448120117
2.7559289932250977
2.619886875152588
2.7704944610595703
2.613309860229492
2.752326488494873
2.6653716564178467
2.7811615467071533
2.7462680339813232
2.814854145050049
2.640963077545166
2.723139524459839
2.5832252502441406
2.8116328716278076
2.9082095623016357
2.7672457695007324
2.58423113822937
2.6913139820098877
2.6118273735046387
2.6989762783050537
2.561811923980713
2.697124481201172
2.5627994537353516
2.683749198913574
2.5619559288024902
2.7104268074035645
2.5716006755828857
2.7110421657562256
2.5521328449249268
2.678697109222412
2.5472335815429688
2.6837613582611084
2.5560519695281982
2.6963095664978027
2.550391674041748
2.699631452560425
2.5646443367004395
2.7109036445617676
2.5471396446228027
2.7009716033935547
2.6032145023345947
2.7036187648773193
2.5588228702545166
2.6903584003448486
2.5483522415161133
2.6895577907562256
2.569735288619995
2.6907849311828613
2.5561978816986084
2.690702199935913
2.5477347373962402
2.6895036697387695
2.5637624263763428
2.700326681137085
2.548948287963867
2.6957764625549316
2.5541298389434814
2.6945884227752686
2.5827009677886963
2.820849657058716
2.692862033843994
2.840573310852051
2.7792296409606934
2.8290157318115234
2.6924867630004883
2.8400113582611084
2.6124324798583984
2.7322754859924316
2.6999998092651367
2.8575594425201416
2.623582124710083
2.8408045768737793
2.771548271179199
2.771606683731079
2.643922805786133
2.8052971363067627
2.725463628768921
2.7468323707580566
2.6637980937957764
2.8568177223205566
2.7286741733551025
2.7705819606781006
2.6717703342437744
2.9439053535461426
2.6961607933044434
2.732529640197754
2.6487467288970947
2.9538779258728027
2.651081085205078
2.7503950595855713
2.5720880031585693
2.7099242210388184
2.571013927459717
2.8624792098999023
2.7784762382507324
2.74881649017334
2.601591110229492
2.715365171432495
2.698589563369751
2.8864405155181885
2.6155428886413574
2.7928309440612793
2.8205440044403076
2.770717144012451
2.6195969581604004
2.7798333168029785
2.8058829307556152
2.76609468460083
2.581207513809204
2.8040168285369873
2.811408281326294
2.7846479415893555
2.5861053466796875
2.759584665298462
2.631300687789917
2.872171640396118
2.7012710571289062
2.7244131565093994
2.5963962078094482
2.80652117729187
2.6968142986297607
2.738065719604492
2.645012140274048
2.9277806282043457
2.726599931716919
2.7746307849884033
2.638577938079834
2.7307753562927246
2.603778600692749
2.8212761878967285
2.737361431121826
2.7806780338287354
2.598369836807251
2.808016777038574
2.6907689571380615
2.8622536659240723
2.612964630126953
2.7653167247772217
2.6711652278900146
2.8422296047210693
2.6114585399627686
2.8513739109039307
2.760507345199585
2.7647411823272705
2.672114133834839
2.82429575920105
2.672924518585205
2.7427680492401123
2.63616943359375
2.749878168106079
2.615894317626953
2.761645555496216
2.6336610317230225
2.751581907272339
2.5780229568481445
2.7136380672454834
2.6554856300354004
2.9227774143218994
2.687812089920044
2.817265510559082
2.6471199989318848
2.82968807220459
2.5935418605804443
2.780085802078247
2.6696369647979736
2.783836603164673
2.9186089038848877
2.8088185787200928
2.6473231315612793
2.715020179748535
2.6985652446746826
2.825632095336914
2.6795125007629395
2.8395168781280518
2.697366952896118
2.768232583999634
2.5819075107574463
2.7510316371917725
2.637751579284668
2.749457597732544
2.5743408203125
2.7699267864227295
2.599273443222046
2.762146234512329
2.6976256370544434
2.7694032192230225
2.6420135498046875
2.80026912689209
2.699305534362793
2.928028106689453
2.6637346744537354
2.7189650535583496
2.7857463359832764
2.77162766456604
2.6423792839050293
2.8093082904815674
2.619144916534424
2.7836530208587646
2.6627347469329834
2.8146917819976807
2.666144847869873
2.795471668243408
2.6141231060028076
2.8957929611206055
2.6455464363098145
2.8701980113983154
2.8362724781036377
2.7498738765716553
2.7761762142181396
2.8038318157196045
2.662459135055542
2.822683334350586
