0.1725752353668213
0.03702044486999512
0.06859230995178223
0.011002540588378906
0.05501079559326172
0.012002706527709961
0.010021209716796875
0.011525392532348633
0.01301884651184082
0.008995294570922852
0.06301116943359375
0.01299905776977539
0.011990785598754883
0.007987737655639648
0.010999917984008789
0.012021303176879883
0.013003110885620117
0.013010025024414062
0.011989355087280273
0.06501460075378418
0.06467986106872559
0.06330633163452148
0.03802299499511719
0.0662839412689209
0.06403422355651855
0.03500866889953613
0.06301355361938477
0.02060866355895996
0.012202262878417969
0.012007474899291992
0.012002706527709961
0.010590314865112305
0.011996269226074219
0.007982254028320312
0.06534957885742188
0.012009620666503906
0.0359959602355957
0.015001296997070312
0.00901937484741211
0.008014202117919922
0.00799107551574707
0.030330896377563477
0.05700540542602539
0.06402134895324707
0.012015819549560547
0.02505016326904297
0.06853580474853516
0.03700113296508789
0.009001731872558594
0.011010169982910156
0.067474365234375
0.06875252723693848
0.01255488395690918
0.020004987716674805
0.010001659393310547
0.007999897003173828
0.0076215267181396484
0.009001970291137695
0.03700828552246094
0.06900858879089355
0.011002540588378906
0.012006998062133789
0.011014938354492188
0.00999760627746582
0.008006811141967773
0.008005142211914062
0.010002374649047852
0.03812670707702637
0.06302165985107422
0.010724306106567383
0.012008905410766602
0.010991573333740234
0.013002634048461914
0.01059412956237793
0.009997129440307617
0.00899958610534668
0.00782632827758789
0.011002540588378906
0.012045860290527344
0.009002685546875
0.012015581130981445
0.013125896453857422
0.009010553359985352
0.011996984481811523
0.012991189956665039
0.011021852493286133
0.06209087371826172
0.010590791702270508
0.020017147064208984
0.007003307342529297
0.007006168365478516
0.011983871459960938
0.01099538803100586
0.06201982498168945
0.06201887130737305
0.011988162994384766
0.019986391067504883
0.007995128631591797
0.03600263595581055
0.010601520538330078
0.0196683406829834
0.00801539421081543
0.06412100791931152
0.010994672775268555
0.0110015869140625
0.008991718292236328
0.062052011489868164
0.01141500473022461
0.00801849365234375
0.02099156379699707
0.007993698120117188
0.036009788513183594
0.01198887825012207
0.02012777328491211
0.00808095932006836
0.06313872337341309
0.011018037796020508
0.010000467300415039
0.007986068725585938
0.069580078125
0.011551618576049805
0.011015892028808594
0.009021520614624023
0.009001970291137695
0.011002540588378906
0.062033653259277344
0.01200246810913086
0.06701254844665527
0.07100367546081543
0.012004613876342773
0.0702667236328125
0.0110015869140625
0.010991573333740234
0.007999897003173828
0.036006927490234375
0.011001110076904297
0.01201009750366211
0.014002323150634766
0.010000944137573242
0.022005796432495117
0.008017301559448242
0.0630335807800293
0.01100921630859375
0.007920980453491211
0.03503274917602539
0.012002706527709961
0.00800776481628418
0.03600907325744629
0.012001276016235352
0.03403282165527344
0.013014793395996094
0.010590791702270508
0.008002758026123047
0.008003473281860352
0.03501486778259277
0.010535001754760742
0.01069498062133789
0.01099705696105957
0.010002374649047852
0.011014461517333984
0.062326908111572266
0.06136155128479004
0.011963844299316406
0.008002758026123047
0.008001089096069336
0.03598928451538086
0.010015249252319336
0.008002042770385742
0.06401562690734863
0.012001991271972656
0.012003183364868164
0.011000633239746094
0.019997358322143555
0.008022069931030273
0.03757739067077637
0.011002779006958008
0.010509967803955078
0.007999897003173828
0.06667852401733398
0.01600480079650879
0.01400613784790039
0.008001327514648438
0.07301521301269531
0.012007474899291992
0.010999441146850586
0.008995771408081055
0.06762528419494629
0.010989189147949219
0.01101374626159668
0.010001659393310547
0.00901484489440918
0.03647184371948242
0.010013818740844727
0.010134458541870117
0.00761866569519043
0.03801131248474121
0.010999917984008789
0.009541034698486328
0.008009910583496094
0.010002374649047852
0.007996797561645508
0.008997678756713867
0.06734490394592285
0.01201009750366211
0.01200103759765625
0.008008956909179688
0.008016586303710938
0.013011455535888672
0.011004209518432617
0.013016700744628906
0.06422591209411621
0.03702569007873535
0.07101821899414062
0.038008689880371094
0.010021209716796875
0.011002779006958008
0.011001110076904297
0.04100751876831055
0.03599405288696289
0.008043289184570312
0.01200413703918457
0.011003255844116211
0.011583328247070312
0.00798797607421875
0.007999181747436523
0.010010719299316406
0.008001327514648438
0.01100301742553711
0.012001752853393555
0.012197494506835938
0.035001516342163086
0.062006473541259766
0.06309843063354492
0.0399930477142334
0.012002944946289062
0.011281967163085938
0.06555294990539551
0.011002063751220703
0.0631108283996582
0.012050390243530273
0.009991645812988281
0.008001565933227539
0.00800180435180664
0.039633750915527344
0.01300191879272461
0.011001110076904297
0.011996269226074219
0.008002042770385742
0.010002613067626953
0.0380091667175293
0.011003255844116211
0.01000213623046875
0.010001659393310547
0.035079002380371094
0.05403447151184082
0.008001565933227539
0.012023448944091797
0.07010245323181152
0.007989645004272461
0.06601548194885254
0.010002374649047852
0.010008573532104492
0.01301431655883789
0.009005069732666016
0.010002613067626953
0.010002374649047852
0.008721351623535156
0.007987260818481445
0.01200723648071289
0.010002613067626953
0.011437416076660156
0.014994382858276367
0.03702259063720703
0.03501296043395996
0.036014556884765625
0.03600025177001953
0.01201772689819336
0.012021303176879883
0.010022163391113281
0.011158227920532227
0.06563282012939453
0.010994434356689453
0.012003183364868164
0.009001493453979492
0.06302309036254883
0.00900125503540039
0.009016036987304688
0.03760242462158203
0.01200246810913086
0.010991811752319336
0.0099945068359375
0.00800323486328125
0.00800180435180664
0.06563377380371094
0.012984752655029297
0.03601479530334473
0.014019489288330078
0.011004209518432617
0.0652010440826416
0.010045528411865234
0.013018131256103516
0.008010387420654297
0.00800180435180664
0.014002799987792969
0.010508298873901367
0.013621091842651367
0.0646352767944336
0.06236433982849121
0.012002229690551758
0.014004945755004883
0.008002281188964844
0.010000944137573242
0.00800180435180664
0.021761178970336914
0.011003494262695312
0.06341314315795898
0.06533026695251465
0.008002758026123047
0.010986804962158203
0.012003660202026367
0.008166790008544922
0.0075223445892333984
0.012003421783447266
0.011009454727172852
0.03500866889953613
0.011601686477661133
0.06200885772705078
0.012997627258300781
