0.16172051429748535
0.00832676887512207
0.008007287979125977
0.008032083511352539
0.008002519607543945
0.00760197639465332
0.0070154666900634766
0.009000539779663086
0.008021116256713867
0.008020401000976562
0.00901031494140625
0.00800180435180664
0.009010791778564453
0.007996559143066406
0.009000778198242188
0.008996963500976562
0.007994890213012695
0.008589506149291992
0.008982181549072266
0.009003877639770508
0.008002281188964844
0.009014368057250977
0.008002281188964844
0.007995367050170898
0.008001327514648438
0.009003162384033203
0.008002996444702148
0.03500652313232422
0.008002519607543945
0.007997989654541016
0.007995367050170898
0.008995532989501953
0.009015083312988281
0.008002042770385742
0.009001970291137695
0.009012460708618164
0.008983135223388672
0.009039640426635742
0.008009910583496094
0.008009195327758789
0.008001327514648438
0.008532285690307617
0.008007049560546875
0.007991313934326172
0.009009361267089844
0.008002758026123047
0.008994817733764648
0.00900125503540039
0.009002208709716797
0.008007526397705078
0.008605718612670898
0.00800323486328125
0.009001493453979492
0.008981466293334961
0.009002685546875
0.011003732681274414
0.009009361267089844
0.008002281188964844
0.009001016616821289
0.009002685546875
0.009003162384033203
0.007002115249633789
0.007994413375854492
0.007021188735961914
0.008987665176391602
0.00900125503540039
0.00787043571472168
0.008026599884033203
0.009003877639770508
0.008994340896606445
0.010004281997680664
0.009009838104248047
0.00900125503540039
0.008040189743041992
0.007982254028320312
0.01000213623046875
0.009531736373901367
0.00900888442993164
0.00798654556274414
0.008001089096069336
0.009002923965454102
0.008989572525024414
0.008003711700439453
0.008005142211914062
0.010058164596557617
0.008002042770385742
0.008011102676391602
0.008993387222290039
0.008987665176391602
0.006990194320678711
0.008027791976928711
0.007001638412475586
0.009007930755615234
0.008552789688110352
0.007998228073120117
0.008997917175292969
0.008987903594970703
0.008012771606445312
0.008002758026123047
0.007996320724487305
0.009002685546875
0.008001327514648438
0.009989023208618164
0.009707450866699219
0.007994651794433594
0.009003877639770508
0.007995367050170898
0.010001897811889648
0.007885217666625977
0.007989168167114258
0.009995222091674805
0.008002042770385742
0.010002374649047852
0.008027315139770508
0.009552001953125
0.009001970291137695
0.011995553970336914
0.008989810943603516
0.007991313934326172
0.008005857467651367
0.008012533187866211
0.008013725280761719
0.008989810943603516
0.00919651985168457
0.008001565933227539
0.007008552551269531
0.007984399795532227
0.009012222290039062
0.008008003234863281
0.008001565933227539
0.009003162384033203
0.007989645004272461
0.007982254028320312
0.008100271224975586
0.007995843887329102
0.009016036987304688
0.008063077926635742
0.00802159309387207
0.010025262832641602
0.00900888442993164
0.009525537490844727
0.008018016815185547
0.008021354675292969
0.007991790771484375
0.008006572723388672
0.009002447128295898
0.007982254028320312
0.008981943130493164
0.008026361465454102
0.007994890213012695
0.008995532989501953
0.007982492446899414
0.008990287780761719
0.009042501449584961
0.009014606475830078
0.00899648666381836
0.00802159309387207
0.008021116256713867
0.008994340896606445
0.008008241653442383
0.008997201919555664
0.008002758026123047
0.008990049362182617
0.008999109268188477
0.008002281188964844
0.012006044387817383
0.009009838104248047
0.008002758026123047
0.009001731872558594
0.00800013542175293
0.009002923965454102
0.007992029190063477
0.00800180435180664
0.008629798889160156
0.007982969284057617
0.008999109268188477
0.008987903594970703
0.009016752243041992
0.008004188537597656
0.009011507034301758
0.0080108642578125
0.008531808853149414
0.008007526397705078
0.009000301361083984
0.008001089096069336
0.0075151920318603516
0.008002519607543945
0.008996009826660156
0.00800180435180664
0.008002042770385742
0.009018182754516602
0.00800323486328125
0.010001182556152344
0.00800180435180664
0.007996559143066406
0.01200246810913086
0.008002758026123047
0.00899648666381836
0.008001565933227539
0.008547544479370117
0.009001731872558594
0.007999897003173828
0.00900125503540039
0.008006811141967773
0.008999824523925781
0.00800180435180664
0.00800013542175293
0.008996725082397461
0.009002208709716797
0.007982730865478516
0.009000778198242188
0.008998870849609375
0.007013082504272461
0.008991718292236328
0.008987903594970703
0.00855112075805664
0.009042739868164062
0.010001182556152344
0.009002208709716797
0.009003400802612305
0.00899505615234375
0.009014368057250977
0.008996963500976562
0.008358955383300781
0.00899195671081543
0.008015871047973633
0.009995222091674805
0.009001731872558594
0.009984493255615234
0.009377717971801758
0.0085296630859375
0.008004188537597656
0.009006261825561523
0.008002281188964844
0.008526802062988281
0.009001970291137695
0.009116411209106445
0.009002923965454102
0.009011030197143555
0.009016036987304688
0.009981870651245117
0.009000062942504883
0.009002685546875
0.008995532989501953
0.009002447128295898
0.009018182754516602
0.011003255844116211
0.00899505615234375
0.008002042770385742
0.00800180435180664
0.009995460510253906
0.009002447128295898
0.009019613265991211
0.009001493453979492
0.00900125503540039
0.007995128631591797
0.008009672164916992
0.008002281188964844
0.009525537490844727
0.008990287780761719
0.008996725082397461
0.008607149124145508
0.009119749069213867
0.006994485855102539
0.008076667785644531
0.008003711700439453
0.008009672164916992
0.007993936538696289
0.010000944137573242
0.007020711898803711
0.007558107376098633
0.009001731872558594
0.009338855743408203
0.008996725082397461
0.009130239486694336
0.0086212158203125
0.00900721549987793
0.010007381439208984
0.009015798568725586
0.009002447128295898
0.009002208709716797
0.009004354476928711
0.008999824523925781
0.008000850677490234
0.00899505615234375
0.008997201919555664
0.009002923965454102
0.009002685546875
0.009007692337036133
0.008995294570922852
0.009000062942504883
0.01102137565612793
0.008990049362182617
0.009621143341064453
0.009015798568725586
0.008993864059448242
0.009995698928833008
0.008002996444702148
0.008998870849609375
0.008002281188964844
0.008990049362182617
0.008984804153442383
0.008988618850708008
0.009011507034301758
0.00800180435180664
0.010014772415161133
0.009001493453979492
0.008002996444702148
0.009528160095214844
0.007993221282958984
0.008009910583496094
0.009001970291137695
0.009003639221191406
0.009002447128295898
0.008994817733764648
0.010000467300415039
0.009007930755615234
0.008554458618164062
0.008543968200683594
0.009003162384033203
0.0077059268951416016
