0.16263508796691895
0.008006572723388672
0.007999181747436523
0.008022546768188477
0.009028196334838867
0.007999897003173828
0.007995128631591797
0.008008241653442383
0.008992433547973633
0.008020877838134766
0.008009672164916992
0.007989168167114258
0.008016586303710938
0.008994817733764648
0.008002758026123047
0.008090019226074219
0.008007526397705078
0.007982492446899414
0.009760618209838867
0.008002758026123047
0.007988691329956055
0.008006572723388672
0.008008480072021484
0.007517576217651367
0.0075724124908447266
0.009002685546875
0.007987260818481445
0.008021116256713867
0.008085966110229492
0.007989645004272461
0.008014202117919922
0.00800180435180664
0.008000612258911133
0.008002042770385742
0.008001565933227539
0.008016347885131836
0.008002281188964844
0.0076122283935546875
0.008001565933227539
0.008000612258911133
0.008002042770385742
0.00794076919555664
0.00901651382446289
0.008000612258911133
0.009014129638671875
0.008017301559448242
0.007994890213012695
0.008563995361328125
0.008002758026123047
0.008014440536499023
0.007987022399902344
0.009001731872558594
0.007988929748535156
0.010004520416259766
0.010033607482910156
0.00802159309387207
0.008598566055297852
0.008001327514648438
0.006997108459472656
0.009008407592773438
0.00800943374633789
0.007994890213012695
0.008016347885131836
0.009003400802612305
0.00799703598022461
0.008010387420654297
0.008040189743041992
0.00801539421081543
0.007982730865478516
0.009001970291137695
0.008001327514648438
0.008019208908081055
0.009013175964355469
0.007996559143066406
0.008984804153442383
0.009012460708618164
0.00900125503540039
0.008678674697875977
0.007988452911376953
0.009014606475830078
0.008990049362182617
0.009999752044677734
0.009003639221191406
0.009001016616821289
0.011003255844116211
0.008001565933227539
0.012776374816894531
0.011002540588378906
0.009005069732666016
0.0075299739837646484
0.009020328521728516
0.009001970291137695
0.009001016616821289
0.008001089096069336
0.008027791976928711
0.007985830307006836
0.008010387420654297
0.009002685546875
0.00800323486328125
0.00899958610534668
0.009003162384033203
0.008014440536499023
0.009000301361083984
0.008003711700439453
0.009001970291137695
0.009001970291137695
0.009021520614624023
0.008001089096069336
0.007981538772583008
0.008001565933227539
0.010003089904785156
0.007994890213012695
0.008995771408081055
0.009128332138061523
0.009000539779663086
0.009006738662719727
0.008706331253051758
0.00800776481628418
0.01000213623046875
0.008502721786499023
0.007992029190063477
0.009021520614624023
0.009974002838134766
0.008997440338134766
0.009001731872558594
0.009001016616821289
0.009001493453979492
0.008002996444702148
0.009001731872558594
0.00800180435180664
0.009052753448486328
0.008002996444702148
0.009001970291137695
0.007996082305908203
0.007013797760009766
0.008013248443603516
0.007994651794433594
0.011002540588378906
0.009001493453979492
0.00800180435180664
0.007985591888427734
0.008563518524169922
0.009997129440307617
0.009001016616821289
0.007994651794433594
0.008992195129394531
0.009000301361083984
0.009008169174194336
0.009001731872558594
0.008995532989501953
0.007607936859130859
0.008002996444702148
0.009001731872558594
0.007990837097167969
0.008989572525024414
0.008582592010498047
0.008566617965698242
0.008005619049072266
0.009001970291137695
0.008000612258911133
0.00767827033996582
0.009040117263793945
0.00804281234741211
0.009994745254516602
0.009001731872558594
0.00899648666381836
0.009022235870361328
0.008022785186767578
0.00899052619934082
0.00757288932800293
0.007997512817382812
0.008002996444702148
0.00900125503540039
0.009003400802612305
0.008012533187866211
0.007991313934326172
0.009001016616821289
0.007982730865478516
0.008008241653442383
0.008002042770385742
0.007990360260009766
0.009001970291137695
0.009009361267089844
0.009002208709716797
0.008002042770385742
0.008001565933227539
0.008000373840332031
0.009007692337036133
0.007005214691162109
0.009019613265991211
0.009001970291137695
0.007020235061645508
0.008001327514648438
0.009000778198242188
0.009009599685668945
0.009002208709716797
0.008000850677490234
0.008002042770385742
0.008004903793334961
0.009012460708618164
0.01196599006652832
0.007992982864379883
0.009001731872558594
0.008002281188964844
0.008982181549072266
0.009002208709716797
0.009101390838623047
0.008002996444702148
0.009002923965454102
0.00999760627746582
0.00799703598022461
0.008001565933227539
0.00900411605834961
0.008003711700439453
0.008002042770385742
0.007996797561645508
0.007990121841430664
0.008001327514648438
0.009012460708618164
0.009002685546875
0.008002996444702148
0.009002208709716797
0.008002758026123047
0.008994817733764648
0.00786733627319336
0.008011579513549805
0.008243083953857422
0.008020877838134766
0.00800180435180664
0.008013486862182617
0.008003950119018555
0.009004354476928711
0.007996320724487305
0.008008718490600586
0.009001970291137695
0.00800943374633789
0.00800180435180664
0.007991313934326172
0.008008718490600586
0.010010957717895508
0.007995128631591797
0.010000944137573242
0.008000850677490234
0.00930023193359375
0.008067131042480469
0.009002685546875
0.007994890213012695
0.008023262023925781
0.009014606475830078
0.009001970291137695
0.00796818733215332
0.008015871047973633
0.008002042770385742
0.009021759033203125
0.008021354675292969
0.014002323150634766
0.01099538803100586
0.009000778198242188
0.009002208709716797
0.010002851486206055
0.010001659393310547
0.009021997451782227
0.008988618850708008
0.009002685546875
0.010002851486206055
0.009002447128295898
0.008002996444702148
0.008075475692749023
0.00900411605834961
0.00900888442993164
0.009551525115966797
0.008001565933227539
0.00798797607421875
0.008013248443603516
0.008248329162597656
0.008538246154785156
0.009999990463256836
0.010005712509155273
0.008003950119018555
0.008001565933227539
0.007996797561645508
0.008000850677490234
0.009004354476928711
0.00800180435180664
0.009000778198242188
0.01100778579711914
0.009001970291137695
0.009002208709716797
0.00901174545288086
0.009058237075805664
0.009002447128295898
0.008018970489501953
0.007987260818481445
0.007981538772583008
0.008001565933227539
0.007987737655639648
0.00900578498840332
0.008998632431030273
0.007879495620727539
0.008989810943603516
0.00800323486328125
0.009008646011352539
0.00800013542175293
0.009001731872558594
0.009002685546875
0.009003877639770508
0.00800180435180664
0.009002208709716797
0.009010791778564453
0.014002561569213867
0.009218454360961914
0.008550167083740234
0.007998466491699219
0.008001565933227539
0.008000373840332031
0.009001493453979492
0.00901174545288086
0.009010553359985352
0.009589195251464844
0.010000228881835938
0.008008003234863281
0.008997440338134766
0.009006023406982422
0.008588314056396484
0.009010791778564453
0.00800180435180664
0.008002996444702148
0.009008646011352539
0.007987022399902344
0.009019851684570312
0.008002042770385742
0.007989645004272461
0.009002447128295898
0.009001016616821289
0.009007692337036133
