2.3282082080841064
2.529137134552002
2.5635721683502197
2.631793260574341
2.6202728748321533
2.393000364303589
2.3358726501464844
2.548227310180664
2.6088831424713135
2.3539371490478516
2.6378915309906006
2.3705976009368896
2.3282828330993652
2.6143040657043457
2.357672929763794
2.594548463821411
2.3583526611328125
2.598625659942627
2.3545517921447754
2.6091766357421875
2.3417787551879883
2.595466136932373
2.363363027572632
2.6540820598602295
2.403042793273926
2.6154751777648926
2.3478689193725586
2.615509033203125
2.350867986679077
2.6230263710021973
2.360003709793091
2.667163610458374
2.352703809738159
2.6043527126312256
2.357739210128784
2.6270439624786377
2.3476967811584473
2.627342939376831
2.3836116790771484
2.6388771533966064
2.397071361541748
2.3470304012298584
2.5752484798431396
2.62904953956604
2.3703978061676025
2.655355215072632
2.3848190307617188
2.3532779216766357
2.6113767623901367
2.357707977294922
2.6191108226776123
2.3811416625976562
2.6310291290283203
2.3844950199127197
2.621997117996216
2.3692610263824463
2.604999542236328
2.366208553314209
2.6124510765075684
2.35557222366333
2.6563615798950195
2.3696329593658447
2.6223537921905518
2.3685142993927
2.816514253616333
2.488955497741699
2.7599778175354004
2.5046732425689697
2.8521523475646973
2.37443470954895
2.6130168437957764
2.358060359954834
2.6027815341949463
2.353524684906006
2.618067741394043
2.3657171726226807
2.616623640060425
2.369626760482788
2.622105121612549
2.3510231971740723
2.6360878944396973
2.6544761657714844
3.8723464012145996
2.67915415763855
2.8834869861602783
2.6535136699676514
3.2604007720947266
2.8531689643859863
3.0631561279296875
2.55454158782959
2.42472505569458
2.7016844749450684
2.694823741912842
2.524069309234619
2.851783514022827
2.4434731006622314
2.4678916931152344
2.8329415321350098
2.505011796951294
2.6992275714874268
2.4616682529449463
2.737957715988159
2.486983060836792
2.777029514312744
2.463139772415161
2.907059907913208
2.4577465057373047
2.679450273513794
2.5085105895996094
2.707829475402832
2.4599180221557617
2.7196033000946045
2.4069595336914062
2.8289382457733154
2.505591630935669
2.667205810546875
2.4495959281921387
2.754638671875
2.4166836738586426
2.7451047897338867
2.481220245361328
2.6820778846740723
2.4648561477661133
2.7485463619232178
2.449775218963623
3.0484280586242676
2.5471701622009277
2.8468453884124756
2.43245530128479
2.760061740875244
2.639608860015869
2.730802059173584
2.484495162963867
2.794224739074707
2.5600924491882324
2.6763498783111572
2.4066765308380127
2.7731781005859375
2.6098473072052
2.4307103157043457
2.609110116958618
2.6718101501464844
2.5562005043029785
2.8372228145599365
2.437802791595459
2.4074535369873047
2.743459463119507
2.499979019165039
2.819636583328247
2.461289167404175
2.6823410987854004
2.4099934101104736
2.781325340270996
2.5973305702209473
2.6492791175842285
2.4289350509643555
2.665276050567627
2.431880474090576
2.782151937484741
2.600353479385376
2.6979756355285645
2.401966094970703
2.641244649887085
2.456319808959961
2.771078586578369
2.584961414337158
2.659722328186035
2.41667103767395
2.706460952758789
2.4961729049682617
2.752352714538574
2.389132022857666
2.795710563659668
2.578761577606201
2.7279410362243652
2.448983907699585
2.7758841514587402
2.4849958419799805
2.790517568588257
2.553666353225708
2.683265447616577
2.5987372398376465
2.887566328048706
2.5616254806518555
2.787940502166748
2.4175634384155273
2.794706106185913
2.527747869491577
2.3981831073760986
2.756546974182129
2.823193073272705
2.427208662033081
2.735306978225708
2.6238315105438232
2.467561721801758
2.7000184059143066
2.4762892723083496
2.8011326789855957
2.404358148574829
2.654104709625244
2.3709778785705566
2.7612035274505615
2.620671510696411
2.687112331390381
2.4029881954193115
2.7127318382263184
2.4322330951690674
2.743312120437622
2.4137306213378906
2.6589930057525635
2.3945999145507812
2.7808964252471924
2.431746244430542
2.7531230449676514
2.410799026489258
2.6854498386383057
2.4279472827911377
2.7492928504943848
2.504082679748535
2.7466073036193848
2.5127696990966797
2.7647573947906494
2.398159980773926
2.6678802967071533
2.550717353820801
2.7639718055725098
2.5169150829315186
2.6764984130859375
2.3983511924743652
2.788572311401367
2.5331292152404785
2.880467653274536
2.4160215854644775
2.699784755706787
2.584959030151367
2.8527603149414062
2.4500863552093506
2.466524362564087
2.8310792446136475
2.83937406539917
2.454221248626709
2.7683534622192383
2.5487513542175293
2.4624948501586914
2.797506093978882
2.4097628593444824
2.660062074661255
2.38140606880188
2.7652525901794434
2.5223257541656494
2.664311647415161
2.432739734649658
2.7852327823638916
2.5092742443084717
2.700289487838745
2.4135024547576904
2.747080087661743
2.5077219009399414
2.6988062858581543
2.4674179553985596
2.8981754779815674
2.4038188457489014
2.644228935241699
2.413656711578369
2.8785593509674072
2.44767427444458
2.6582586765289307
2.3943979740142822
2.7345635890960693
2.5041420459747314
2.794924020767212
2.4609880447387695
2.698641777038574
2.529984712600708
2.837946653366089
2.419466018676758
2.7398109436035156
2.4369611740112305
2.824936866760254
2.439885139465332
2.7376036643981934
2.5811657905578613
2.7470507621765137
2.5627894401550293
2.767071008682251
2.4949328899383545
2.5565929412841797
2.762883186340332
2.483492851257324
2.8576979637145996
2.6853597164154053
2.4097232818603516
2.6833839416503906
2.7163987159729004
2.433519124984741
2.6073267459869385
2.6740498542785645
2.3715710639953613
2.6545252799987793
2.7671921253204346
2.620919942855835
2.629124641418457
2.8552162647247314
2.439749240875244
2.716810941696167
2.755246877670288
2.460561752319336
2.828596353530884
2.716372013092041
2.503312110900879
2.778202533721924
2.4110164642333984
2.668219804763794
2.8483071327209473
2.3936383724212646
2.6961591243743896
2.73663592338562
2.4802026748657227
2.605858325958252
2.8381567001342773
2.5780701637268066
2.6574342250823975
2.8170104026794434
2.394080877304077
2.6921956539154053
2.733029842376709
2.5199122428894043
2.787670850753784
2.4934821128845215
2.676088809967041
2.818016767501831
2.427321672439575
2.774235963821411
2.7218167781829834
2.501859188079834
