0.1717071533203125
0.012002706527709961
0.00800180435180664
0.0659339427947998
0.012000083923339844
0.011010408401489258
0.06309080123901367
0.032059431076049805
0.0212554931640625
0.00955653190612793
0.04964756965637207
0.011004209518432617
0.012001752853393555
0.010989904403686523
0.01299595832824707
0.011029958724975586
0.01056218147277832
0.011020183563232422
0.010123252868652344
0.011008739471435547
0.007988452911376953
0.06300854682922363
0.036077260971069336
0.06301403045654297
0.0655524730682373
0.06303215026855469
0.06303191184997559
0.0641031265258789
0.06153368949890137
0.06200909614562988
0.06170773506164551
0.06201434135437012
0.03722643852233887
0.06400728225708008
0.041014671325683594
0.03500247001647949
0.03665590286254883
0.03603076934814453
0.06301379203796387
0.0633554458618164
0.0630333423614502
0.06256270408630371
0.035997867584228516
0.062020063400268555
0.06162381172180176
0.06200742721557617
0.0630025863647461
0.013091564178466797
0.042021751403808594
0.009996891021728516
0.06315112113952637
0.030012130737304688
0.0370028018951416
0.03599381446838379
0.011661767959594727
0.01198887825012207
0.03555727005004883
0.023000001907348633
0.03798842430114746
0.022991657257080078
0.009994983673095703
0.013571500778198242
0.008221864700317383
0.00759434700012207
0.008002042770385742
0.012004375457763672
0.013002157211303711
0.007997274398803711
0.010588645935058594
0.013984441757202148
0.008983135223388672
0.01198267936706543
0.007994890213012695
0.01098179817199707
0.00800180435180664
0.008000850677490234
0.020024776458740234
0.007996320724487305
0.013009071350097656
0.011990547180175781
0.012009382247924805
0.012002944946289062
0.011002063751220703
0.020231008529663086
0.00801539421081543
0.011002540588378906
0.013027667999267578
0.008588790893554688
0.0180056095123291
0.013011932373046875
0.01101541519165039
0.01902627944946289
0.009020328521728516
0.01156473159790039
0.008002519607543945
0.012082815170288086
0.011015892028808594
0.013059854507446289
0.008002996444702148
0.007990837097167969
0.012002706527709961
0.013003826141357422
0.010524749755859375
0.06116008758544922
0.013015985488891602
0.007981061935424805
0.008009910583496094
0.009002923965454102
0.007996320724487305
0.012005329132080078
0.012998342514038086
0.011982917785644531
0.012991905212402344
0.013001203536987305
0.007732868194580078
0.012990474700927734
0.011989355087280273
0.012007713317871094
0.014003276824951172
0.00900721549987793
0.010991334915161133
0.011992692947387695
0.011988162994384766
0.007990837097167969
0.03801774978637695
0.01199197769165039
0.007984399795532227
0.012995719909667969
0.01100921630859375
0.01399540901184082
0.008138895034790039
0.008002758026123047
0.009019613265991211
0.0363006591796875
0.01253366470336914
0.012984037399291992
0.011990070343017578
0.011003255844116211
0.06521916389465332
0.008008718490600586
0.011991024017333984
0.020004749298095703
0.008147478103637695
0.008994579315185547
0.012014627456665039
0.013002634048461914
0.06302571296691895
0.03501319885253906
0.03866171836853027
0.010990619659423828
0.020466327667236328
0.007982492446899414
0.06208491325378418
0.011991739273071289
0.012001991271972656
0.008982658386230469
0.06199383735656738
0.011325359344482422
0.012996435165405273
0.00800180435180664
0.06264591217041016
0.012009859085083008
0.012010335922241211
0.011999845504760742
0.009008646011352539
0.019992351531982422
0.008014917373657227
0.06256937980651855
0.012007951736450195
0.012003898620605469
0.008008718490600586
0.019756555557250977
0.01199650764465332
0.06358027458190918
0.008007049560546875
0.06201291084289551
0.012551069259643555
0.035010576248168945
0.011002540588378906
0.01201772689819336
0.008024454116821289
0.012029647827148438
0.008009910583496094
0.012989997863769531
0.007994413375854492
0.01201009750366211
0.06405258178710938
0.012073516845703125
0.036089420318603516
0.019985198974609375
0.008001565933227539
0.06199502944946289
0.06314539909362793
0.011991739273071289
0.012009859085083008
0.00800180435180664
0.011017322540283203
0.012996435165405273
0.008025169372558594
0.0630030632019043
0.012990236282348633
0.036067962646484375
0.011991500854492188
0.012002944946289062
0.012985467910766602
0.007995128631591797
0.013007164001464844
0.012995719909667969
0.03600168228149414
0.0070078372955322266
0.03556704521179199
0.007990598678588867
0.06102395057678223
0.011995792388916016
0.014313459396362305
0.007995367050170898
0.0351560115814209
0.013034582138061523
0.012002944946289062
0.03744149208068848
0.010794878005981445
0.02099776268005371
0.008982658386230469
0.010990381240844727
0.008033275604248047
0.012009859085083008
0.03602933883666992
0.007831335067749023
0.036015987396240234
0.013015985488891602
0.011994361877441406
0.008021354675292969
0.03501439094543457
0.012009143829345703
0.012023210525512695
0.008022069931030273
0.06150650978088379
0.011259317398071289
0.03900885581970215
0.01399683952331543
0.012015104293823242
0.012022018432617188
0.007995367050170898
0.01202249526977539
0.01501774787902832
0.007012605667114258
0.008009672164916992
0.013010025024414062
0.03701519966125488
0.007993221282958984
0.010989904403686523
0.062143564224243164
0.062026262283325195
0.007996559143066406
0.012022018432617188
0.01201009750366211
0.03502511978149414
0.03600764274597168
0.012995719909667969
0.06302118301391602
0.06401300430297852
0.012789249420166016
0.03600788116455078
0.010998010635375977
0.007996320724487305
0.06201362609863281
0.012019872665405273
0.008013725280761719
0.013015031814575195
0.030014753341674805
0.012002706527709961
0.011981487274169922
0.0626218318939209
0.008008241653442383
0.008004426956176758
0.0200045108795166
0.031019210815429688
0.014035463333129883
0.012002706527709961
0.03583836555480957
0.01123356819152832
0.03600907325744629
0.013020753860473633
0.010025739669799805
0.01158761978149414
0.011990547180175781
0.008002042770385742
0.008021354675292969
0.011002540588378906
0.007988691329956055
0.012996673583984375
0.012001752853393555
0.01201486587524414
0.035543203353881836
0.010988950729370117
0.013009786605834961
0.0638117790222168
0.03551983833312988
0.011524677276611328
0.06500244140625
0.008013725280761719
0.011004447937011719
0.012996196746826172
0.06264281272888184
0.010000228881835938
0.011996030807495117
0.012014627456665039
0.007779359817504883
0.011001825332641602
0.011988162994384766
0.007989883422851562
0.06202507019042969
0.06217074394226074
0.007989168167114258
0.01202249526977539
0.0200042724609375
0.007998943328857422
0.011982917785644531
0.03602147102355957
0.011994600296020508
0.035007476806640625
0.010982751846313477
0.013626337051391602
0.034897804260253906
0.014073610305786133
0.008993148803710938
0.012009143829345703
0.008021116256713867
0.011014699935913086
0.00900888442993164
0.03700089454650879
0.031000375747680664
0.011010169982910156
0.03678703308105469
0.011988401412963867
0.0128631591796875
0.007986783981323242
0.01199793815612793
0.012025117874145508
0.011003732681274414
0.06301426887512207
0.06220841407775879
0.010989665985107422
0.011020660400390625
0.008008480072021484
0.03500866889953613
0.01098489761352539
0.011002540588378906
0.008020639419555664
0.008982181549072266
0.06300711631774902
0.06250667572021484
0.011166572570800781
0.010988235473632812
