2.541135549545288
2.5549113750457764
2.299039602279663
2.569272994995117
2.311743974685669
2.6026711463928223
2.3628365993499756
2.3156516551971436
2.5807740688323975
2.3135666847229004
2.557119369506836
2.3132050037384033
2.5992021560668945
2.325946092605591
2.5682485103607178
2.2956902980804443
2.5630509853363037
2.3250298500061035
2.557037830352783
2.4149415493011475
2.5572407245635986
2.3108859062194824
2.5594305992126465
2.3278024196624756
2.585947275161743
2.318420648574829
2.5592029094696045
2.32257342338562
2.5752766132354736
2.314593553543091
2.57582950592041
2.307755708694458
2.5762598514556885
2.322103500366211
2.569470167160034
2.3198492527008057
2.595712423324585
2.3130738735198975
2.5820562839508057
2.306756019592285
2.590869665145874
2.311013698577881
2.569937229156494
2.321645975112915
2.565114736557007
2.307307481765747
2.574277877807617
2.319849967956543
2.665292263031006
2.342777967453003
2.2971832752227783
2.530740976333618
2.5927822589874268
2.332000970840454
2.6006174087524414
2.3545544147491455
2.3353564739227295
2.570364475250244
2.327031135559082
2.572596311569214
2.3176708221435547
2.588545799255371
2.372870445251465
2.567838430404663
2.3080556392669678
2.5618557929992676
2.318739652633667
2.569429874420166
2.3145134449005127
2.56455659866333
2.3138668537139893
2.5766210556030273
2.3020710945129395
2.5605640411376953
2.3065760135650635
2.574047803878784
2.3202290534973145
2.571263313293457
2.3083817958831787
2.589475631713867
2.317889928817749
2.5686285495758057
2.318007469177246
2.5681512355804443
2.321322441101074
2.583306312561035
2.326974391937256
2.5839247703552246
2.339674472808838
2.5757741928100586
2.3366458415985107
2.565945863723755
2.3050665855407715
2.573873996734619
2.3274216651916504
2.5917532444000244
2.336948871612549
2.59500789642334
2.346649646759033
2.292151689529419
2.5414435863494873
2.5908615589141846
2.3196144104003906
2.61138653755188
2.3507721424102783
2.33577299118042
2.5673751831054688
2.328561544418335
2.5701146125793457
2.321399688720703
2.570002317428589
2.320276975631714
2.5791738033294678
2.3088815212249756
2.567466974258423
2.313542604446411
2.5688724517822266
2.312431573867798
2.592724084854126
2.324378252029419
2.569972038269043
2.3116936683654785
2.563145160675049
2.3282783031463623
2.579033613204956
2.4092159271240234
2.585900068283081
2.3189899921417236
2.5854499340057373
2.3312838077545166
2.577087640762329
2.368013381958008
2.5693700313568115
2.3457274436950684
2.5623223781585693
2.3152313232421875
2.5688743591308594
2.323854923248291
2.578460454940796
2.323444128036499
2.5596582889556885
2.3191726207733154
2.589956283569336
2.317518472671509
2.589931011199951
2.3290634155273438
2.5911803245544434
2.3410391807556152
2.3017945289611816
2.5309996604919434
2.6567935943603516
2.332988977432251
2.6332290172576904
2.3544771671295166
2.315152168273926
2.6184334754943848
2.318481683731079
2.5875768661499023
2.3206212520599365
2.569598913192749
2.334282159805298
2.576658248901367
2.3182601928710938
2.595679521560669
2.3368923664093018
2.573444366455078
2.3243727684020996
2.574542284011841
2.3235039710998535
2.5820164680480957
2.308444023132324
2.5689101219177246
2.328310012817383
2.5728094577789307
2.3211896419525146
2.5764214992523193
2.3395609855651855
2.5754263401031494
2.324101209640503
2.585937261581421
2.332634449005127
2.566434860229492
2.33475399017334
2.575198173522949
2.3270490169525146
2.607226848602295
2.3282716274261475
2.57446026802063
2.32218861579895
2.5749809741973877
2.316704750061035
2.580700635910034
2.323509931564331
2.573286771774292
2.320996046066284
2.5981149673461914
2.3483943939208984
2.3065297603607178
2.571962356567383
2.580493688583374
2.3449900150299072
2.607978343963623
2.398184061050415
2.326090097427368
2.585797071456909
2.311460494995117
2.5760085582733154
2.3446877002716064
2.605513572692871
2.3181357383728027
2.574045419692993
2.3177528381347656
2.584970712661743
2.321012496948242
2.568371534347534
2.3386340141296387
2.58093523979187
2.320146322250366
2.587928533554077
2.31231427192688
2.572338581085205
2.316662549972534
2.5710930824279785
2.321291446685791
2.5743184089660645
2.3375189304351807
2.602391242980957
2.3444502353668213
2.5839858055114746
2.3366963863372803
2.575381278991699
2.3252551555633545
2.5650997161865234
2.3218986988067627
2.5813732147216797
2.344280481338501
2.5701639652252197
2.3398704528808594
2.586944818496704
2.3308608531951904
2.576871871948242
2.329735517501831
2.5902817249298096
2.3318018913269043
2.607739210128784
2.380059003829956
2.3043599128723145
2.5742461681365967
2.3258731365203857
2.5210189819335938
2.573745012283325
2.3308544158935547
2.529451847076416
2.5550501346588135
2.299335241317749
2.5247583389282227
2.5527961254119873
2.3122477531433105
2.5069189071655273
2.5820770263671875
2.3056230545043945
2.526930809020996
2.551783323287964
2.3045690059661865
2.537626028060913
2.582296133041382
2.3274857997894287
2.6041994094848633
2.3745362758636475
2.313361406326294
2.5617427825927734
2.297600269317627
2.5341649055480957
2.5663504600524902
2.3010270595550537
2.523505210876465
2.5611627101898193
2.2898647785186768
2.5326032638549805
2.552471399307251
2.3063175678253174
2.5272467136383057
2.575669765472412
2.3038413524627686
2.538348913192749
2.5813722610473633
2.3351244926452637
2.6303133964538574
2.3555569648742676
2.305377721786499
2.5521557331085205
2.310117721557617
2.5251526832580566
2.5431573390960693
2.301151990890503
2.501281976699829
2.5507848262786865
2.304656505584717
2.5192148685455322
2.5532429218292236
2.2990620136260986
2.518064260482788
2.5616886615753174
2.300530433654785
2.53245210647583
2.598503351211548
2.3303000926971436
2.61872935295105
2.35300612449646
2.318549156188965
2.5641589164733887
2.2950656414031982
2.5234217643737793
2.5627260208129883
2.2869632244110107
2.5049009323120117
2.571768045425415
2.2936911582946777
2.5272843837738037
2.548999786376953
2.3252639770507812
2.52026629447937
2.5652334690093994
2.307624101638794
2.5533645153045654
2.601029634475708
2.320967197418213
2.605010747909546
2.342757225036621
2.3223650455474854
2.5439579486846924
2.3109488487243652
2.508282423019409
2.5704777240753174
2.2976837158203125
2.517609119415283
2.552138328552246
2.296501398086548
2.507265567779541
2.5562362670898438
2.292405128479004
2.5358433723449707
2.5681228637695312
2.316032648086548
2.5569708347320557
2.6030027866363525
2.3325283527374268
2.6125540733337402
2.3588147163391113
2.3291614055633545
2.559591293334961
2.306490182876587
2.5217831134796143
2.5481245517730713
