2.3702938556671143
2.5331993103027344
2.526561737060547
2.562345504760742
2.6086153984069824
2.4330179691314697
2.501601457595825
2.527733325958252
2.5062177181243896
2.646026611328125
2.6620678901672363
2.3820810317993164
2.5755257606506348
2.605806589126587
2.697234630584717
2.774693250656128
2.5100691318511963
2.8250463008880615
2.420387029647827
2.717182159423828
2.66279935836792
2.440211057662964
2.563422203063965
2.602940320968628
2.6597096920013428
2.3617851734161377
2.509636878967285
2.5036234855651855
2.5926454067230225
2.619809865951538
2.6856565475463867
2.396939992904663
2.5824456214904785
2.5166738033294678
2.5813682079315186
2.60776686668396
2.6506192684173584
2.373899221420288
2.5592715740203857
2.547316074371338
2.572627067565918
2.660163164138794
2.490981101989746
2.5718870162963867
2.624173879623413
2.615602493286133
2.7504794597625732
2.7183897495269775
2.5057413578033447
2.7445051670074463
2.6414177417755127
2.756253480911255
2.825712203979492
2.852541446685791
2.4406750202178955
2.5611894130706787
2.596353054046631
2.5735507011413574
2.6182668209075928
2.6612162590026855
2.368313789367676
2.7694101333618164
2.644690752029419
2.6558659076690674
2.63663911819458
2.495363473892212
2.555009126663208
2.5603818893432617
2.5472161769866943
2.614046335220337
2.6484580039978027
2.368669271469116
2.5547635555267334
2.5630335807800293
2.568246603012085
2.6038410663604736
2.6427114009857178
2.3876736164093018
2.570685386657715
2.608793020248413
2.5956010818481445
2.6256933212280273
2.646657705307007
2.3668949604034424
2.566279172897339
2.5554323196411133
2.582975149154663
2.6809866428375244
2.5049731731414795
2.5631070137023926
2.5894744396209717
2.582104206085205
2.6181046962738037
2.6683237552642822
2.374143362045288
2.576077938079834
2.571726083755493
2.579080104827881
2.614593505859375
2.653449058532715
2.3706181049346924
2.5594842433929443
2.5524277687072754
2.581568717956543
2.61545729637146
2.492830753326416
2.7382164001464844
2.56954026222229
2.418483257293701
2.6126058101654053
2.635524034500122
2.646929979324341
2.375643491744995
2.5661094188690186
2.5753016471862793
2.5735809803009033
2.6142499446868896
2.660792827606201
2.3807296752929688
2.766526222229004
2.725541591644287
2.7267277240753174
3.00026798248291
2.803312063217163
2.7466471195220947
2.693127155303955
2.433088541030884
2.6316375732421875
2.81282901763916
2.7643051147460938
2.496297597885132
2.5848441123962402
2.6457033157348633
2.6203854084014893
2.772275447845459
2.799332857131958
2.4396281242370605
2.699143409729004
2.612778902053833
2.661031723022461
3.090425968170166
2.5126829147338867
2.7423713207244873
2.6054775714874268
2.4021151065826416
2.5992867946624756
2.645742416381836
2.6709723472595215
2.4079883098602295
2.558803081512451
2.608572006225586
2.6073200702667236
2.684112787246704
2.6894302368164062
2.446481227874756
2.5779099464416504
2.617872476577759
2.6298084259033203
2.702362298965454
2.506765365600586
2.792729616165161
2.565023422241211
2.3956055641174316
2.615854024887085
2.6311047077178955
2.699842929840088
2.4632372856140137
2.778427839279175
2.717230796813965
2.7704148292541504
2.7027571201324463
2.728179454803467
2.5347416400909424
2.6235978603363037
2.6457154750823975
2.740203619003296
2.7807304859161377
2.639848232269287
2.8735430240631104
2.4629623889923096
3.0181822776794434
2.690134048461914
2.6146652698516846
2.633056402206421
2.6320650577545166
2.7934985160827637
2.711801767349243
2.7327377796173096
2.5406033992767334
2.732512950897217
2.6207046508789062
2.8229238986968994
2.6033623218536377
2.6596267223358154
2.5802812576293945
2.847874164581299
2.7453091144561768
2.6909308433532715
2.605618476867676
2.8317325115203857
2.5841927528381348
2.6760501861572266
2.7145957946777344
2.7863173484802246
2.684990882873535
2.7453205585479736
2.773155927658081
2.734412908554077
2.6604888439178467
2.7681612968444824
2.678238868713379
2.7228827476501465
2.577913284301758
2.8224680423736572
2.659330368041992
2.6752305030822754
2.56523060798645
2.803420066833496
2.6921815872192383
2.810296058654785
2.6104533672332764
2.6614012718200684
2.643521547317505
2.758885383605957
2.6807565689086914
2.7676641941070557
2.6669821739196777
2.737107753753662
2.6964938640594482
2.8731889724731445
2.670135021209717
2.692739725112915
2.59641170501709
2.8487861156463623
2.7246358394622803
2.6923959255218506
2.6226015090942383
2.862985610961914
2.5659849643707275
2.7582523822784424
2.7177114486694336
2.808154344558716
2.589634656906128
2.702354669570923
2.6164231300354004
2.8027079105377197
2.5807197093963623
2.694694995880127
2.590588092803955
2.760770797729492
2.597750425338745
2.705692768096924
2.602616548538208
2.73211932182312
2.6383163928985596
2.704845428466797
2.62446665763855
2.8055291175842285
2.60019588470459
2.705414295196533
2.667952299118042
2.7392258644104004
2.614745616912842
2.729374647140503
2.63871693611145
2.7210896015167236
2.663961172103882
2.6974997520446777
2.6104204654693604
2.7500693798065186
2.6296796798706055
2.6946983337402344
2.619227647781372
2.7405290603637695
2.6339111328125
2.6922214031219482
2.6272058486938477
2.8156015872955322
2.5480990409851074
2.795851707458496
2.646622896194458
2.724146842956543
2.692178726196289
2.774343252182007
2.615894079208374
2.6893157958984375
2.561826229095459
2.7236950397491455
2.5829806327819824
2.6928653717041016
2.6048097610473633
2.715135097503662
2.6116862297058105
2.793403387069702
2.600700855255127
2.7109367847442627
2.5405852794647217
2.6714320182800293
2.5903022289276123
2.6980857849121094
2.601510763168335
2.719745635986328
2.648935079574585
2.8232150077819824
2.6600775718688965
2.748098134994507
2.5758512020111084
2.6991875171661377
2.6869289875030518
2.799483060836792
2.7196855545043945
2.852119207382202
2.581866979598999
2.738037586212158
2.7290849685668945
2.6871936321258545
2.6707961559295654
2.810875415802002
2.579296588897705
2.7539727687835693
2.790001153945923
2.7458479404449463
2.6123480796813965
2.691643476486206
2.5434491634368896
2.795532464981079
2.570467472076416
2.6633260250091553
