13.623817920684814
14.647310018539429
14.630908489227295
13.004044532775879
13.758945941925049
17.56115174293518
15.077417612075806
14.4878408908844
15.822733640670776
14.144282579421997
15.870659589767456
15.628612041473389
12.374169826507568
14.042719602584839
14.821776151657104
14.294694423675537
15.843722343444824
15.175460577011108
12.967111349105835
13.170819759368896
15.936957359313965
11.950315237045288
15.44561767578125
13.516544342041016
16.49786639213562
9.095043182373047
16.64708971977234
9.311633586883545
8.505382299423218
9.212288856506348
9.230987787246704
9.71251392364502
8.588200092315674
9.352864027023315
9.358030796051025
10.096975326538086
9.332932472229004
9.473270416259766
9.78062391281128
10.259065866470337
9.357055902481079
9.902774572372437
10.023312330245972
10.23344874382019
10.146494150161743
9.924921751022339
10.574298620223999
10.977807760238647
10.022405862808228
10.505234479904175
9.734706163406372
11.336444854736328
10.288569211959839
10.795716524124146
11.749553680419922
11.520528554916382
10.493422508239746
10.320807218551636
12.149116039276123
10.578341245651245
11.797129392623901
12.243753671646118
11.634587049484253
11.483901500701904
12.245445966720581
11.418076276779175
11.358007192611694
12.301066875457764
12.30483102798462
12.62752079963684
11.171222925186157
17.969816207885742
11.994322061538696
13.08852767944336
13.509046792984009
