13.150274515151978
15.15805721282959
13.347511291503906
16.029709815979004
14.958909034729004
15.836102724075317
18.07003164291382
13.060911893844604
12.989989995956421
13.641582489013672
16.985790967941284
10.635231971740723
13.725380420684814
14.044569730758667
13.06227993965149
15.066563129425049
12.685100555419922
16.43041729927063
15.162627220153809
13.135254144668579
15.399930238723755
14.62716269493103
15.487104892730713
17.409517288208008
14.067710876464844
15.169898271560669
15.92221212387085
15.182940483093262
10.39235806465149
9.604742527008057
9.933984756469727
9.234937191009521
9.038920402526855
9.789972305297852
9.35188603401184
9.59333848953247
9.27099895477295
9.935906648635864
10.553126335144043
9.656927347183228
9.295911073684692
9.442257404327393
11.294285297393799
10.001341819763184
10.039292812347412
11.143381357192993
10.7783784866333
9.527610778808594
11.318431854248047
9.815805435180664
12.416452169418335
10.556087970733643
11.180428504943848
9.621556520462036
11.679160356521606
13.599464654922485
12.326547861099243
11.97684097290039
12.417704105377197
11.635663032531738
11.972535371780396
9.454660415649414
12.159726858139038
10.37512469291687
10.214215517044067
9.556654453277588
10.898313283920288
9.342494487762451
9.722455263137817
9.463117837905884
10.282748699188232
10.914422273635864
10.686723470687866
11.252737998962402
11.925124406814575
