12.095104217529297
13.359223127365112
13.298744916915894
11.607741117477417
12.725375413894653
11.957606792449951
13.619280099868774
15.564864873886108
11.299329042434692
11.994476556777954
15.270724534988403
13.583706140518188
13.131955623626709
15.77407169342041
15.972748041152954
11.411091327667236
13.466151714324951
17.82877516746521
15.015296220779419
12.839554071426392
16.011332273483276
13.548928022384644
16.38423204421997
16.252430200576782
12.726187944412231
16.932435035705566
11.69368314743042
17.825180530548096
12.050612449645996
11.977575778961182
10.986270666122437
12.401063442230225
12.453588962554932
12.136556386947632
12.630797386169434
11.358240604400635
11.267279863357544
11.889510869979858
14.727086305618286
14.290891885757446
13.610663414001465
13.646872282028198
14.508585214614868
14.890938520431519
14.120926856994629
13.337873697280884
15.067860126495361
15.946621656417847
11.250744581222534
13.091109037399292
15.443643569946289
16.397910356521606
14.412363767623901
12.912633895874023
12.97107720375061
11.200563430786133
13.100908517837524
10.496846199035645
12.79878044128418
13.836712837219238
12.388268232345581
11.815056562423706
14.343979835510254
12.311915636062622
11.906628370285034
13.607377767562866
12.028249740600586
