10.429279565811157
11.10787320137024
10.41539216041565
11.794152736663818
11.366078853607178
11.341179609298706
11.901063680648804
10.947371006011963
12.017281293869019
11.982025146484375
12.961695194244385
11.089155673980713
14.302011251449585
11.747512340545654
14.394160509109497
11.365416288375854
13.668365478515625
12.146613597869873
13.975865602493286
12.930819511413574
12.63355827331543
13.109581708908081
14.353652715682983
13.534373760223389
13.567031621932983
14.321159601211548
15.126769542694092
14.062450408935547
13.168952226638794
14.115814208984375
16.159719228744507
16.820250749588013
11.981589794158936
15.37459659576416
16.919308185577393
14.482420206069946
14.847203969955444
18.20694398880005
16.236400365829468
14.689318180084229
20.043914318084717
16.732144594192505
20.698145389556885
13.400156021118164
18.757623195648193
17.795692443847656
18.132880687713623
20.353360414505005
16.85754656791687
22.143918752670288
14.042868852615356
21.428022623062134
16.17244052886963
21.367706537246704
16.693886756896973
17.294041633605957
15.953344106674194
15.964791059494019
15.644376516342163
13.707621574401855
13.546570777893066
