0.0010387897491455078
0.0020003318786621094
0.001999378204345703
0.002000093460083008
0.0009999275207519531
0.0020003318786621094
0.0020029544830322266
0.0029938220977783203
0.0019953250885009766
0.0019998550415039062
0.0020029544830322266
0.004003763198852539
0.003000974655151367
0.003031492233276367
0.003001689910888672
0.003254413604736328
0.0029947757720947266
0.005006074905395508
0.0038144588470458984
0.005002498626708984
0.004000425338745117
0.00400233268737793
0.009519577026367188
0.003997802734375
0.004517793655395508
0.005001068115234375
0.004557132720947266
0.0069980621337890625
0.008998632431030273
0.014999151229858398
0.0050008296966552734
0.0050013065338134766
0.017000675201416016
0.006000995635986328
0.00504755973815918
0.01199960708618164
0.01700448989868164
0.009002685546875
0.01452493667602539
0.0070040225982666016
0.02125406265258789
0.010004281997680664
0.016002416610717773
0.02000570297241211
0.014003515243530273
0.015004634857177734
0.008594751358032227
0.013000249862670898
0.01900005340576172
0.014192819595336914
0.033186912536621094
0.032007694244384766
0.016002655029296875
0.032738447189331055
0.0320889949798584
0.03707242012023926
0.03506970405578613
0.014006614685058594
0.015883207321166992
0.0256192684173584
0.03705859184265137
