0.0
0.001998424530029297
0.0020058155059814453
0.0015556812286376953
0.0029973983764648438
0.0010025501251220703
0.0020012855529785156
0.003001689910888672
0.0039997100830078125
0.00299835205078125
0.002001047134399414
0.002999544143676758
0.0030105113983154297
0.002998828887939453
0.003997802734375
0.003004312515258789
0.003056764602661133
0.0039980411529541016
0.004767894744873047
0.003986835479736328
0.005220651626586914
0.005010128021240234
0.0029938220977783203
0.0057582855224609375
0.005003929138183594
0.005000114440917969
0.005015373229980469
0.008165359497070312
0.005015373229980469
0.0050923824310302734
0.009996175765991211
0.011003494262695312
0.007004499435424805
0.0065081119537353516
0.006994485855102539
0.015007734298706055
0.023008346557617188
0.009001731872558594
0.013531684875488281
0.013005495071411133
0.04682040214538574
0.018546104431152344
0.019078969955444336
0.07108044624328613
0.023118972778320312
0.02781081199645996
0.0070116519927978516
0.009054422378540039
0.009921789169311523
0.008052349090576172
0.0385286808013916
0.009001970291137695
0.016359567642211914
0.008873939514160156
0.04587888717651367
0.012673139572143555
0.012960672378540039
0.010510683059692383
0.013994932174682617
0.014002323150634766
0.015007257461547852
0.06940484046936035
0.013631582260131836
0.015602588653564453
0.013003349304199219
0.014682769775390625
0.013163566589355469
