0.0020089149475097656
0.0015528202056884766
0.0015401840209960938
0.0020012855529785156
0.0050640106201171875
0.0045239925384521484
0.00400233268737793
0.003966569900512695
0.001991748809814453
0.002000093460083008
0.003062009811401367
0.0019919872283935547
0.0030019283294677734
0.00299835205078125
0.002620220184326172
0.004001617431640625
0.0029942989349365234
0.002631664276123047
0.0050008296966552734
0.0066378116607666016
0.004001617431640625
0.006999492645263672
0.00800013542175293
0.004003047943115234
0.00967097282409668
0.006480693817138672
0.006170034408569336
0.00600433349609375
0.00699925422668457
0.01206350326538086
0.004022121429443359
0.003999948501586914
0.00400090217590332
0.004994392395019531
0.004766941070556641
0.010057210922241211
0.006998538970947266
0.005007743835449219
0.006999492645263672
0.017998933792114258
0.005558013916015625
0.007515907287597656
0.020004987716674805
0.006996631622314453
0.006995677947998047
0.015049457550048828
0.007001638412475586
0.01100301742553711
0.012002229690551758
0.010732412338256836
0.010000944137573242
0.010321378707885742
0.009023904800415039
0.01087331771850586
0.017006874084472656
0.016013383865356445
0.010988950729370117
0.028008222579956055
0.013996601104736328
0.015002965927124023
0.015005826950073242
0.027525901794433594
0.014513731002807617
0.015001535415649414
0.014692544937133789
0.010989665985107422
0.01353907585144043
0.018006324768066406
0.016002655029296875
0.018195629119873047
0.034218788146972656
0.01825714111328125
0.01526784896850586
0.016006946563720703
0.015004873275756836
