0.0035266876220703125
0.002000093460083008
0.0020024776458740234
0.0020012855529785156
0.0016322135925292969
0.0032525062561035156
0.003998756408691406
0.0029993057250976562
0.003991842269897461
0.0019989013671875
0.0030050277709960938
0.0020003318786621094
0.008997440338134766
0.0019989013671875
0.006004810333251953
0.006005764007568359
0.00403141975402832
0.006123065948486328
0.003987550735473633
0.004000186920166016
0.0070073604583740234
0.00800180435180664
0.009042501449584961
0.003999471664428711
0.007007122039794922
0.009003877639770508
0.003999233245849609
0.003997802734375
0.005995273590087891
0.003986835479736328
0.003988027572631836
0.0060007572174072266
0.006000995635986328
0.00600123405456543
0.006001949310302734
0.003998517990112305
0.005003929138183594
0.005304574966430664
0.008003711700439453
0.010523557662963867
0.008020639419555664
0.007003068923950195
0.008002042770385742
0.010354280471801758
0.010004043579101562
0.007002115249633789
0.010001897811889648
0.007845878601074219
0.00838017463684082
0.013009309768676758
0.018334150314331055
0.009176969528198242
0.011337995529174805
0.011485576629638672
0.013106346130371094
0.022104263305664062
0.010001420974731445
0.014014720916748047
0.019002914428710938
0.01498866081237793
0.01199483871459961
0.01671314239501953
0.01700592041015625
0.014004707336425781
0.03709125518798828
0.012216329574584961
0.01743030548095703
0.016071081161499023
0.017020702362060547
0.01700139045715332
0.05701780319213867
0.019002199172973633
0.027610063552856445
0.019005298614501953
0.01800370216369629
