0.40547609329223633
0.5442314147949219
0.026891231536865234
0.08884787559509277
0.02897930145263672
0.2467343807220459
0.03722119331359863
0.05621504783630371
0.021934032440185547
0.02100968360900879
0.02957439422607422
0.03500556945800781
0.025519132614135742
0.04294323921203613
0.032021284103393555
0.22703862190246582
0.8963313102722168
0.026229381561279297
0.040470123291015625
0.044530630111694336
0.020018577575683594
0.026081562042236328
0.0216217041015625
0.029006242752075195
0.018033742904663086
0.030609130859375
0.03500556945800781
0.03804445266723633
0.05216336250305176
0.040053367614746094
0.038533926010131836
0.025046825408935547
0.05006861686706543
0.026520490646362305
0.022519350051879883
0.04127621650695801
0.0380091667175293
0.0330963134765625
0.07425117492675781
0.02950906753540039
0.05006289482116699
0.7088887691497803
0.04257321357727051
0.07027363777160645
0.04942440986633301
0.04603290557861328
0.020011425018310547
0.061579227447509766
0.31823301315307617
0.0306551456451416
0.05405926704406738
0.04151105880737305
0.06729650497436523
0.047612905502319336
0.06301689147949219
0.04300570487976074
0.049059152603149414
0.6508517265319824
0.6737613677978516
0.05396008491516113
0.036383628845214844
