1.1065139770507812
0.30645179748535156
0.021003007888793945
0.030004501342773438
0.6274025440216064
1.4618315696716309
0.06152009963989258
0.04582071304321289
0.026006460189819336
0.022003173828125
0.02200460433959961
0.02800774574279785
0.022992610931396484
0.02900409698486328
0.0305020809173584
0.01933002471923828
0.18464183807373047
0.021030902862548828
0.052536964416503906
0.05709719657897949
0.1661670207977295
0.7344322204589844
0.03957557678222656
0.03215193748474121
0.0602569580078125
0.04562544822692871
0.03146505355834961
0.1314387321472168
0.01900458335876465
0.04452824592590332
0.2509777545928955
0.220869779586792
0.020013093948364258
0.021046876907348633
0.02506232261657715
0.04420590400695801
0.020664691925048828
0.024773597717285156
0.09546899795532227
0.4878871440887451
0.017511606216430664
0.023037195205688477
0.25077152252197266
0.020986557006835938
0.21721410751342773
0.04719185829162598
0.031548261642456055
0.021004915237426758
0.03151679039001465
0.020311832427978516
0.5294375419616699
0.20488548278808594
0.35808420181274414
0.02268385887145996
0.07701659202575684
0.039010047912597656
0.020017147064208984
0.2257680892944336
0.01900768280029297
0.14768624305725098
0.021752119064331055
0.032993316650390625
0.22780537605285645
0.02904820442199707
0.02053356170654297
0.026528358459472656
0.025385141372680664
0.020025968551635742
0.25537633895874023
0.0290524959564209
0.031012773513793945
0.06601834297180176
0.028149127960205078
0.26221179962158203
0.2957584857940674
