0.33893918991088867
0.26668286323547363
0.031009674072265625
0.2443859577178955
0.03650236129760742
0.18540239334106445
0.028258800506591797
0.028018474578857422
0.06487751007080078
0.02200150489807129
0.033215999603271484
0.03982734680175781
0.023064851760864258
0.0220034122467041
0.056958675384521484
0.4736309051513672
0.2979857921600342
0.027008056640625
0.046012163162231445
0.03132009506225586
0.03581881523132324
0.035007476806640625
0.018014192581176758
0.0595850944519043
0.040001630783081055
0.02434682846069336
0.04758334159851074
0.05904889106750488
0.026593685150146484
0.028718233108520508
0.060599327087402344
0.04100823402404785
0.033011436462402344
0.025998353958129883
0.02551746368408203
0.027022600173950195
0.07060003280639648
0.051009416580200195
0.04354524612426758
0.6496267318725586
0.0518951416015625
0.06718730926513672
0.06814694404602051
0.10302519798278809
0.03788948059082031
0.049215078353881836
0.10205817222595215
0.02153491973876953
0.024013280868530273
0.023020029067993164
0.06305098533630371
0.029828786849975586
0.03414011001586914
0.02404475212097168
0.04768061637878418
0.17544960975646973
0.2704277038574219
0.022019624710083008
0.019017934799194336
0.026033401489257812
0.02303147315979004
0.06403493881225586
0.02801513671875
0.023012161254882812
0.02500748634338379
0.027814388275146484
0.02004861831665039
