1.2102069854736328
0.4389827251434326
0.025017976760864258
0.03215813636779785
0.22903776168823242
0.32280445098876953
0.07550859451293945
0.04827117919921875
0.06960129737854004
0.029053211212158203
0.022911787033081055
0.031519412994384766
0.06399869918823242
0.023004770278930664
0.08654403686523438
0.08128118515014648
0.23066425323486328
0.05601692199707031
0.026021957397460938
0.026015043258666992
0.35281968116760254
0.7402112483978271
0.07642531394958496
0.03101968765258789
0.05179405212402344
0.045099735260009766
0.022054433822631836
0.09976911544799805
0.029320716857910156
0.025005817413330078
0.3101322650909424
0.2808518409729004
0.029517412185668945
0.03556680679321289
0.027078628540039062
0.027034997940063477
0.023289918899536133
0.02599477767944336
0.09609842300415039
0.2587463855743408
0.021002769470214844
0.022013425827026367
0.10315465927124023
0.03507065773010254
0.29231715202331543
0.031156301498413086
0.2739222049713135
0.2720177173614502
0.24253463745117188
0.029009342193603516
0.04505133628845215
0.25687527656555176
0.03484153747558594
0.021999359130859375
0.026078224182128906
0.23396039009094238
0.024536848068237305
0.024010419845581055
0.055887699127197266
0.017966032028198242
0.2420973777770996
0.04317188262939453
0.08205485343933105
0.024006366729736328
0.50740647315979
0.02405571937561035
0.1903846263885498
0.01872730255126953
0.022023677825927734
0.244642972946167
0.0560910701751709
0.2701253890991211
0.06033921241760254
0.02898240089416504
0.02306222915649414
