11.785791635513306
14.727759838104248
13.185312986373901
15.880128860473633
14.081377744674683
14.039518356323242
17.68540382385254
12.73721957206726
12.836875438690186
13.495403051376343
16.818596363067627
10.483240365982056
13.579566240310669
13.883117198944092
12.897262573242188
14.918205738067627
12.379880666732788
16.28783917427063
14.891445636749268
12.824351072311401
15.057141542434692
13.63730502128601
15.168432712554932
17.219178438186646
13.715779304504395
14.824315547943115
15.723378419876099
14.884780645370483
10.181972980499268
9.333536624908447
9.54699420928955
8.886009693145752
8.899866819381714
9.639970779418945
9.19397521018982
9.32243275642395
9.09984040260315
9.76885986328125
10.320649862289429
8.910467863082886
9.147252559661865
9.286961793899536
10.770875215530396
9.85678219795227
9.688481092453003
10.794035196304321
10.599973440170288
9.358451128005981
11.136801719665527
9.649765253067017
11.689590692520142
10.217753648757935
10.69045615196228
9.46705436706543
11.185946464538574
13.334687232971191
12.169382572174072
11.566037654876709
12.25133466720581
11.311638593673706
11.804678916931152
9.149057626724243
11.792068719863892
10.194297552108765
10.048679828643799
9.387541055679321
10.726002216339111
9.172340154647827
9.294392585754395
9.276557683944702
10.036766290664673
10.638785123825073
10.51272988319397
10.83705472946167
11.45721960067749
