9.9084792137146
10.345912218093872
10.246822595596313
11.572417259216309
11.172231674194336
10.943149328231812
11.628658294677734
10.665679454803467
11.822377443313599
11.83397650718689
12.773857355117798
10.818987369537354
14.10815978050232
11.46838116645813
14.19916820526123
10.995921850204468
12.528120756149292
11.91623330116272
13.646222352981567
12.698654174804688
12.470662832260132
12.92352032661438
14.194444417953491
13.279504537582397
13.419682741165161
14.135883808135986
14.914862155914307
13.805207014083862
12.839092016220093
13.7079336643219
15.939316272735596
16.641228675842285
11.664868116378784
15.178430318832397
16.740495204925537
14.150703430175781
14.529049158096313
17.94362711906433
15.870835304260254
14.504163265228271
19.67514443397522
15.712353229522705
20.440704107284546
12.977850437164307
18.44851541519165
17.436282873153687
17.962051153182983
19.957053184509277
16.218266248703003
21.842706441879272
13.639762163162231
21.060351848602295
15.756937026977539
20.988927841186523
16.348751544952393
16.869855880737305
15.61039662361145
15.08037805557251
14.785829544067383
13.363742589950562
13.237386465072632
