12.230257272720337
14.069225072860718
14.47629690170288
12.82273244857788
13.390785694122314
17.09397792816162
14.705607891082764
14.157365083694458
15.477961301803589
13.977794647216797
15.697425603866577
15.443708658218384
11.998619079589844
13.883947372436523
14.418603897094727
13.9444420337677
15.464535474777222
14.827207088470459
12.816401958465576
13.003257274627686
15.332391262054443
10.88531494140625
15.029985904693604
13.34568476676941
16.230785608291626
8.767414093017578
16.49712610244751
9.07630968093872
8.328853607177734
9.053075075149536
8.782754898071289
9.30170464515686
8.406793355941772
9.177533388137817
9.197763681411743
9.934871912002563
9.16687822341919
9.323007106781006
9.533841848373413
9.835715532302856
9.20500636100769
9.751161336898804
9.78713607788086
10.019712686538696
9.691470623016357
9.750177145004272
10.144635200500488
10.563023567199707
9.630154848098755
10.335739135742188
9.451876163482666
10.931495666503906
10.09752106666565
10.617255926132202
11.599708318710327
11.054886817932129
10.298608303070068
10.147613286972046
11.834272861480713
10.421852588653564
11.397319793701172
12.027066946029663
11.359042167663574
11.308736085891724
11.489795446395874
11.254449605941772
11.013010501861572
12.134610891342163
12.098633289337158
12.229501724243164
10.829281568527222
17.54997205734253
11.660797357559204
12.91446042060852
13.344814777374268
