11.636922359466553
12.948811292648315
13.069018363952637
11.138291597366333
12.477792501449585
11.61641240119934
13.448797941207886
15.37899112701416
10.981203556060791
11.831587791442871
15.10204553604126
13.292813777923584
12.959595918655396
15.609593868255615
15.663227558135986
10.68335771560669
13.024122476577759
17.651438236236572
14.703382968902588
12.665094375610352
15.750874280929565
13.286051988601685
16.223814725875854
15.89983868598938
12.46106743812561
16.764808654785156
11.397217988967896
17.487990856170654
11.888661623001099
11.789445877075195
10.667879343032837
12.08318018913269
12.238025426864624
11.961347579956055
12.460915565490723
11.086867570877075
10.900493860244751
11.60949969291687
14.399453163146973
13.35474944114685
13.205130815505981
13.278234481811523
14.106027364730835
14.242027282714844
13.797254085540771
12.981037378311157
14.818994522094727
15.765287399291992
11.08229923248291
12.92255449295044
15.074690341949463
16.231085300445557
14.168386220932007
12.737619638442993
12.616299152374268
10.883017778396606
12.679254055023193
10.32936406135559
12.636386156082153
13.648770332336426
12.216885566711426
11.396246671676636
14.172308206558228
12.15517544746399
11.745771884918213
13.432692289352417
11.870697736740112
