7.9831037521362305
6.82378363609314
7.026171684265137
7.517913103103638
6.933952808380127
14.010744094848633
9.643959283828735
9.800801277160645
10.419711589813232
9.181020498275757
9.849175453186035
11.009863138198853
8.707110404968262
8.395997047424316
8.25051736831665
7.822160005569458
8.349607229232788
7.631116628646851
8.07441759109497
7.899837970733643
7.987656354904175
8.256466388702393
7.7947211265563965
8.015458583831787
8.131521463394165
8.417835474014282
8.482095956802368
8.79795789718628
8.285721778869629
8.823555946350098
8.499982118606567
8.083932399749756
9.03745698928833
9.50801706314087
8.781551361083984
9.35209608078003
9.868346691131592
9.327157020568848
9.624996662139893
9.880746841430664
9.249065399169922
8.972851991653442
9.000097274780273
8.398571729660034
9.5055251121521
8.495598316192627
8.893451929092407
8.994582891464233
9.136911869049072
9.541165828704834
8.991200685501099
9.560205698013306
9.33713412284851
9.036463975906372
9.635824203491211
9.41566252708435
9.219683408737183
8.957744836807251
10.230408191680908
9.245227098464966
10.381011962890625
10.45102834701538
9.867974519729614
9.938265800476074
10.818520307540894
8.535605192184448
10.493862390518188
10.325352668762207
10.154715538024902
10.408481359481812
8.666478395462036
10.417805194854736
11.303008556365967
9.987861156463623
9.676178455352783
11.210791826248169
10.546651363372803
10.86963152885437
12.231246709823608
9.415098190307617
12.420559406280518
8.676294326782227
12.119919061660767
9.005170583724976
12.47096586227417
11.631640434265137
10.834579944610596
10.376531839370728
12.007217645645142
10.461807250976562
13.300482511520386
8.799692869186401
8.972089290618896
16.220818758010864
9.318492412567139
