9.958148717880249
10.80822491645813
10.310050010681152
9.294309377670288
10.53160810470581
11.987809181213379
10.517675638198853
9.84821343421936
9.928774118423462
10.69962763786316
11.268685340881348
12.814894676208496
10.644596576690674
12.36378812789917
10.072628736495972
11.444078922271729
12.183736562728882
9.731395959854126
10.13879919052124
13.797343730926514
8.798561096191406
11.055525541305542
11.00378704071045
11.634730815887451
11.92462420463562
11.218739986419678
10.430487632751465
9.21389651298523
9.405585765838623
9.338535785675049
9.42729902267456
9.623894691467285
9.958730220794678
10.060997724533081
9.639484405517578
10.185391902923584
10.199997663497925
10.000011444091797
11.052107095718384
9.707218647003174
10.667869329452515
11.530223608016968
10.635443449020386
11.024308204650879
11.124226808547974
10.479837656021118
12.162528991699219
11.867903470993042
11.273642301559448
11.865331172943115
12.757932901382446
13.27787160873413
14.689877033233643
12.284475326538086
12.46561312675476
12.916927576065063
12.588624954223633
14.05198049545288
12.906187772750854
12.54780888557434
14.380160808563232
12.711210250854492
14.227823495864868
14.680253982543945
14.5429527759552
13.935192346572876
14.782570362091064
15.035133361816406
18.485368251800537
15.746912717819214
14.563611030578613
16.765631914138794
18.392469882965088
15.036997556686401
18.278221130371094
13.50723385810852
