20.16196584701538
13.345112800598145
13.47438931465149
18.197180032730103
15.726354598999023
18.17442226409912
12.975480556488037
18.74627423286438
15.26266622543335
17.591817140579224
12.934589624404907
17.723844289779663
13.602293968200684
18.82846426963806
15.212096452713013
19.138857126235962
16.314223289489746
13.557706117630005
9.131125688552856
9.868764400482178
8.629050493240356
9.022284269332886
9.029940843582153
8.928498029708862
9.940734624862671
9.159606695175171
9.263386011123657
9.711112022399902
9.051926374435425
9.871026277542114
9.310595035552979
9.346726179122925
9.495397329330444
9.006355285644531
9.417025804519653
10.016889572143555
9.269075393676758
9.909001350402832
9.92210602760315
9.225475311279297
9.343875885009766
9.379329681396484
9.116821765899658
10.056745529174805
9.477880477905273
9.53358793258667
10.361851453781128
9.315562963485718
9.544156074523926
9.631471872329712
9.821550607681274
10.492100954055786
9.427904605865479
9.253492832183838
10.568782567977905
9.73919129371643
10.037338972091675
9.757929563522339
10.25736141204834
11.090153932571411
8.836074590682983
10.585969924926758
10.023019790649414
9.717941284179688
10.19587516784668
11.219407796859741
9.04163932800293
9.954628944396973
9.119267225265503
10.39347791671753
11.207986831665039
8.89190673828125
10.513150930404663
11.425102949142456
8.842127799987793
11.428995132446289
11.214961290359497
8.577317476272583
11.656459331512451
8.566012620925903
11.24185848236084
