9.806809425354004
10.273298263549805
16.16182041168213
8.502139568328857
8.445189952850342
9.277293920516968
13.609741687774658
13.408234119415283
9.416395425796509
8.415188550949097
17.233673810958862
11.461513757705688
8.510912895202637
9.949336528778076
15.680758476257324
8.677913904190063
13.488073587417603
15.959306716918945
8.838493585586548
8.34125566482544
10.321655988693237
19.68073558807373
9.535006284713745
9.497517824172974
9.007251501083374
8.616344213485718
9.485527515411377
9.545234441757202
9.350038528442383
9.545583486557007
9.502291917800903
9.526981592178345
10.206965923309326
9.908424377441406
10.302473068237305
10.161205291748047
10.484283447265625
10.934979915618896
10.297685146331787
10.830270528793335
11.465543031692505
10.774091720581055
10.864890575408936
11.77008318901062
10.999966382980347
12.7773597240448
12.891551971435547
12.280375242233276
13.23398756980896
11.016501665115356
12.904101371765137
15.603653192520142
13.295428276062012
13.127899408340454
15.12306261062622
13.758137464523315
14.188045740127563
13.442079544067383
12.119220733642578
16.121721267700195
13.636956930160522
14.824291467666626
17.347777605056763
13.827726364135742
16.269870042800903
13.504364967346191
15.549245595932007
18.87051773071289
14.803675651550293
15.318825483322144
14.629222869873047
17.438658475875854
18.141754388809204
16.462588787078857
