0.0005345344543457031
0.00200653076171875
0.0019998550415039062
0.0010008811950683594
0.0
0.0020058155059814453
0.0019936561584472656
0.0020003318786621094
0.0015544891357421875
0.0010018348693847656
0.0005211830139160156
0.0020036697387695312
0.0010068416595458984
0.0019998550415039062
0.00099945068359375
0.0020003318786621094
0.001997232437133789
0.00099945068359375
0.0010006427764892578
0.0020020008087158203
0.001994609832763672
0.0009860992431640625
0.001997232437133789
0.0009999275207519531
0.0015978813171386719
0.002003908157348633
0.0019998550415039062
0.003001689910888672
0.0035212039947509766
0.0016138553619384766
0.0029997825622558594
0.006002902984619141
0.003002166748046875
0.0020003318786621094
0.0009987354278564453
0.0027611255645751953
0.0020008087158203125
0.0009982585906982422
0.0009992122650146484
0.0020160675048828125
0.0009989738464355469
0.002001523971557617
0.003871917724609375
0.00400090217590332
0.0033636093139648438
0.003124713897705078
0.0039997100830078125
0.003001689910888672
0.0019996166229248047
0.0019998550415039062
0.0019996166229248047
0.001001596450805664
0.004000663757324219
0.003900289535522461
0.00400090217590332
0.0029993057250976562
0.005997657775878906
0.003000974655151367
0.0036246776580810547
0.003998994827270508
0.0029993057250976562
0.003844738006591797
0.002994537353515625
0.0026140213012695312
0.0030014514923095703
0.0030472278594970703
0.0020034313201904297
0.0019981861114501953
0.002000570297241211
0.003009796142578125
0.0029993057250976562
0.008043050765991211
0.003999233245849609
0.003003358840942383
0.002999544143676758
0.004000425338745117
0.004136323928833008
0.004002094268798828
0.002999544143676758
0.004002571105957031
0.009002208709716797
