0.0
0.0005316734313964844
0.0010073184967041016
0.0009984970092773438
0.0010004043579101562
0.0019817352294921875
0.030089616775512695
0.001596689224243164
0.0020008087158203125
0.0029315948486328125
0.009005069732666016
0.003121614456176758
0.003993988037109375
0.021129131317138672
0.002996206283569336
0.003997802734375
0.0639030933380127
0.003993034362792969
0.003780364990234375
0.0040013790130615234
0.010291814804077148
0.01700115203857422
0.003776073455810547
0.005031108856201172
0.004003286361694336
0.003993988037109375
0.004998445510864258
0.003999948501586914
0.004068136215209961
0.004001617431640625
0.0050008296966552734
0.005933523178100586
0.002998828887939453
0.005002260208129883
0.004000425338745117
0.013004541397094727
0.004370927810668945
0.006001472473144531
0.032006263732910156
0.003000020980834961
0.005088090896606445
0.005002498626708984
0.005001068115234375
0.004001617431640625
0.004988193511962891
0.014002561569213867
0.006558656692504883
0.0049610137939453125
0.004999399185180664
0.0059986114501953125
0.003998994827270508
0.011005163192749023
0.005383729934692383
0.005829811096191406
0.00774836540222168
0.0060329437255859375
0.010003328323364258
0.0070040225982666016
0.024736404418945312
0.013999700546264648
0.00500178337097168
0.004999399185180664
0.008661508560180664
0.05204415321350098
0.01706409454345703
0.01671004295349121
0.0064699649810791016
0.005000114440917969
0.014572620391845703
0.03345203399658203
0.004983186721801758
0.020006895065307617
0.02100539207458496
0.010052919387817383
