0.0005247592926025391
0.0010280609130859375
0.0009980201721191406
0.0010008811950683594
0.0010004043579101562
0.0010006427764892578
0.005999088287353516
0.009652137756347656
0.005804538726806641
0.001997709274291992
0.0030012130737304688
0.024000883102416992
0.0038270950317382812
0.004000663757324219
0.006991386413574219
0.0035102367401123047
0.003998279571533203
0.010002851486206055
0.004000186920166016
0.003998994827270508
0.0038056373596191406
0.0030012130737304688
0.014973878860473633
0.0029997825622558594
0.0030853748321533203
0.004197597503662109
0.004006147384643555
0.0049855709075927734
0.003999471664428711
0.005002737045288086
0.005001068115234375
0.0050046443939208984
0.003935575485229492
0.004000425338745117
0.004000186920166016
0.0029985904693603516
0.00460362434387207
0.004000663757324219
0.01000070571899414
0.006001949310302734
0.028003692626953125
0.021004915237426758
0.00500035285949707
0.0032384395599365234
0.004998445510864258
0.007003068923950195
0.004002094268798828
0.11422109603881836
0.0048542022705078125
0.012077569961547852
0.013001680374145508
0.005003452301025391
0.007416248321533203
0.005509138107299805
0.011000871658325195
0.026541948318481445
0.0049974918365478516
0.02600383758544922
0.04474139213562012
0.01502847671508789
0.003999948501586914
0.004002571105957031
0.00500178337097168
0.004990100860595703
0.006005525588989258
0.016004562377929688
0.05233144760131836
0.01905965805053711
0.012002706527709961
0.020003318786621094
0.08675026893615723
0.005598783493041992
0.01199650764465332
0.021039485931396484
0.0039997100830078125
0.028046131134033203
