0.0010025501251220703
0.001009225845336914
0.0
0.0009996891021728516
0.00099945068359375
0.0009987354278564453
0.0009996891021728516
0.0009911060333251953
0.002855062484741211
0.001997232437133789
0.002001523971557617
0.0020012855529785156
0.0010426044464111328
0.001051187515258789
0.0010020732879638672
0.00099945068359375
0.0010082721710205078
0.0020008087158203125
0.0010004043579101562
0.0005257129669189453
0.0010004043579101562
0.0009996891021728516
0.001986980438232422
0.001996755599975586
0.003000497817993164
0.004000425338745117
0.0020012855529785156
0.002225160598754883
0.0030019283294677734
0.002006053924560547
0.0029981136322021484
0.003007173538208008
0.0016493797302246094
0.0009915828704833984
0.0020020008087158203
0.0009980201721191406
0.002002716064453125
0.001806497573852539
0.0015063285827636719
0.0010008811950683594
0.003001689910888672
0.003988504409790039
0.002119302749633789
0.0009860992431640625
0.0010192394256591797
0.0029931068420410156
0.003259420394897461
0.01000666618347168
0.004000186920166016
0.004000425338745117
0.003998756408691406
0.004003763198852539
0.0039844512939453125
0.0031273365020751953
0.0029926300048828125
0.0036573410034179688
0.0040187835693359375
0.0030007362365722656
0.004995822906494141
0.003999233245849609
0.0050029754638671875
0.00400233268737793
0.003999471664428711
0.0030014514923095703
0.001985311508178711
0.002992391586303711
0.0025129318237304688
0.002066373825073242
0.0015053749084472656
0.002012014389038086
0.0015935897827148438
0.0020012855529785156
0.004449367523193359
0.011000633239746094
0.004002809524536133
0.0039997100830078125
0.002996683120727539
0.002998828887939453
0.00551605224609375
0.003509521484375
0.0037641525268554688
0.003034830093383789
0.0030341148376464844
0.004002809524536133
0.003309011459350586
0.006998300552368164
0.004658937454223633
0.0060024261474609375
0.004002809524536133
0.01830577850341797
0.001993417739868164
0.002001047134399414
0.0022401809692382812
0.0026369094848632812
0.0029985904693603516
