0.7239751815795898
0.02202010154724121
0.037456512451171875
0.02200484275817871
0.034703969955444336
0.016546964645385742
0.03303813934326172
0.033007144927978516
0.035073280334472656
0.023026466369628906
0.026120901107788086
0.042604923248291016
0.015988588333129883
0.02397775650024414
0.053055524826049805
0.0208432674407959
0.019112586975097656
0.04234480857849121
0.02010941505432129
0.01710963249206543
0.019023895263671875
0.037999868392944336
0.04872250556945801
0.023006677627563477
0.02498650550842285
0.03600907325744629
0.019571542739868164
0.016989469528198242
0.017777204513549805
0.02400374412536621
0.022026538848876953
0.016022205352783203
0.026282310485839844
0.025005102157592773
0.02979588508605957
0.018018245697021484
0.02392721176147461
0.022028684616088867
0.037747859954833984
0.0411832332611084
0.03455209732055664
0.03423619270324707
0.019718647003173828
0.02050328254699707
0.029041051864624023
0.04300260543823242
0.031089305877685547
0.06708550453186035
0.027547836303710938
0.06932353973388672
0.03915905952453613
0.03500723838806152
0.03458857536315918
0.017003297805786133
0.017968416213989258
0.03801321983337402
0.01751565933227539
0.0487065315246582
0.06702256202697754
0.04507279396057129
0.020740270614624023
0.01856541633605957
0.02101421356201172
0.017023086547851562
0.019004106521606445
0.055023193359375
0.053597450256347656
0.04401397705078125
0.034848690032958984
0.04349970817565918
0.06195569038391113
0.02640557289123535
0.050063133239746094
0.05557966232299805
0.021004915237426758
0.05362367630004883
