7.305201530456543
6.699483871459961
6.8981218338012695
7.389773845672607
6.804954290390015
13.852492094039917
9.426457166671753
9.636441230773926
10.263853311538696
8.964079856872559
9.667495727539062
10.83954930305481
8.565306425094604
8.253203868865967
8.102741003036499
7.6674370765686035
8.216792345046997
7.487391948699951
7.928666591644287
7.76406192779541
7.838238000869751
8.110206604003906
7.646816730499268
7.874173402786255
7.978877544403076
8.271615743637085
8.335416793823242
8.652034044265747
8.150079488754272
8.660136938095093
8.347229957580566
7.92638087272644
8.882832527160645
9.362861394882202
8.61646556854248
9.186421394348145
9.723915815353394
9.143843412399292
9.45836329460144
9.690535545349121
9.115894556045532
8.823744058609009
8.853972434997559
8.240842342376709
9.354983568191528
8.327971696853638
8.738813877105713
8.735039710998535
8.948515892028809
9.390029430389404
8.831954717636108
9.391446352005005
9.187488555908203
8.89164400100708
9.47404956817627
9.269025802612305
9.074580907821655
8.813652992248535
10.056263446807861
9.103339910507202
10.162309169769287
10.306297540664673
9.698015928268433
9.774534702301025
10.635938882827759
8.36888837814331
10.1556077003479
10.1541907787323
9.990436792373657
10.216540336608887
8.50913667678833
10.26775074005127
11.108904838562012
9.679775476455688
9.514140605926514
11.037607192993164
10.372926235198975
10.685576677322388
11.983031749725342
9.265262126922607
12.27362585067749
8.52054214477539
11.961703538894653
8.841531038284302
12.317345380783081
11.380407333374023
10.675776243209839
10.053082942962646
11.857839584350586
10.150312662124634
13.150446653366089
8.626128673553467
8.815598964691162
16.03929114341736
9.157723665237427
