17.868666410446167
12.985467433929443
13.171499252319336
17.925262928009033
15.542697429656982
17.827698707580566
12.504632711410522
18.398821592330933
14.885274887084961
17.418715476989746
12.766225814819336
17.372146368026733
13.436431407928467
18.504307508468628
14.866306781768799
18.77001953125
15.976128339767456
13.389903783798218
8.985158681869507
9.706896543502808
8.456964492797852
8.87211298942566
8.874413251876831
8.762927770614624
9.758599996566772
8.9960298538208
9.098583936691284
9.548442602157593
8.90241527557373
9.717188119888306
9.080183982849121
9.15082311630249
9.332348108291626
8.82414174079895
9.251457214355469
9.862237691879272
9.105286359786987
9.718720436096191
9.745984077453613
9.07560658454895
9.176934719085693
9.22147250175476
8.947574853897095
9.906807661056519
9.3180513381958
9.33644986152649
10.175890684127808
9.152648687362671
9.388195037841797
9.460018634796143
9.654802799224854
10.327166557312012
9.185340404510498
9.09440016746521
10.39274525642395
9.581013441085815
9.750654220581055
9.588195085525513
10.074238538742065
10.930022954940796
8.680703163146973
10.420664072036743
9.867138862609863
9.557499647140503
9.902668714523315
10.959800481796265
8.874422073364258
9.787429094314575
8.94971752166748
10.236470222473145
11.025760173797607
8.614123344421387
10.35331392288208
11.23591423034668
8.69504976272583
11.251799583435059
10.976034879684448
8.403175830841064
11.492566347122192
8.400866985321045
10.933858871459961
