8.948468446731567
9.944226503372192
15.975711107254028
8.342519760131836
8.279526948928833
9.113649129867554
13.27670669555664
13.246042966842651
9.282716274261475
8.265732526779175
16.94809079170227
11.30976390838623
8.363261699676514
9.62096095085144
15.4994375705719
8.505377054214478
13.060948610305786
15.788877725601196
8.695926189422607
8.181692838668823
9.979571104049683
19.358543395996094
9.368390083312988
9.313695669174194
8.847457647323608
8.464746475219727
9.304041862487793
9.399452209472656
9.173846960067749
9.359683752059937
9.34835958480835
9.341617584228516
10.045859336853027
9.697248220443726
10.130467653274536
9.840638160705566
10.286718845367432
10.704082012176514
10.033766031265259
10.679061889648438
11.311823844909668
10.576408624649048
10.682317972183228
11.569170951843262
10.839910745620728
12.570858240127563
12.637000799179077
12.112651824951172
13.082329750061035
10.8365638256073
12.749779462814331
15.246430397033691
13.095180749893188
12.928935766220093
14.907069444656372
13.549015522003174
13.905010461807251
13.161206245422363
11.758963108062744
15.773012399673462
13.495980978012085
14.653026580810547
17.15179419517517
13.330428838729858
15.922856330871582
13.199976682662964
15.390720129013062
18.716597318649292
14.47795057296753
14.971520185470581
14.470592498779297
17.051226139068604
17.80541682243347
16.157463788986206
