9.12221646308899
10.652765989303589
10.031014680862427
9.14705753326416
10.358085632324219
11.835769414901733
10.26330828666687
9.599487066268921
9.683161497116089
10.535340070724487
11.10116195678711
12.528640508651733
10.489999294281006
12.18837833404541
9.765909194946289
11.301226615905762
12.019822359085083
9.420676946640015
9.979838848114014
13.645930767059326
8.645404577255249
10.846801042556763
10.68821930885315
11.484701156616211
11.77379584312439
10.997598648071289
10.273568391799927
9.053630590438843
9.24225664138794
9.144954919815063
9.255877017974854
9.45023226737976
9.734956502914429
9.870153903961182
9.46643853187561
10.020787239074707
10.034461975097656
9.829675912857056
10.783706188201904
9.454105377197266
10.382298946380615
11.225409746170044
10.48332953453064
10.868997573852539
10.920055150985718
10.200347900390625
11.979293823242188
11.34466552734375
11.08524227142334
11.495268106460571
12.459861993789673
13.070271253585815
14.435538053512573
12.132194995880127
12.222756624221802
12.607868194580078
12.450164079666138
13.659112930297852
12.483732461929321
12.217798471450806
14.22431993484497
12.551284074783325
14.066135883331299
14.52408480644226
14.368642568588257
13.59133005142212
14.375649690628052
14.684028625488281
18.21942400932312
15.37825632095337
13.996335744857788
16.58819270133972
18.073657989501953
14.642935276031494
18.114006996154785
13.1133131980896
