0.7478444576263428
0.052115678787231445
0.02702641487121582
0.025565624237060547
0.022280454635620117
0.018021106719970703
0.042536020278930664
0.025528430938720703
0.015028238296508789
0.017981767654418945
0.03883957862854004
0.026217937469482422
0.02200031280517578
0.0476689338684082
0.026982784271240234
0.024522066116333008
0.05102038383483887
0.021004676818847656
0.023218631744384766
0.022578001022338867
0.05001425743103027
0.06805920600891113
0.02166152000427246
0.025003433227539062
0.022324562072753906
0.018108844757080078
0.026317596435546875
0.01700282096862793
0.02306389808654785
0.03301072120666504
0.022032976150512695
0.034520864486694336
0.019953489303588867
0.029024839401245117
0.02203679084777832
0.041034698486328125
0.034052371978759766
0.037519216537475586
0.025295495986938477
0.019051551818847656
0.01992940902709961
0.028038740158081055
0.026161670684814453
0.027828216552734375
0.021005868911743164
0.019611597061157227
0.038031578063964844
0.024682044982910156
0.015990734100341797
0.023098468780517578
0.023273229598999023
0.03988766670227051
0.02816629409790039
0.02906966209411621
0.03151988983154297
0.02600860595703125
0.04907512664794922
0.035188913345336914
0.04741811752319336
0.06306195259094238
0.018209457397460938
0.02157306671142578
0.018416881561279297
0.07372140884399414
0.03845858573913574
0.03401327133178711
0.024365901947021484
0.019002676010131836
0.04545164108276367
0.03707551956176758
0.019012451171875
0.06866955757141113
0.056070566177368164
0.053009986877441406
