0.6023733615875244
0.024634122848510742
0.01500082015991211
0.017128467559814453
0.015032768249511719
0.0269927978515625
0.029052019119262695
0.02739858627319336
0.020363569259643555
0.03138542175292969
0.03701591491699219
0.029998302459716797
0.02667069435119629
0.01900339126586914
0.033020973205566406
0.02555704116821289
0.02048039436340332
0.021512508392333984
0.029053211212158203
0.022520065307617188
0.03237557411193848
0.027996063232421875
0.027745485305786133
0.024017810821533203
0.022280454635620117
0.023021221160888672
0.023005247116088867
0.026062726974487305
0.020999670028686523
0.03113722801208496
0.024000167846679688
0.027347564697265625
0.028007984161376953
0.022165298461914062
0.034532785415649414
0.0325319766998291
0.021021127700805664
0.03351759910583496
0.02955007553100586
0.03604531288146973
0.01654195785522461
0.02250075340270996
0.018003225326538086
0.03104996681213379
0.023006916046142578
0.024721145629882812
0.02889561653137207
0.0540616512298584
0.028525352478027344
0.022005319595336914
0.02599620819091797
0.020658016204833984
0.022014141082763672
0.0240781307220459
0.027019023895263672
0.025633573532104492
0.021016597747802734
0.0218656063079834
0.02851390838623047
0.02602076530456543
0.04300951957702637
0.01616525650024414
0.025038480758666992
0.03400707244873047
0.02500152587890625
0.03197526931762695
0.07628083229064941
0.02902531623840332
0.025770187377929688
0.028033971786499023
0.025890588760375977
0.024482011795043945
0.034018754959106445
0.06336760520935059
0.031012773513793945
0.031008005142211914
0.03629016876220703
0.03753495216369629
0.05001235008239746
0.028120756149291992
0.02554178237915039
0.025666236877441406
0.03217625617980957
0.022423744201660156
0.023007869720458984
0.04104304313659668
0.027718305587768555
0.05477404594421387
0.028519630432128906
0.059580326080322266
0.027006149291992188
0.03173828125
0.02530670166015625
0.02902817726135254
0.026163578033447266
