2.098320722579956
0.08280324935913086
0.0450139045715332
0.03769183158874512
0.024518251419067383
0.05888223648071289
0.09700179100036621
0.08368134498596191
0.07748293876647949
0.02933359146118164
0.030315399169921875
0.0649116039276123
0.025211095809936523
0.07401442527770996
0.07085084915161133
0.07405447959899902
0.0750112533569336
0.03290438652038574
0.021587133407592773
0.02571249008178711
0.023619413375854492
0.02501392364501953
0.019601821899414062
0.022498369216918945
0.03138399124145508
0.02351236343383789
0.02404165267944336
0.02377796173095703
0.026020526885986328
0.017943382263183594
0.031058311462402344
0.02735757827758789
0.02568960189819336
0.03003716468811035
0.030040264129638672
0.026030302047729492
0.024600744247436523
0.0290377140045166
0.025005578994750977
0.02125382423400879
0.0220186710357666
0.02201223373413086
0.025000810623168945
0.023049592971801758
0.019013404846191406
0.03000640869140625
0.029178142547607422
0.029008150100708008
0.02501392364501953
0.028731584548950195
0.024866580963134766
0.026096343994140625
0.03952765464782715
0.021004676818847656
0.026521682739257812
0.025005340576171875
0.060741424560546875
0.02300429344177246
0.020007610321044922
0.024007558822631836
0.024519681930541992
0.024096250534057617
0.021315574645996094
0.01902174949645996
0.05104708671569824
0.050011634826660156
0.02919292449951172
0.02402472496032715
0.0310513973236084
0.02170705795288086
0.03600621223449707
0.05501270294189453
0.024003982543945312
0.03117966651916504
0.019083499908447266
0.02782416343688965
0.041053056716918945
0.02839064598083496
0.024030685424804688
0.0200040340423584
0.05580592155456543
