4.259387016296387
3.924778461456299
3.6492295265197754
3.88364315032959
4.02217435836792
3.5948362350463867
4.068802356719971
3.8125572204589844
3.6290500164031982
3.9449148178100586
3.96362042427063
4.077823638916016
3.6070334911346436
3.977297782897949
3.604811429977417
3.590895175933838
3.8963003158569336
3.631560802459717
3.8502860069274902
3.8617103099823
3.6735591888427734
3.975163459777832
4.0049097537994385
4.043445587158203
3.598343849182129
3.9857380390167236
3.5148274898529053
3.88565993309021
3.8965635299682617
3.6337594985961914
3.9357032775878906
4.117429256439209
3.8030903339385986
3.5563809871673584
3.9856503009796143
3.7163681983947754
4.114307165145874
3.9305877685546875
3.4361989498138428
3.697357416152954
3.7823588848114014
3.949244976043701
3.667462110519409
4.05562949180603
3.6413230895996094
4.002442836761475
3.940506935119629
3.682697057723999
4.023539304733276
4.040490388870239
3.6650586128234863
3.660412549972534
4.021971225738525
3.5863986015319824
3.832181930541992
3.9247946739196777
3.470827341079712
3.730760097503662
3.9442126750946045
4.048013687133789
3.640756130218506
3.8514997959136963
3.6101715564727783
3.9271399974823
3.986325263977051
3.556185483932495
4.012572765350342
3.9669036865234375
3.644326686859131
3.693084716796875
3.7745141983032227
3.9380719661712646
3.6439483165740967
3.795402765274048
3.47057843208313
3.748868942260742
3.923503875732422
3.6521217823028564
3.8731882572174072
3.8193466663360596
4.031705617904663
3.592151165008545
4.064750671386719
3.9841814041137695
3.833159923553467
3.9432854652404785
3.5735485553741455
3.935208320617676
3.9558258056640625
3.5462725162506104
3.888026237487793
3.866715669631958
3.9441332817077637
3.5744285583496094
3.9856021404266357
3.673901319503784
3.8264780044555664
3.955719470977783
3.655139923095703
3.9630842208862305
4.019694805145264
3.696516513824463
3.6058220863342285
4.003660678863525
3.741450309753418
3.925225019454956
4.047306299209595
3.714960813522339
3.9256534576416016
3.9963181018829346
4.132254600524902
3.942352294921875
4.080838918685913
3.534991502761841
3.7449967861175537
3.9524805545806885
3.5066144466400146
3.97739315032959
4.040146350860596
3.7383735179901123
3.7340316772460938
4.136728048324585
3.654337167739868
4.165086269378662
3.9488673210144043
3.7065303325653076
3.9393887519836426
3.9010539054870605
4.0799829959869385
3.74276065826416
4.1626622676849365
3.679269313812256
3.8939051628112793
4.301307201385498
5.202688694000244
4.5029520988464355
4.495055198669434
4.126127243041992
3.8534204959869385
4.031731605529785
3.996959686279297
3.5287342071533203
3.9235615730285645
3.6088929176330566
3.8654086589813232
4.019414663314819
3.503390312194824
3.898425579071045
3.8804006576538086
3.9936363697052
3.5724129676818848
4.041821002960205
3.727769374847412
3.6622111797332764
3.9739370346069336
3.7102229595184326
3.9123127460479736
3.9924118518829346
3.5497424602508545
3.7923805713653564
3.769878625869751
3.8492226600646973
3.498933792114258
3.8231008052825928
3.7216105461120605
4.154550313949585
4.008927345275879
3.659895658493042
3.8719379901885986
4.051437616348267
3.6191651821136475
3.544966220855713
3.816901206970215
3.674959659576416
3.8955986499786377
3.9192967414855957
3.627380609512329
3.9042513370513916
3.9373092651367188
3.9842355251312256
3.6954782009124756
3.8541886806488037
3.504146099090576
3.814368963241577
3.983675718307495
3.5860092639923096
4.0607874393463135
4.157227277755737
3.67476749420166
3.495516538619995
3.844644546508789
3.501274585723877
4.030073404312134
4.153853893280029
3.6861166954040527
4.026517868041992
4.000442028045654
4.106229305267334
3.8918750286102295
4.262073993682861
3.8498189449310303
3.964261054992676
3.964200019836426
3.6079299449920654
3.9973063468933105
4.058177947998047
3.7107911109924316
3.7349343299865723
4.067615509033203
4.105294704437256
3.6830551624298096
3.920607328414917
3.559767723083496
3.950023651123047
4.040117502212524
3.7596747875213623
4.05198860168457
4.084301710128784
4.073794841766357
3.7110133171081543
4.083061456680298
3.7216386795043945
3.7059905529022217
4.015605211257935
3.6595654487609863
3.903359889984131
3.91440486907959
3.621635913848877
3.8077564239501953
3.8485267162323
3.916203260421753
3.6306145191192627
3.905113935470581
3.5670652389526367
