3.8133175373077393
3.618638277053833
3.5809597969055176
3.7604541778564453
3.577284574508667
3.8104395866394043
3.500420093536377
3.6754889488220215
3.6974236965179443
3.4907755851745605
3.7500898838043213
3.791940450668335
3.8949382305145264
3.978091239929199
3.668584108352661
3.879974126815796
3.8260350227355957
3.704390525817871
3.8216469287872314
3.954855442047119
3.7319154739379883
3.7739169597625732
3.754082679748535
3.7793514728546143
3.872542381286621
3.603205680847168
3.7783946990966797
3.891442060470581
3.660893201828003
3.8698976039886475
3.8647232055664062
3.6720259189605713
3.837885856628418
3.7605137825012207
3.7949037551879883
3.9318671226501465
3.684544801712036
3.8907923698425293
3.876629590988159
3.6885292530059814
3.8345041275024414
3.914808750152588
3.5665407180786133
3.767979383468628
3.8187081813812256
3.7509102821350098
3.7860019207000732
3.5662002563476562
3.8128268718719482
3.8335742950439453
3.6688008308410645
3.885821580886841
3.880106210708618
3.7332489490509033
3.8746559619903564
3.884939432144165
3.6765599250793457
3.914851665496826
3.677677631378174
3.9758493900299072
3.7706682682037354
3.6612346172332764
3.875157356262207
3.883134126663208
3.6069915294647217
3.7732021808624268
3.898153066635132
3.7917044162750244
4.176631450653076
3.687962532043457
3.923896312713623
3.8186194896698
3.675049066543579
3.873457193374634
3.9250640869140625
3.631945848464966
3.821159601211548
3.7849113941192627
3.843177556991577
3.915752410888672
3.783355236053467
3.974653959274292
3.8844847679138184
3.8181376457214355
4.006289958953857
3.9922420978546143
3.79264497756958
4.019555330276489
3.9451842308044434
3.8919594287872314
3.992750883102417
3.8674893379211426
4.09546971321106
4.160426139831543
3.8784565925598145
3.9485905170440674
4.161883115768433
3.79071307182312
4.018810749053955
4.104898929595947
3.980407476425171
4.041298866271973
3.8762879371643066
4.118715286254883
3.9335405826568604
3.7596235275268555
4.051302433013916
3.995699167251587
3.894437313079834
4.0150392055511475
3.8763866424560547
3.9425535202026367
4.119240045547485
3.8346009254455566
3.9788436889648438
3.968564033508301
3.704284906387329
4.0497260093688965
3.858743906021118
3.614842414855957
3.794949769973755
3.8099093437194824
3.88826847076416
3.9120683670043945
3.618191957473755
3.891719341278076
3.8945412635803223
3.751426935195923
4.207833528518677
4.139080762863159
3.8284177780151367
4.137844562530518
4.148646116256714
4.083635330200195
3.8781137466430664
4.035925388336182
4.063058137893677
4.021517038345337
3.8724241256713867
4.078409910202026
4.1055943965911865
3.7291996479034424
3.833648204803467
3.8311352729797363
3.927253246307373
3.875077724456787
3.6360323429107666
3.934054136276245
3.8753035068511963
3.669238328933716
3.826486825942993
3.8991801738739014
3.6524319648742676
3.9873569011688232
3.9560110569000244
3.745149612426758
3.8531017303466797
3.62837290763855
3.8084628582000732
3.912489414215088
3.6284072399139404
3.9062867164611816
3.8363289833068848
3.639702558517456
3.8319308757781982
3.817931652069092
3.7204432487487793
3.852846622467041
3.630603075027466
3.892327308654785
3.8868658542633057
3.636906385421753
3.810840129852295
3.8789525032043457
3.646713972091675
3.8734943866729736
3.9629924297332764
3.907759189605713
3.910154342651367
3.7944653034210205
3.9714457988739014
4.0297136306762695
3.938209295272827
3.9676082134246826
3.965677261352539
3.6964874267578125
3.989224672317505
3.9600167274475098
3.8276586532592773
4.066717863082886
3.9800798892974854
4.050648927688599
3.9177186489105225
3.830021381378174
4.10318660736084
4.256951570510864
3.81343150138855
4.031443119049072
4.038614749908447
3.9603796005249023
4.154835939407349
3.7487664222717285
4.071257591247559
3.9962048530578613
3.866403102874756
4.14214015007019
4.083395719528198
3.7664074897766113
4.076443672180176
4.18185019493103
3.938922166824341
4.059862852096558
3.827364921569824
4.007016181945801
3.999906301498413
3.6871933937072754
3.883599281311035
3.9932847023010254
3.835737705230713
4.046693801879883
3.871696949005127
3.9287853240966797
3.9185733795166016
3.8158116340637207
4.035698652267456
3.956361770629883
3.79738712310791
4.077830076217651
4.158598899841309
3.9032483100891113
4.037560701370239
3.9503586292266846
3.9049272537231445
