4.266690492630005
3.7047054767608643
3.9771125316619873
3.615457057952881
3.625554323196411
3.910475254058838
4.0032477378845215
3.7828242778778076
3.912808656692505
3.591797113418579
4.041073799133301
3.7323145866394043
3.7666878700256348
3.9321696758270264
3.7159109115600586
5.2971484661102295
3.866901159286499
4.287197113037109
3.88236141204834
3.9099979400634766
4.011726379394531
3.763974905014038
3.627662181854248
4.106085300445557
3.744609832763672
3.6535027027130127
4.044293642044067
3.710725784301758
3.698023796081543
3.9486238956451416
4.148865222930908
3.711458206176758
3.6966896057128906
4.082921981811523
3.7219221591949463
3.654130458831787
4.023313283920288
3.650951623916626
3.8119211196899414
3.8552534580230713
4.063400745391846
3.528000593185425
4.071911096572876
3.6805570125579834
3.583817481994629
3.9952831268310547
3.834713935852051
3.626284599304199
3.9763123989105225
3.694258689880371
3.6222777366638184
3.9795069694519043
3.5637118816375732
3.598557233810425
3.919654607772827
3.874472141265869
3.554107427597046
3.493309259414673
3.991579294204712
3.7629051208496094
3.649181842803955
3.912384271621704
3.5834474563598633
3.874873638153076
3.705002546310425
4.071607828140259
3.72658109664917
3.7205069065093994
4.033721685409546
3.867953062057495
3.7358574867248535
3.951646327972412
3.7843525409698486
3.726381778717041
3.970806121826172
4.005109071731567
3.6016130447387695
3.7043590545654297
3.9686708450317383
3.678966999053955
3.69720458984375
4.074028730392456
3.8155570030212402
3.961886167526245
3.5678422451019287
4.242218494415283
3.6381330490112305
3.5881898403167725
3.9135546684265137
3.745184898376465
3.654350757598877
4.018930912017822
3.5788071155548096
3.55743408203125
4.034180402755737
3.653449773788452
3.7304880619049072
3.8559446334838867
3.932643175125122
3.677927255630493
3.959338426589966
3.6011431217193604
3.5868937969207764
3.8809995651245117
3.5956122875213623
3.8473401069641113
3.791685104370117
3.5459842681884766
3.7937588691711426
3.7647545337677
3.965888500213623
3.664961814880371
4.013481616973877
3.5833771228790283
3.952496290206909
3.9501547813415527
3.499859094619751
3.9485812187194824
4.0313403606414795
3.8921587467193604
3.5320444107055664
3.8243119716644287
3.523277997970581
4.080090284347534
4.099290609359741
3.737586736679077
3.869349241256714
3.798889398574829
3.815032958984375
3.4895358085632324
3.9479033946990967
3.5529494285583496
3.772536039352417
3.856356143951416
3.5682666301727295
3.8154027462005615
3.849660634994507
3.6173512935638428
3.4683446884155273
3.7541306018829346
3.4546148777008057
3.802140235900879
3.9808542728424072
3.5609848499298096
3.8066554069519043
3.9097628593444824
3.8738722801208496
3.485532522201538
3.9114840030670166
3.4611353874206543
3.840888023376465
3.9030473232269287
3.547271966934204
3.9165759086608887
3.932612419128418
3.529081106185913
3.4815289974212646
3.732938528060913
3.998061180114746
3.5154268741607666
3.9161183834075928
3.5876693725585938
3.8860883712768555
3.869234323501587
3.649052619934082
3.8630459308624268
3.8928699493408203
3.8323662281036377
3.607064723968506
4.057980537414551
3.751549243927002
3.6467220783233643
4.0361199378967285
3.6191909313201904
4.005371570587158
3.9523627758026123
3.503624439239502
3.8883824348449707
3.74845290184021
3.9544620513916016
3.562304735183716
3.9227378368377686
3.5312485694885254
3.898981809616089
3.95700740814209
3.6270437240600586
3.939699649810791
4.0860984325408936
3.749730348587036
3.6157078742980957
4.0068347454071045
3.6426100730895996
3.8615877628326416
3.8057618141174316
3.459580183029175
3.718238115310669
3.767799139022827
3.807425022125244
3.4915404319763184
3.7965776920318604
3.6947922706604004
3.9022624492645264
3.8355553150177
3.6412124633789062
3.8479230403900146
4.016164541244507
3.7753305435180664
3.5531623363494873
3.9617652893066406
3.560814619064331
3.763768434524536
3.9288573265075684
3.4942448139190674
3.8246021270751953
4.041468620300293
4.129855394363403
3.6788535118103027
3.8935608863830566
3.7344582080841064
3.9618678092956543
4.053699970245361
3.69309401512146
3.8972578048706055
3.934077501296997
3.77396297454834
3.6326956748962402
3.9019579887390137
3.5454931259155273
3.850588321685791
3.7960045337677
3.6005730628967285
3.9435012340545654
3.8670332431793213
4.015366077423096
3.688114643096924
4.057406425476074
3.6901543140411377
