4.040251731872559
3.6183242797851562
3.839123487472534
3.721731662750244
3.9771714210510254
3.725048303604126
3.9891557693481445
3.9756903648376465
3.7011213302612305
3.957753896713257
3.9050166606903076
3.8018860816955566
3.924372911453247
3.907545328140259
3.7353053092956543
3.9266955852508545
3.9309680461883545
3.770183801651001
3.954991340637207
3.8491768836975098
3.967904567718506
3.986124277114868
3.761439323425293
3.975250005722046
3.923954725265503
3.7543365955352783
3.925628900527954
4.039421081542969
3.886197328567505
3.952814817428589
3.8172037601470947
3.931523084640503
3.978952646255493
3.7620017528533936
3.904268503189087
3.9615793228149414
3.8134477138519287
3.972313404083252
4.062633275985718
3.8672142028808594
4.045517444610596
3.8260910511016846
4.05104660987854
4.067314863204956
3.827622652053833
4.034436225891113
4.049809217453003
3.8049087524414062
3.9648358821868896
3.845679759979248
3.859572410583496
4.03719162940979
3.7296159267425537
3.999178647994995
3.991460084915161
3.7598862648010254
3.893627166748047
4.05772852897644
3.8343565464019775
4.066997289657593
3.9764485359191895
3.9067859649658203
3.955923080444336
3.6685118675231934
4.00600528717041
4.020764112472534
3.7044734954833984
4.14106297492981
4.118106365203857
3.7292065620422363
4.00297474861145
4.176718473434448
4.11849308013916
4.2262773513793945
3.742011070251465
3.9982073307037354
4.009265899658203
3.8010940551757812
3.9993481636047363
4.06557559967041
3.8389129638671875
4.261253356933594
3.9254207611083984
4.102933168411255
4.042053699493408
3.7131853103637695
3.9586708545684814
3.974836826324463
3.772639036178589
3.9667463302612305
4.087691068649292
3.940896511077881
4.076764822006226
4.155074596405029
3.8859736919403076
3.9871914386749268
3.8067610263824463
4.029581546783447
4.0570220947265625
3.80593204498291
4.126047372817993
4.173206090927124
3.824273109436035
4.06961989402771
3.998508930206299
3.919342041015625
4.034202575683594
3.7916259765625
4.011816501617432
3.990079402923584
4.316668272018433
4.416861295700073
4.459401845932007
4.0216896533966064
4.068059921264648
4.016105890274048
3.914357900619507
4.077333927154541
3.777663469314575
4.114416599273682
4.1688454151153564
3.759918689727783
4.0142717361450195
4.015162944793701
3.712602376937866
4.076119422912598
4.110919713973999
3.813746690750122
3.928865909576416
3.6792147159576416
3.905545711517334
3.957254409790039
3.723867177963257
3.9449989795684814
3.938157796859741
3.835015058517456
4.064595937728882
3.895477056503296
3.8672423362731934
3.9547839164733887
3.730677604675293
4.0052666664123535
4.157799959182739
3.7721190452575684
3.9459972381591797
3.924508571624756
3.7510087490081787
3.986584424972534
3.9077110290527344
3.8589589595794678
4.025075674057007
3.938706159591675
3.960819959640503
4.067063331604004
3.8360860347747803
4.189867734909058
4.017965793609619
3.7542917728424072
3.9361162185668945
3.9955074787139893
3.814831018447876
4.03260064125061
3.737344741821289
3.9413487911224365
4.116582632064819
3.952604293823242
4.057286739349365
3.9775898456573486
3.7866570949554443
4.025989294052124
4.023965835571289
4.035922527313232
4.113328456878662
3.7589848041534424
4.048284530639648
4.030077219009399
3.708036422729492
3.935105323791504
3.993762969970703
3.9092800617218018
4.045092582702637
3.9321563243865967
3.8457252979278564
3.9882705211639404
3.761448621749878
3.9510085582733154
4.058807611465454
3.9822890758514404
4.172925710678101
4.137009859085083
3.8281409740448
4.149243116378784
4.0149805545806885
3.8969712257385254
4.14896559715271
3.8807437419891357
4.18023419380188
4.159534454345703
3.87311053276062
4.17235255241394
4.126537561416626
3.977647542953491
4.1445863246917725
4.13261604309082
4.13025975227356
4.113258600234985
3.817634105682373
4.110179662704468
4.149199485778809
3.7476706504821777
3.9636523723602295
4.122286319732666
3.8897526264190674
4.21379542350769
4.150958299636841
4.060598373413086
4.143094062805176
4.122118711471558
4.368886470794678
4.384542226791382
4.058429718017578
4.335436582565308
4.021008729934692
3.820164680480957
4.028717756271362
4.08510684967041
4.14659309387207
