0.0010023117065429688
0.0020017623901367188
0.0010006427764892578
0.0010006427764892578
0.001001596450805664
0.001003265380859375
0.002002716064453125
0.002000093460083008
0.0019998550415039062
0.0010955333709716797
0.0019998550415039062
0.0020008087158203125
0.0020008087158203125
0.0019986629486083984
0.0010120868682861328
0.0010066032409667969
0.001981496810913086
0.0019948482513427734
0.0019867420196533203
0.002001047134399414
0.0015125274658203125
0.0019989013671875
0.0019996166229248047
0.0015840530395507812
0.0020003318786621094
0.0020055770874023438
0.0020008087158203125
0.001995563507080078
0.003000974655151367
0.0030002593994140625
0.0030012130737304688
0.002009153366088867
0.003000974655151367
0.003012418746948242
0.0029807090759277344
0.0039980411529541016
0.004006862640380859
0.0029990673065185547
0.003006458282470703
0.003007173538208008
0.0039997100830078125
0.0030014514923095703
0.004450559616088867
0.004001140594482422
0.004002809524536133
0.004010200500488281
0.005001544952392578
0.004015445709228516
0.005001544952392578
0.005016326904296875
0.004988193511962891
0.004002571105957031
0.005002021789550781
0.004031181335449219
0.0050199031829833984
0.004009723663330078
0.005019664764404297
0.004997730255126953
0.005001068115234375
0.005001544952392578
0.005981922149658203
0.0050084590911865234
0.0050160884857177734
0.007013082504272461
0.006000995635986328
0.006994962692260742
0.006006479263305664
0.006993532180786133
0.0070073604583740234
0.00699615478515625
0.006009101867675781
0.0070018768310546875
0.0070209503173828125
0.007001638412475586
0.0075566768646240234
0.0070171356201171875
0.00900125503540039
0.009004592895507812
0.007994413375854492
0.0070400238037109375
0.009001493453979492
0.0065076351165771484
0.00800323486328125
0.006999492645263672
0.008001327514648438
0.007992744445800781
0.008002519607543945
0.009005069732666016
0.010009050369262695
0.010556221008300781
0.009001970291137695
0.009020328521728516
0.007997751235961914
0.008003473281860352
0.009002685546875
0.008781194686889648
0.010021686553955078
0.009994745254516602
0.00999903678894043
0.010001182556152344
0.010019063949584961
0.011003255844116211
0.010020971298217773
0.010997772216796875
0.012009859085083008
0.012003660202026367
0.011035680770874023
0.010995626449584961
0.012016057968139648
0.012002706527709961
0.012003660202026367
0.012003898620605469
0.011996269226074219
0.011016130447387695
0.011156082153320312
0.012000322341918945
0.023478984832763672
0.025009632110595703
0.02700662612915039
0.028083086013793945
0.026987552642822266
0.02800726890563965
0.03000640869140625
0.02999424934387207
0.03119826316833496
0.033008575439453125
0.031991004943847656
0.03001570701599121
0.03198671340942383
0.03300738334655762
0.03400087356567383
0.03215909004211426
0.03401637077331543
0.12186908721923828
0.041548728942871094
0.03931689262390137
0.034001827239990234
0.03754711151123047
0.03599405288696289
0.03500676155090332
0.04301118850708008
0.03652811050415039
0.0370020866394043
0.03600740432739258
0.040010929107666016
0.03853130340576172
0.03699970245361328
0.03826570510864258
0.0382692813873291
0.03999590873718262
0.03900861740112305
0.039989471435546875
0.040010929107666016
0.0470120906829834
0.041524648666381836
0.04100942611694336
0.04200911521911621
0.04123234748840332
0.04068255424499512
0.04151582717895508
0.042016029357910156
0.04199409484863281
0.04401063919067383
0.047006845474243164
0.0469973087310791
0.04801034927368164
0.05656695365905762
0.04801225662231445
0.05106997489929199
0.05023193359375
0.047989845275878906
0.050005197525024414
0.05910992622375488
0.05101132392883301
0.0520167350769043
0.0560150146484375
0.05501675605773926
0.054543256759643555
0.054010868072509766
0.055261850357055664
0.057541847229003906
0.054010868072509766
0.05553913116455078
0.05499839782714844
0.06461715698242188
0.05998063087463379
0.06254076957702637
0.062014102935791016
0.060009002685546875
0.06006789207458496
0.06001400947570801
0.06029939651489258
0.062012672424316406
0.06340765953063965
0.06253457069396973
0.06453776359558105
0.06305837631225586
0.06321978569030762
0.0686502456665039
0.06687283515930176
0.07401633262634277
0.07132720947265625
0.0715799331665039
0.06957197189331055
0.07501459121704102
0.07501721382141113
0.07411551475524902
0.07157564163208008
0.0764467716217041
0.07502007484436035
0.07331442832946777
0.07502245903015137
0.07360649108886719
0.07802104949951172
0.08054971694946289
0.07859277725219727
0.07500600814819336
0.08014130592346191
0.08190584182739258
0.07462930679321289
0.09165668487548828
0.08561348915100098
0.07852816581726074
0.08101177215576172
0.07756185531616211
0.08300232887268066
0.08461570739746094
0.08301830291748047
0.0800163745880127
0.08057451248168945
0.07802987098693848
0.08209085464477539
0.08100199699401855
0.08165192604064941
