0.0009999275207519531
0.001064300537109375
0.0009987354278564453
0.0010004043579101562
0.0009984970092773438
0.0009946823120117188
0.0019948482513427734
0.0009992122650146484
0.0010004043579101562
0.0020055770874023438
0.0010008811950683594
0.0020017623901367188
0.0009913444519042969
0.0020003318786621094
0.001959085464477539
0.001999378204345703
0.001983642578125
0.002000570297241211
0.0020148754119873047
0.0009922981262207031
0.0017015933990478516
0.0015416145324707031
0.002001047134399414
0.0019996166229248047
0.0019867420196533203
0.0019996166229248047
0.0020012855529785156
0.002001047134399414
0.0029921531677246094
0.0019948482513427734
0.0030045509338378906
0.0020029544830322266
0.0029850006103515625
0.003000497817993164
0.0030002593994140625
0.0030012130737304688
0.003000497817993164
0.0032880306243896484
0.003021717071533203
0.0030126571655273438
0.004000425338745117
0.0029935836791992188
0.004013776779174805
0.004015207290649414
0.005005836486816406
0.0029883384704589844
0.004000663757324219
0.004001140594482422
0.003997087478637695
0.003983736038208008
0.005001544952392578
0.004013776779174805
0.004001140594482422
0.005005836486816406
0.005002021789550781
0.0050046443939208984
0.0050013065338134766
0.005000591278076172
0.005014657974243164
0.005001544952392578
0.005001544952392578
0.005008697509765625
0.0060083866119384766
0.005986690521240234
0.007020711898803711
0.006008148193359375
0.0070650577545166016
0.007002353668212891
0.0070035457611083984
0.007020473480224609
0.0070192813873291016
0.008214473724365234
0.006001472473144531
0.005998373031616211
0.007002830505371094
0.007001638412475586
0.007001638412475586
0.007000446319580078
0.007994651794433594
0.00701451301574707
0.009009122848510742
0.008002042770385742
0.00800323486328125
0.007808685302734375
0.007990121841430664
0.008003950119018555
0.010001659393310547
0.009021520614624023
0.010008811950683594
0.008000850677490234
0.008518218994140625
0.00900125503540039
0.009000062942504883
0.009003162384033203
0.009018898010253906
0.009014368057250977
0.009593486785888672
0.009000778198242188
0.009992361068725586
0.0200042724609375
0.020530223846435547
0.021004438400268555
0.022002220153808594
0.021004915237426758
0.02166438102722168
0.021985292434692383
0.021012067794799805
0.023985862731933594
0.02400660514831543
0.026005983352661133
0.026765108108520508
0.025320768356323242
0.025980472564697266
0.02695322036743164
0.027009010314941406
0.02583765983581543
0.027002573013305664
0.029006481170654297
0.02698516845703125
0.026999711990356445
0.02768564224243164
0.0280001163482666
0.02698993682861328
0.02786397933959961
0.031008243560791016
0.030988693237304688
0.02900838851928711
0.030988216400146484
0.029608726501464844
0.030014753341674805
0.030007123947143555
0.032106637954711914
0.030999422073364258
0.03259634971618652
0.03200674057006836
0.034310340881347656
0.031001567840576172
0.03198671340942383
0.03300595283508301
0.03362226486206055
0.03381943702697754
0.03401637077331543
0.035994529724121094
0.03609037399291992
0.03699493408203125
0.03600192070007324
0.03600573539733887
0.0360107421875
0.03699016571044922
0.03699517250061035
0.04000210762023926
0.03779864311218262
0.03701043128967285
0.040149688720703125
0.042021989822387695
0.04155540466308594
0.03699445724487305
0.04000973701477051
0.04057884216308594
0.04154062271118164
0.03999686241149902
0.041010141372680664
0.04301905632019043
0.04501223564147949
0.04400491714477539
0.04856753349304199
0.042990684509277344
0.044003963470458984
0.04400062561035156
0.04700446128845215
0.04815506935119629
0.04554390907287598
0.04299187660217285
0.047002315521240234
0.045011043548583984
0.04753255844116211
0.045000553131103516
0.04700279235839844
0.047013044357299805
0.04900836944580078
0.04753684997558594
0.04601001739501953
0.04999136924743652
0.04934501647949219
0.04799294471740723
0.05001091957092285
0.04902052879333496
0.04952549934387207
0.06237292289733887
0.05401301383972168
0.04875326156616211
0.05199480056762695
0.05001997947692871
0.05500364303588867
0.0509953498840332
0.05301833152770996
0.059185028076171875
0.05400991439819336
0.05803108215332031
0.05586647987365723
0.05701303482055664
0.06000375747680664
0.06300902366638184
0.06253886222839355
0.0687706470489502
0.061010122299194336
0.061621665954589844
0.060022830963134766
0.0601193904876709
0.059252262115478516
0.0630183219909668
0.06401896476745605
0.06301450729370117
0.06953740119934082
0.0655519962310791
0.06799817085266113
0.06701326370239258
0.07602858543395996
0.0700082778930664
0.07065653800964355
0.07301735877990723
0.06994843482971191
0.07118368148803711
0.06798005104064941
0.06845211982727051
0.07301831245422363
0.07201719284057617
