0.01299738883972168
0.014984130859375
0.014022350311279297
0.015012741088867188
0.013984203338623047
0.015116691589355469
0.014984130859375
0.015527486801147461
0.01499629020690918
0.016011476516723633
0.015005826950073242
0.01598978042602539
0.01684713363647461
0.016573429107666016
0.01558828353881836
0.01700305938720703
0.01700615882873535
0.01749873161315918
0.018006563186645508
0.0180056095123291
0.01752185821533203
0.01700592041015625
0.018004179000854492
0.021004199981689453
0.017993927001953125
0.018014192581176758
0.018997669219970703
0.01814126968383789
0.021007061004638672
0.01900458335876465
0.0189974308013916
0.019991397857666016
0.02099013328552246
0.02301311492919922
0.020003318786621094
0.020700931549072266
0.020002365112304688
0.021274328231811523
0.020002365112304688
0.021004676818847656
0.022007465362548828
0.02100372314453125
0.02108621597290039
0.01999044418334961
0.02099132537841797
0.022000551223754883
0.02201080322265625
0.021985769271850586
0.022005081176757812
0.024007081985473633
0.024006128311157227
0.02352619171142578
0.02300262451171875
0.024541139602661133
0.024012088775634766
0.024520397186279297
0.023997783660888672
0.02499246597290039
0.024006128311157227
0.023998022079467773
0.025008440017700195
0.025006532669067383
0.025069236755371094
0.025017976760864258
0.024998903274536133
0.024003982543945312
0.026961803436279297
0.025999069213867188
0.02651357650756836
0.024999618530273438
0.027008771896362305
0.025999784469604492
0.025988101959228516
0.027011632919311523
0.028010129928588867
0.02899765968322754
0.02699422836303711
0.02800774574279785
0.02799510955810547
0.029062509536743164
0.029008865356445312
0.029148340225219727
0.030007362365722656
0.029001951217651367
0.03500032424926758
0.029991626739501953
0.029004812240600586
0.03000640869140625
0.031007766723632812
0.03059983253479004
0.030006885528564453
0.03200793266296387
0.032007455825805664
0.032124996185302734
0.03098773956298828
0.03200817108154297
0.033421993255615234
0.032000064849853516
0.03352522850036621
0.03581881523132324
0.03399395942687988
0.033007144927978516
0.0375363826751709
0.0330045223236084
0.03300952911376953
0.03401637077331543
0.032997846603393555
0.03400707244873047
0.03803086280822754
0.03900933265686035
0.03799772262573242
0.0375819206237793
0.03700757026672363
0.034000396728515625
0.036032676696777344
0.0380091667175293
0.0364532470703125
0.03601551055908203
0.037459611892700195
0.03600192070007324
0.041005611419677734
0.03800153732299805
0.040120840072631836
0.039994239807128906
0.038016557693481445
0.03999018669128418
0.040007591247558594
0.04301285743713379
0.04251599311828613
0.045099735260009766
0.04501032829284668
0.054007530212402344
0.052015066146850586
0.05401420593261719
0.050995588302612305
0.05301952362060547
0.0475919246673584
0.048035383224487305
0.05001258850097656
0.05201244354248047
0.050011396408081055
0.05003023147583008
0.04858541488647461
0.0509943962097168
0.05001091957092285
0.049799203872680664
0.046991825103759766
0.05101156234741211
0.048417091369628906
0.049999237060546875
0.04900312423706055
0.05300140380859375
0.054007530212402344
0.05500531196594238
0.05703258514404297
0.05600309371948242
0.05779314041137695
0.057001590728759766
0.05601215362548828
0.053012847900390625
0.04855155944824219
0.050074100494384766
0.050187110900878906
0.058069467544555664
0.05999445915222168
0.05702638626098633
0.06108593940734863
0.0605466365814209
0.06102609634399414
0.05999588966369629
0.06000399589538574
0.06038808822631836
0.05999588966369629
0.06093549728393555
0.06306862831115723
0.07501387596130371
0.07210612297058105
0.08169794082641602
0.07306194305419922
0.07208538055419922
0.08001852035522461
0.08101820945739746
0.08371686935424805
0.0815424919128418
0.09166169166564941
0.08707690238952637
0.08655738830566406
0.09566688537597656
0.08899974822998047
0.099578857421875
0.09201312065124512
0.09015059471130371
0.08400225639343262
0.08001899719238281
0.08795642852783203
0.08643984794616699
0.08697509765625
0.08509206771850586
0.10201883316040039
0.08210492134094238
0.08505463600158691
0.08407473564147949
0.0883939266204834
0.08468437194824219
0.08501958847045898
0.08961033821105957
0.0900266170501709
0.08756375312805176
0.08935976028442383
0.08821439743041992
0.08402538299560547
0.08515453338623047
0.08416986465454102
0.08435201644897461
0.08801960945129395
0.08442449569702148
0.08413410186767578
0.0775456428527832
0.08156609535217285
0.08701920509338379
0.08199954032897949
0.08963370323181152
0.09111166000366211
0.0910189151763916
0.08962488174438477
0.09363579750061035
0.08802247047424316
0.09156131744384766
0.0905148983001709
0.09104633331298828
0.09301280975341797
0.09854578971862793
0.08201217651367188
