0.014013528823852539
0.015003681182861328
0.014997005462646484
0.017003536224365234
0.018004179000854492
0.016997814178466797
0.01600503921508789
0.01700282096862793
0.015513181686401367
0.01598978042602539
0.016004323959350586
0.023006677627563477
0.016003131866455078
0.01798701286315918
0.01799798011779785
0.019005298614501953
0.01800823211669922
0.01800394058227539
0.016995668411254883
0.019006967544555664
0.017999649047851562
0.019002914428710938
0.019997835159301758
0.018834590911865234
0.018004894256591797
0.019006967544555664
0.018986225128173828
0.018004417419433594
0.017998933792114258
0.020004749298095703
0.020045042037963867
0.019005537033081055
0.01900792121887207
0.021004438400268555
0.020005226135253906
0.02110886573791504
0.022004365921020508
0.020940065383911133
0.01900339126586914
0.019002914428710938
0.02000594139099121
0.021986007690429688
0.025007009506225586
0.02059650421142578
0.023261308670043945
0.020985841751098633
0.023006677627563477
0.028005361557006836
0.022006988525390625
0.022005319595336914
0.02399730682373047
0.02400803565979004
0.022986412048339844
0.02374124526977539
0.024000883102416992
0.023003339767456055
0.02398395538330078
0.024053335189819336
0.025008201599121094
0.023507356643676758
0.024003267288208008
0.02454209327697754
0.02352738380432129
0.02301621437072754
0.025999784469604492
0.024008512496948242
0.025007009506225586
0.023998737335205078
0.024007320404052734
0.025020122528076172
0.025078773498535156
0.03200650215148926
0.02558302879333496
0.02500319480895996
0.02500748634338379
0.026547908782958984
0.026003599166870117
0.029005765914916992
0.026032686233520508
0.033007144927978516
0.03100872039794922
0.028006315231323242
0.029993772506713867
0.031008005142211914
0.03000664710998535
0.029007434844970703
0.031011343002319336
0.028986692428588867
0.03100752830505371
0.03200793266296387
0.031002521514892578
0.03101062774658203
0.02880692481994629
0.031006574630737305
0.03000783920288086
0.030191421508789062
0.02900838851928711
0.031000137329101562
0.029007911682128906
0.030538320541381836
0.033010005950927734
0.03702235221862793
0.03299593925476074
0.03500676155090332
0.03299522399902344
0.03500556945800781
0.03500843048095703
0.03600955009460449
0.03554511070251465
0.03399348258972168
0.0340118408203125
0.03702259063720703
0.04501032829284668
0.03500843048095703
0.035994529724121094
0.03799033164978027
0.03853964805603027
0.03899097442626953
0.03698897361755371
0.04152822494506836
0.036004066467285156
0.03717923164367676
0.04101133346557617
0.04503154754638672
0.04224133491516113
0.04154014587402344
0.04200315475463867
0.0420074462890625
0.04068899154663086
0.041518211364746094
0.04208660125732422
0.0400087833404541
0.043604373931884766
0.04099464416503906
0.04200434684753418
0.04199099540710449
0.042891502380371094
0.04399561882019043
0.04355192184448242
0.0435643196105957
0.04501152038574219
0.04400920867919922
0.045009613037109375
0.044539690017700195
0.045001983642578125
0.045008182525634766
0.04399847984313965
0.047003984451293945
0.0490109920501709
0.04974222183227539
0.05201864242553711
0.048012495040893555
0.04399847984313965
0.04600977897644043
0.0474393367767334
0.04700589179992676
0.048015594482421875
0.04901576042175293
0.05314207077026367
0.046010732650756836
0.0475468635559082
0.04800868034362793
0.0485687255859375
0.05400872230529785
0.0560145378112793
0.055379390716552734
0.056014299392700195
0.05298590660095215
0.056006669998168945
0.06201362609863281
0.05356550216674805
0.05501055717468262
0.05299091339111328
0.05254721641540527
0.05163121223449707
0.054999589920043945
0.057843923568725586
0.05758094787597656
0.05604958534240723
0.05752062797546387
0.05901622772216797
0.05901479721069336
0.05801653861999512
0.057570695877075195
0.05655026435852051
0.05918312072753906
0.054540395736694336
0.05299544334411621
0.05601358413696289
0.06101369857788086
0.053528547286987305
0.05601358413696289
0.05701041221618652
0.061006784439086914
0.059012651443481445
0.05739903450012207
0.06907463073730469
0.07013154029846191
0.05800175666809082
0.06155037879943848
0.06653904914855957
0.07001399993896484
0.0700528621673584
0.07496190071105957
0.07000923156738281
0.06900691986083984
0.060639142990112305
0.05799412727355957
0.05901288986206055
0.06100893020629883
0.061202049255371094
0.06000041961669922
0.06010246276855469
0.06300950050354004
0.059539794921875
0.06299948692321777
0.06101560592651367
0.06701540946960449
0.06501412391662598
0.06367945671081543
0.07268738746643066
0.06553888320922852
0.06900858879089355
0.06670904159545898
0.0630190372467041
0.06301331520080566
0.060564517974853516
0.06263136863708496
0.06560516357421875
0.06100964546203613
0.0670173168182373
0.06446552276611328
0.0656275749206543
0.0638577938079834
0.06402897834777832
0.06301546096801758
0.06200146675109863
