3.5056703090667725
3.528618097305298
3.492933750152588
3.6688990592956543
3.4867374897003174
3.720778226852417
3.409247875213623
3.5839247703552246
3.6064043045043945
3.398759365081787
3.6540687084198
3.694766044616699
3.7231297492980957
3.808316469192505
3.5116991996765137
3.7839484214782715
3.7325024604797363
3.6059231758117676
3.724623441696167
3.85683536529541
3.634845495223999
3.679321527481079
3.6565263271331787
3.675762176513672
3.7770893573760986
3.505465507507324
3.6819465160369873
3.7958076000213623
3.5578668117523193
3.7683420181274414
3.7659409046173096
3.5714635848999023
3.739328145980835
3.6578619480133057
3.6927847862243652
3.831038475036621
3.584521770477295
3.789048433303833
3.776618003845215
3.5879735946655273
3.7324793338775635
3.8139069080352783
3.466811180114746
3.665952205657959
3.7177743911743164
3.651029348373413
3.6849746704101562
3.464522123336792
3.7119028568267822
3.72946834564209
3.5647103786468506
3.7782838344573975
3.77803897857666
3.626885175704956
3.7085652351379395
3.7823221683502197
3.5735366344451904
3.8093385696411133
3.5730881690979004
3.871828556060791
3.665935754776001
3.5547115802764893
3.7690699100494385
3.774019718170166
3.4753072261810303
3.66719651222229
3.726498603820801
3.6856801509857178
4.065917015075684
3.5802643299102783
3.813868284225464
3.711996555328369
3.56903076171875
3.7653632164001465
3.813328504562378
3.5242843627929688
3.7140729427337646
3.676363468170166
3.667719841003418
3.8070805072784424
3.66859769821167
3.8639628887176514
3.7684574127197266
3.7080137729644775
3.8877038955688477
3.8791463375091553
3.6770665645599365
3.9054110050201416
3.8321585655212402
3.7769269943237305
3.8811774253845215
3.677910327911377
3.9814465045928955
3.9687023162841797
3.701798677444458
3.833552122116089
3.9782156944274902
3.677142858505249
3.9026689529418945
3.8905587196350098
3.8633859157562256
3.923813819885254
3.7437286376953125
4.000688076019287
3.81939435005188
3.643677234649658
3.935117244720459
3.882686138153076
3.774815320968628
3.8935112953186035
3.7563602924346924
3.8224048614501953
3.9987072944641113
3.7195944786071777
3.8599133491516113
3.848982810974121
3.585864305496216
3.930708885192871
3.739250898361206
3.4978973865509033
3.6739284992218018
3.6913764476776123
3.7635691165924072
3.7920567989349365
3.4989447593688965
3.7706921100616455
3.771352767944336
3.6232244968414307
4.037200450897217
4.008955240249634
3.6978554725646973
3.996267080307007
4.011615037918091
3.935626268386841
3.7454068660736084
3.9015867710113525
3.9304473400115967
3.8912320137023926
3.7383925914764404
3.9420690536499023
3.965060234069824
3.5960845947265625
3.7043919563293457
3.698521375656128
3.7942302227020264
3.738704204559326
3.5070042610168457
3.7999563217163086
3.745872974395752
3.5342235565185547
3.6969809532165527
3.7656171321868896
3.5184104442596436
3.849332809448242
3.8184094429016113
3.608116865158081
3.710278272628784
3.488337993621826
3.67191219329834
3.778029680252075
3.4988479614257812
3.774226427078247
3.704131603240967
3.5015947818756104
3.691901922225952
3.6808929443359375
3.5783441066741943
3.7102861404418945
3.4885635375976562
3.751753568649292
3.743831157684326
3.495933771133423
3.6698219776153564
3.7375481128692627
3.5000977516174316
3.713459014892578
3.8108692169189453
3.741966485977173
3.754080295562744
3.6423683166503906
3.8098533153533936
3.8681280612945557
3.7711331844329834
3.8054699897766113
3.7924141883850098
3.529374837875366
3.8206427097320557
3.782350778579712
3.6556334495544434
3.8811323642730713
3.804492235183716
3.87958025932312
3.750155210494995
3.668064594268799
3.930013418197632
4.082254409790039
3.6411914825439453
3.863311290740967
3.854034662246704
3.796236038208008
3.982656478881836
3.582681655883789
3.8916590213775635
3.8276829719543457
3.6997785568237305
3.9625084400177
3.908282518386841
3.5948421955108643
3.8943986892700195
4.005616664886475
3.7748849391937256
3.888704299926758
3.6566269397735596
3.8407411575317383
3.8283402919769287
3.517839193344116
3.717881441116333
3.8301737308502197
3.6688919067382812
3.8756539821624756
3.707597494125366
3.757040500640869
3.744441509246826
3.6431400775909424
3.8010456562042236
3.77915620803833
3.6248414516448975
3.9012506008148193
3.983074903488159
3.7291979789733887
3.860419750213623
3.7667791843414307
3.739305257797241
