3.968763589859009
3.619687557220459
3.8914101123809814
3.523446798324585
3.4713869094848633
3.7503950595855713
3.8392016887664795
3.5966010093688965
3.823134422302246
3.4975428581237793
3.9480419158935547
3.62328839302063
3.6736667156219482
3.8390841484069824
3.6136839389801025
5.184586763381958
3.7672274112701416
4.188171625137329
3.788348436355591
3.809340715408325
3.9161651134490967
3.665870189666748
3.5316474437713623
4.013280868530273
3.650506019592285
3.557480573654175
3.9492595195770264
3.6197049617767334
3.6050212383270264
3.8528122901916504
4.054823875427246
3.6174376010894775
3.6011221408843994
3.9738166332244873
3.6238772869110107
3.5580127239227295
3.9232895374298096
3.547992467880249
3.7152507305145264
3.7599782943725586
3.962843179702759
3.4315056800842285
3.9705328941345215
3.58539080619812
3.485788106918335
3.9001996517181396
3.728691816329956
3.5097298622131348
3.8797664642333984
3.5962274074554443
3.5212557315826416
3.8807625770568848
3.465691566467285
3.496549606323242
3.817033529281616
3.77644681930542
3.4526307582855225
3.395902395248413
3.8905270099639893
3.6596486568450928
3.5460667610168457
3.8108248710632324
3.484921932220459
3.774850368499756
3.604387044906616
3.971585273742676
3.6235556602478027
3.6208159923553467
3.9276974201202393
3.7663631439208984
3.6357614994049072
3.837768077850342
3.6767468452453613
3.6253597736358643
3.7900519371032715
3.9005212783813477
3.499507188796997
3.5999350547790527
3.8676280975341797
3.5669400691986084
3.5867865085601807
3.969999313354492
3.710482358932495
3.8531250953674316
3.461820125579834
4.132514953613281
3.53110671043396
3.4816370010375977
3.8025293350219727
3.6371796131134033
3.547757863998413
3.9133524894714355
3.4744811058044434
3.4508097171783447
3.926612615585327
3.5487253665924072
3.626835346221924
3.7509210109710693
3.826618194580078
3.5720810890197754
3.8517391681671143
3.4881036281585693
3.4773142337799072
3.771705389022827
3.487586498260498
3.736786365509033
3.68265962600708
3.4339709281921387
3.677511215209961
3.655709743499756
3.853825569152832
3.5543389320373535
3.886453628540039
3.472705364227295
3.842191696166992
3.8294248580932617
3.3857154846191406
3.832705020904541
3.853900194168091
3.772552728652954
3.4220166206359863
3.7106752395629883
3.4081830978393555
3.9590704441070557
3.9764745235443115
3.6208198070526123
3.74886417388916
3.6819217205047607
3.70133113861084
3.3719990253448486
3.82926344871521
3.4368896484375
3.649381637573242
3.741672992706299
3.388561487197876
3.6963231563568115
3.7327778339385986
3.4347596168518066
3.3486487865448
3.635563850402832
3.3355910778045654
3.680112838745117
3.8549482822418213
3.4434449672698975
3.688610792160034
3.790229082107544
3.7538201808929443
3.365358591079712
3.7874555587768555
3.3352906703948975
3.7132906913757324
3.7811079025268555
3.4292423725128174
3.791541814804077
3.809598684310913
3.406670570373535
3.35990309715271
3.6093764305114746
3.868882656097412
3.3943264484405518
3.7898812294006348
3.461559534072876
3.7601423263549805
3.7415177822113037
3.517789840698242
3.7320587635040283
3.76127028465271
3.704467296600342
3.4758570194244385
3.9199633598327637
3.6219751834869385
3.513700008392334
3.905627489089966
3.488586187362671
3.877148151397705
3.8223326206207275
3.3720734119415283
3.7557828426361084
3.6153926849365234
3.806032657623291
3.4252712726593018
3.7877087593078613
3.3961567878723145
3.766842842102051
3.824437141418457
3.4922876358032227
3.807161331176758
3.958531141281128
3.617238759994507
3.478696584701538
3.879398822784424
3.5120296478271484
3.7275590896606445
3.671144723892212
3.3245491981506348
3.5868046283721924
3.6236813068389893
3.6622812747955322
3.358503580093384
3.660008668899536
3.553529739379883
3.755225658416748
3.6864850521087646
3.488848924636841
3.701901912689209
3.8705718517303467
3.636815309524536
3.4211392402648926
3.823133945465088
3.4247374534606934
3.6275551319122314
3.7922773361206055
3.359102964401245
3.6823270320892334
3.905911922454834
3.990818500518799
3.5418314933776855
3.750523328781128
3.592900514602661
3.8221781253814697
3.8829267024993896
3.5525341033935547
3.751708507537842
3.793330192565918
3.6338109970092773
3.489321708679199
3.76635479927063
3.4068310260772705
3.7053725719451904
3.660257339477539
3.4575390815734863
3.801983594894409
3.7258687019348145
3.867370367050171
3.548069477081299
3.919846534729004
3.5521209239959717
