3.95621919631958
3.847162961959839
3.5685365200042725
3.8055765628814697
3.9451637268066406
3.516296863555908
3.9860124588012695
3.7325289249420166
3.5478241443634033
3.7880828380584717
3.8806166648864746
3.9977927207946777
3.5253772735595703
3.8969810009002686
3.5277886390686035
3.50787615776062
3.8164966106414795
3.5507419109344482
3.772578001022339
3.779689073562622
3.5919148921966553
3.892197370529175
3.925360918045044
3.9613146781921387
3.5163252353668213
3.9045777320861816
3.4322850704193115
3.8026344776153564
3.8139259815216064
3.5459470748901367
3.8381643295288086
3.9602997303009033
3.7200722694396973
3.4767487049102783
3.90561842918396
3.630350112915039
4.033293724060059
3.847978115081787
3.353175640106201
3.613806962966919
3.6981685161590576
3.8664345741271973
3.580763816833496
3.9669299125671387
3.556778907775879
3.9198760986328125
3.8536384105682373
3.6006643772125244
3.9371490478515625
3.953914165496826
3.5780277252197266
3.5738325119018555
3.9378890991210938
3.4997477531433105
3.7496118545532227
3.839989185333252
3.386791229248047
3.646085023880005
3.8601887226104736
3.9614686965942383
3.554605484008789
3.7209343910217285
3.524570941925049
3.83927583694458
3.901249408721924
3.469165086746216
3.926534414291382
3.8838932514190674
3.5567779541015625
3.6019489765167236
3.6874825954437256
3.852053165435791
3.5562450885772705
3.709590196609497
3.3840131759643555
3.663851261138916
3.8343424797058105
3.5650734901428223
3.784168004989624
3.7320382595062256
3.9440269470214844
3.504762649536133
3.9757304191589355
3.8951680660247803
3.7440714836120605
3.853433132171631
3.483461380004883
3.8430020809173584
3.866356611251831
3.453676223754883
3.8020026683807373
3.7766952514648438
3.848047971725464
3.4824044704437256
3.892392635345459
3.582853317260742
3.734710931777954
3.8647005558013916
3.5651283264160156
3.874255418777466
3.931074619293213
3.604963779449463
3.5156121253967285
3.908642292022705
3.645413398742676
3.8332109451293945
3.9577479362487793
3.622532606124878
3.831399917602539
3.906111001968384
4.03971266746521
3.8494062423706055
3.9148011207580566
3.4434268474578857
3.657271385192871
3.85949444770813
3.404252767562866
3.86981463432312
3.9351305961608887
3.629906415939331
3.629042625427246
4.0181121826171875
3.5461511611938477
4.05706000328064
3.83664870262146
3.5928776264190674
3.8263626098632812
3.789019823074341
3.9704205989837646
3.62774658203125
4.046970367431641
3.568187713623047
3.779876947402954
4.038419961929321
5.071610450744629
4.374258756637573
4.378127098083496
3.997558832168579
3.7268285751342773
3.9161930084228516
3.8729400634765625
3.4115242958068848
3.8070008754730225
3.4937593936920166
3.743854522705078
3.9013612270355225
3.3893845081329346
3.7821431159973145
3.762563705444336
3.875981569290161
3.455395221710205
3.9222819805145264
3.607491970062256
3.5334393978118896
3.846315383911133
3.587078332901001
3.784285068511963
3.8717966079711914
3.4307878017425537
3.6324286460876465
3.6493053436279297
3.7290940284729004
3.3772809505462646
3.6970200538635254
3.5965425968170166
4.012516498565674
3.868220329284668
3.5326292514801025
3.736912250518799
3.922166109085083
3.4911558628082275
3.4156789779663086
3.680795431137085
3.5417234897613525
3.7605364322662354
3.781256675720215
3.4913010597229004
3.7696895599365234
3.803293228149414
3.8479437828063965
3.5599164962768555
3.718165159225464
3.3681180477142334
3.681292772293091
3.8256099224090576
3.4449334144592285
3.916229486465454
4.016195058822632
3.536166191101074
3.355118989944458
3.706608533859253
3.3626482486724854
3.8860418796539307
4.011423110961914
3.5403473377227783
3.8818721771240234
3.857325553894043
3.9628512859344482
3.7402477264404297
4.1156415939331055
3.694226026535034
3.812307357788086
3.815559148788452
3.4578371047973633
3.840743064880371
3.8995935916900635
3.5560529232025146
3.5793344974517822
3.911592483520508
3.9512734413146973
3.530174970626831
3.7665183544158936
3.403109550476074
3.787477731704712
3.876556634902954
3.5989270210266113
3.89335036277771
3.9161338806152344
3.9025869369506836
3.4827568531036377
3.9074015617370605
3.553009033203125
3.547435998916626
3.8568713665008545
3.5008511543273926
3.7386531829833984
3.7507712841033936
3.457484245300293
3.6487231254577637
3.686166763305664
3.758164167404175
3.4000909328460693
3.744088888168335
3.407371997833252
