0.2376232147216797
0.012009620666503906
0.011997461318969727
0.010998725891113281
0.012547492980957031
0.011537551879882812
0.011997461318969727
0.011011123657226562
0.01202082633972168
0.011999130249023438
0.012007951736450195
0.013109683990478516
0.08787369728088379
0.08350920677185059
0.07200765609741211
0.012003898620605469
0.011529207229614258
0.011961221694946289
0.012002229690551758
0.01199960708618164
0.012012004852294922
0.012562751770019531
0.011009693145751953
0.012567281723022461
0.010995626449584961
0.012002944946289062
0.011033773422241211
0.01011800765991211
0.014013290405273438
0.012006282806396484
0.012009620666503906
0.011021137237548828
0.011002779006958008
0.012984514236450195
0.01200246810913086
0.01100301742553711
0.011002540588378906
0.013008356094360352
0.010982751846313477
0.012022256851196289
0.012001752853393555
0.010992288589477539
0.011614322662353516
0.013001203536987305
0.013037681579589844
0.010866165161132812
0.011020898818969727
0.011983156204223633
0.011991024017333984
0.012085199356079102
0.011994600296020508
0.011994361877441406
0.011017084121704102
0.012003660202026367
0.07505583763122559
0.010990619659423828
0.012017011642456055
0.011002540588378906
0.011008024215698242
0.012000083923339844
0.012006044387817383
0.011991262435913086
0.012003421783447266
0.014091730117797852
0.03902077674865723
0.011985063552856445
0.07554960250854492
0.012022256851196289
0.01164388656616211
0.01301121711730957
0.013004779815673828
0.011021137237548828
0.01199650764465332
0.012007713317871094
0.012004375457763672
0.01163935661315918
0.011992454528808594
0.012003421783447266
0.07742810249328613
0.010982036590576172
0.012027978897094727
0.012002229690551758
0.013012886047363281
0.011639833450317383
0.011803865432739258
0.011995553970336914
0.01099395751953125
0.012004375457763672
0.013010025024414062
0.01151585578918457
0.012551307678222656
0.08501911163330078
0.011999130249023438
0.08802080154418945
0.07562851905822754
0.012002944946289062
0.07500290870666504
0.012001991271972656
0.012006521224975586
0.0954277515411377
0.01118779182434082
0.012056589126586914
0.013002634048461914
0.013007402420043945
0.012001991271972656
0.01200103759765625
0.013041973114013672
0.010989665985107422
0.011595726013183594
0.011094808578491211
0.012001752853393555
0.012532472610473633
0.011508703231811523
0.011985063552856445
0.01287221908569336
0.010996341705322266
0.01298975944519043
0.012996435165405273
0.012004852294921875
0.011002779006958008
0.010988473892211914
0.011514663696289062
0.014001846313476562
0.01100778579711914
0.011002540588378906
0.012021541595458984
0.012001991271972656
0.012003183364868164
0.04900503158569336
0.013002395629882812
0.01199960708618164
0.01300668716430664
0.014002084732055664
0.013002395629882812
0.012041091918945312
0.012020587921142578
0.012998342514038086
0.01202249526977539
0.013005733489990234
0.013785600662231445
0.018512964248657227
0.012002706527709961
0.011996030807495117
0.011983394622802734
0.012002229690551758
0.011994600296020508
0.0120086669921875
0.011997699737548828
0.011983156204223633
0.010994911193847656
0.011471748352050781
0.012001991271972656
0.010993480682373047
0.011996269226074219
0.012002944946289062
0.010984182357788086
0.015004158020019531
0.012003898620605469
0.012002944946289062
0.012015819549560547
0.011998653411865234
0.012654304504394531
0.011995792388916016
0.011001110076904297
0.011006832122802734
0.011002540588378906
0.011996269226074219
0.012982845306396484
0.011014699935913086
0.010989665985107422
0.012015104293823242
0.01100778579711914
0.01200246810913086
0.011982917785644531
0.011008024215698242
0.012002229690551758
0.011008501052856445
0.012003183364868164
0.012982845306396484
0.01100921630859375
0.010994911193847656
0.011555671691894531
0.011011123657226562
0.012015819549560547
0.013425827026367188
0.011002302169799805
0.011994600296020508
0.011989831924438477
0.012989044189453125
0.012009143829345703
0.012001276016235352
0.01100301742553711
0.012990236282348633
0.012008190155029297
0.011996746063232422
0.013779878616333008
0.013002157211303711
0.013004064559936523
0.012012481689453125
0.011017322540283203
0.011983156204223633
0.011013031005859375
0.01398158073425293
0.014009475708007812
0.011002540588378906
0.013004064559936523
0.012003660202026367
0.012984752655029297
0.012003183364868164
0.013002395629882812
0.010989904403686523
0.013002872467041016
0.011996030807495117
0.011001348495483398
0.011998653411865234
0.011546611785888672
0.011991024017333984
0.01400446891784668
0.012007951736450195
0.012001991271972656
0.011021852493286133
0.012003660202026367
0.011997699737548828
0.011653661727905273
0.07502388954162598
0.011009931564331055
0.012010335922241211
0.012012958526611328
0.01199030876159668
0.010987520217895508
0.012003898620605469
0.014011859893798828
0.012003183364868164
