0.2266559600830078
0.010016679763793945
0.009007930755615234
0.010012626647949219
0.010408163070678711
0.01001119613647461
0.011986017227172852
0.009999990463256836
0.010030508041381836
0.08301067352294922
0.012991666793823242
0.010004281997680664
0.012004613876342773
0.010991096496582031
0.008990049362182617
0.011015653610229492
0.012229681015014648
0.010017156600952148
0.008994817733764648
0.01200246810913086
0.011118650436401367
0.011995077133178711
0.012249469757080078
0.01102304458618164
0.010997295379638672
0.012023687362670898
0.010009765625
0.013002872467041016
0.01200103759765625
0.012005090713500977
0.074005126953125
0.011017560958862305
0.013002395629882812
0.01200556755065918
0.014002323150634766
0.011994361877441406
0.012002229690551758
0.01100301742553711
0.010983943939208984
0.012035131454467773
0.01051187515258789
0.013002634048461914
0.014182567596435547
0.013887643814086914
0.012002706527709961
0.010989189147949219
0.010999679565429688
0.01200246810913086
0.010997295379638672
0.011990547180175781
0.012015104293823242
0.013016462326049805
0.010994195938110352
0.07702827453613281
0.010988950729370117
0.011997222900390625
0.01000213623046875
0.01000213623046875
0.011542797088623047
0.012004613876342773
0.012996673583984375
0.011011838912963867
0.012005329132080078
0.010994672775268555
0.011002779006958008
0.010002374649047852
0.009984016418457031
0.012003421783447266
0.01132822036743164
0.013003349304199219
0.010021448135375977
0.021004915237426758
0.012002229690551758
0.012004613876342773
0.01000213623046875
0.01298832893371582
0.010001182556152344
0.013060808181762695
0.012986421585083008
0.010002613067626953
0.01115274429321289
0.010225296020507812
0.011004209518432617
0.010017633438110352
0.010998010635375977
0.011995553970336914
0.012985706329345703
0.010002851486206055
0.010009288787841797
0.012002706527709961
0.010997533798217773
0.01677227020263672
0.010020971298217773
0.01000213623046875
0.010003089904785156
0.08222174644470215
0.012016534805297852
0.010999917984008789
0.011032342910766602
0.012003421783447266
0.012001276016235352
0.011001825332641602
0.011598587036132812
0.010002613067626953
0.012002229690551758
0.011007308959960938
0.010001897811889648
0.009983539581298828
0.01100301742553711
0.010001897811889648
0.010000228881835938
0.012002229690551758
0.009991884231567383
0.010016679763793945
0.009977102279663086
0.010010242462158203
0.01000666618347168
0.011002540588378906
0.01027536392211914
0.010016441345214844
0.012003660202026367
0.009233713150024414
0.009994268417358398
0.009003877639770508
0.009004592895507812
0.009995460510253906
0.009997129440307617
0.010004043579101562
0.009987831115722656
0.010019779205322266
0.010002374649047852
0.010004281997680664
0.009987592697143555
0.011002540588378906
0.011018037796020508
0.010014772415161133
0.013010263442993164
0.011010169982910156
0.009995698928833008
0.010000944137573242
0.010001897811889648
0.009113788604736328
0.011000633239746094
0.011002779006958008
0.011992216110229492
0.011013031005859375
0.010024785995483398
0.01098322868347168
0.01100468635559082
0.010003805160522461
0.012010335922241211
0.010039567947387695
0.01100468635559082
0.011007308959960938
0.012003421783447266
0.011003255844116211
0.011987686157226562
0.011002779006958008
0.012007474899291992
0.012003660202026367
0.011004447937011719
0.011001825332641602
0.010062217712402344
0.01000356674194336
0.012002706527709961
0.012551069259643555
0.012017011642456055
0.009994745254516602
0.0099945068359375
0.010002613067626953
0.011003255844116211
0.009016752243041992
0.010008811950683594
0.01000213623046875
0.010020971298217773
0.010988473892211914
0.010004997253417969
0.010073184967041016
0.010000944137573242
0.009935379028320312
0.012022018432617188
0.009994745254516602
0.011713981628417969
0.01000213623046875
0.010985136032104492
0.012002706527709961
0.009001731872558594
0.01100301742553711
0.012002706527709961
0.009990930557250977
0.009996891021728516
0.009985208511352539
0.011003494262695312
0.011014461517333984
0.010019779205322266
0.010007858276367188
0.010010242462158203
0.010001420974731445
0.012002944946289062
0.010002374649047852
0.01200413703918457
0.011015892028808594
0.012001991271972656
0.010009527206420898
0.011018514633178711
0.012004375457763672
0.01000523567199707
0.010001897811889648
0.014009475708007812
0.011997461318969727
0.01001596450805664
0.010009527206420898
0.01055288314819336
0.010000944137573242
0.011003494262695312
0.010002851486206055
0.010002851486206055
0.010002613067626953
0.012002229690551758
0.012001752853393555
0.01100301742553711
0.01056528091430664
0.010000944137573242
0.010019540786743164
0.010003089904785156
0.01299738883972168
0.009993553161621094
