0.2378997802734375
0.012020349502563477
0.01200246810913086
0.011006832122802734
0.0751502513885498
0.08002448081970215
0.08502602577209473
0.09763097763061523
0.012002706527709961
0.011027097702026367
0.012013673782348633
0.013004064559936523
0.012010574340820312
0.013544559478759766
0.012003660202026367
0.01600170135498047
0.014011859893798828
0.014006376266479492
0.012001991271972656
0.014002561569213867
0.013003110885620117
0.013005971908569336
0.01299595832824707
0.011982440948486328
0.013001680374145508
0.012008190155029297
0.013002872467041016
0.011013984680175781
0.012001991271972656
0.012648820877075195
0.01299142837524414
0.012003183364868164
0.011565446853637695
0.014084100723266602
0.013001441955566406
0.011997461318969727
0.013003349304199219
0.016004085540771484
0.012012004852294922
0.012002706527709961
0.01253819465637207
0.012988090515136719
0.013005495071411133
0.012017965316772461
0.012202262878417969
0.01199650764465332
0.014002084732055664
0.013003826141357422
0.012001991271972656
0.011993885040283203
0.011020898818969727
0.011001110076904297
0.012020111083984375
0.011983871459960938
0.012002944946289062
0.012009620666503906
0.01201319694519043
0.01200723648071289
0.012033462524414062
0.013001441955566406
0.012001514434814453
0.011998414993286133
0.011990070343017578
0.01200246810913086
0.012487411499023438
0.013014554977416992
0.014003276824951172
0.011008262634277344
0.012004613876342773
0.013004779815673828
0.012002944946289062
0.012961149215698242
0.014003276824951172
0.012003660202026367
0.08373427391052246
0.012003421783447266
0.012001514434814453
0.012002229690551758
0.011995315551757812
0.011996984481811523
0.01299595832824707
0.01200413703918457
0.012003898620605469
0.01299142837524414
0.01300048828125
0.013002872467041016
0.013001441955566406
0.013002634048461914
0.013005495071411133
0.011982917785644531
0.012009382247924805
0.01200413703918457
0.012792825698852539
0.011996269226074219
0.01200413703918457
0.012525558471679688
0.012439489364624023
0.012001276016235352
0.011995792388916016
0.012990713119506836
0.01199483871459961
0.012016773223876953
0.01200103759765625
0.01200103759765625
0.013001680374145508
0.013003349304199219
0.011009454727172852
0.012005090713500977
0.013003349304199219
0.011994600296020508
0.013005495071411133
0.011014699935913086
0.013016462326049805
0.011595010757446289
0.012000560760498047
0.013980865478515625
0.012002229690551758
0.012022972106933594
0.07741737365722656
0.013551950454711914
0.011012792587280273
0.011686563491821289
0.012004375457763672
0.012007713317871094
0.013002872467041016
0.012000799179077148
0.01293635368347168
0.011002779006958008
0.01199197769165039
0.012003183364868164
0.014003753662109375
0.012002229690551758
0.012983322143554688
0.010985136032104492
0.07633757591247559
0.014054536819458008
0.011995792388916016
0.07402276992797852
0.012990713119506836
0.012003898620605469
0.011017560958862305
0.012003421783447266
0.01400446891784668
0.010981321334838867
0.011008024215698242
0.01201176643371582
0.013005495071411133
0.012014627456665039
0.012005090713500977
0.011987686157226562
0.012001752853393555
0.010991811752319336
0.012010335922241211
0.013001441955566406
0.012014389038085938
0.011983871459960938
0.012023210525512695
0.010998249053955078
0.010997533798217773
0.011995792388916016
0.011693239212036133
0.014087677001953125
0.012000322341918945
0.012022256851196289
0.012004375457763672
0.01200246810913086
0.01200246810913086
0.012007951736450195
0.012180089950561523
0.011988639831542969
0.012011051177978516
0.013002872467041016
0.013001441955566406
0.013002872467041016
0.01200246810913086
0.013004541397094727
0.01217031478881836
0.012003660202026367
0.011996269226074219
0.012511014938354492
0.013003110885620117
0.012003183364868164
0.011998891830444336
0.011013507843017578
0.012003421783447266
0.012033224105834961
0.01298975944519043
0.012561559677124023
0.010987997055053711
0.011988639831542969
0.01100015640258789
0.012023210525512695
0.012001276016235352
0.011994361877441406
0.012002706527709961
0.011011362075805664
0.01201486587524414
0.012994766235351562
0.01199960708618164
0.012002944946289062
0.012004375457763672
0.012001991271972656
0.013004064559936523
0.013003826141357422
0.012003660202026367
0.01300358772277832
0.012994050979614258
0.011996746063232422
0.012347698211669922
0.012057304382324219
0.011995077133178711
0.012000083923339844
0.01198434829711914
0.012534379959106445
0.012003421783447266
0.012003898620605469
0.01100778579711914
0.011988162994384766
0.012001276016235352
0.012001991271972656
0.016004323959350586
0.01199483871459961
0.012526273727416992
0.011996030807495117
0.012978792190551758
0.013013362884521484
0.012007951736450195
0.012004375457763672
0.013002872467041016
0.011680364608764648
0.01200246810913086
0.013998270034790039
0.012000322341918945
0.0146331787109375
0.013002395629882812
0.012002944946289062
0.012005090713500977
