3.7505741119384766
3.5371806621551514
3.757106065750122
3.6369211673736572
3.893735647201538
3.6430160999298096
3.904146671295166
3.8876655101776123
3.620081901550293
3.8001739978790283
3.8190081119537354
3.717865467071533
3.8403501510620117
3.8237719535827637
3.654151201248169
3.8400421142578125
3.845290184020996
3.6881656646728516
3.8719730377197266
3.763157606124878
3.8800017833709717
3.8999993801116943
3.6756691932678223
3.8922319412231445
3.838949203491211
3.6672728061676025
3.841066598892212
3.9524013996124268
3.7951786518096924
3.8657946586608887
3.670182704925537
3.844501256942749
3.8879342079162598
3.675426483154297
3.8145952224731445
3.8730075359344482
3.7260406017303467
3.8831324577331543
3.977083683013916
3.781146287918091
3.95820689201355
3.73506760597229
3.961266040802002
3.9768452644348145
3.738584280014038
3.947417974472046
3.9637930393218994
3.7138826847076416
3.878821611404419
3.7576706409454346
3.7705140113830566
3.946152925491333
3.640066146850586
3.8438799381256104
3.9037997722625732
3.668308973312378
3.806626558303833
3.9657084941864014
3.742783308029175
3.976416826248169
3.8834340572357178
3.8152077198028564
3.862215280532837
3.577878713607788
3.914371967315674
3.9311861991882324
3.615556478500366
4.048042297363281
4.0282275676727295
3.635624647140503
3.9148428440093994
4.070208549499512
4.02540922164917
4.133184909820557
3.649925470352173
3.9020416736602783
3.9155139923095703
3.708017587661743
3.9063467979431152
3.974396228790283
3.7431907653808594
4.171195030212402
3.8313984870910645
4.009812831878662
3.9508795738220215
3.621150255203247
3.861757755279541
3.879795789718628
3.678611993789673
3.8747270107269287
3.9951553344726562
3.831102132797241
3.984745979309082
4.060611963272095
3.7948973178863525
3.8237805366516113
3.695634126663208
3.933030605316162
3.960623025894165
3.6980385780334473
4.019895553588867
4.067273139953613
3.7186546325683594
3.965557813644409
3.8788223266601562
3.814786195755005
3.9261693954467773
3.685621976852417
3.9017903804779053
3.8790524005889893
4.204515218734741
4.294922828674316
4.342788457870483
3.9092226028442383
3.954822540283203
3.907294511795044
3.803236961364746
3.958780288696289
3.6676032543182373
4.00278115272522
4.055021286010742
3.647090196609497
3.9025912284851074
3.9002530574798584
3.6000473499298096
3.9603958129882812
3.999910593032837
3.7011070251464844
3.8182337284088135
3.5670735836029053
3.7905197143554688
3.8391265869140625
3.610743522644043
3.8293776512145996
3.8221349716186523
3.716190814971924
3.9460270404815674
3.779417037963867
3.7522220611572266
3.836578130722046
3.6142773628234863
3.887566328048706
4.0367748737335205
3.6500301361083984
3.823975086212158
3.8041398525238037
3.6316025257110596
3.8664631843566895
3.7866830825805664
3.7389330863952637
3.8990540504455566
3.816697120666504
3.838265895843506
3.941392660140991
3.7080445289611816
4.0622947216033936
3.8959784507751465
3.628777027130127
3.810966730117798
3.866943120956421
3.690775156021118
3.90503191947937
3.611605405807495
3.8127830028533936
3.9883601665496826
3.809458017349243
3.9296514987945557
3.8494019508361816
3.6585841178894043
3.89543080329895
3.891113042831421
3.908730983734131
3.986292839050293
3.628955602645874
3.921241044998169
3.9005210399627686
3.5803260803222656
3.8030126094818115
3.8607335090637207
3.7741074562072754
3.9132046699523926
3.803562879562378
3.7089004516601562
3.854609727859497
3.6271612644195557
3.813833713531494
3.927197217941284
3.847146511077881
4.0209877490997314
3.997446298599243
3.695859432220459
4.01468300819397
3.8803915977478027
3.7549469470977783
4.013181209564209
3.7417078018188477
4.035030126571655
4.021901607513428
3.729060411453247
4.0297064781188965
3.9829764366149902
3.832606554031372
3.994518518447876
3.982022285461426
3.9764537811279297
3.965223550796509
3.6704623699188232
3.9660704135894775
3.9990601539611816
3.603240728378296
3.816988468170166
3.972670793533325
3.7431769371032715
4.05723762512207
3.995387315750122
3.9095559120178223
3.9920597076416016
3.9580183029174805
4.211708307266235
4.226869583129883
3.8958523273468018
4.1802449226379395
3.8608107566833496
3.668524742126465
3.8767247200012207
3.921506881713867
3.9894890785217285
