0.2446117401123047
0.010014533996582031
0.010001659393310547
0.011000633239746094
0.010010004043579102
0.011001825332641602
0.011002779006958008
0.01100301742553711
0.011000871658325195
0.0890202522277832
0.014003276824951172
0.011001110076904297
0.013003110885620117
0.01101374626159668
0.010002613067626953
0.011997699737548828
0.010996341705322266
0.011021614074707031
0.00999307632446289
0.011003255844116211
0.011566877365112305
0.010016679763793945
0.011001825332641602
0.012003183364868164
0.012987852096557617
0.01201486587524414
0.011995315551757812
0.013002395629882812
0.012003898620605469
0.014004945755004883
0.012552022933959961
0.08410358428955078
0.012001752853393555
0.010014772415161133
0.011009454727172852
0.014003992080688477
0.010991334915161133
0.011014461517333984
0.012008428573608398
0.011996030807495117
0.012003183364868164
0.011983394622802734
0.012014150619506836
0.012005329132080078
0.01200246810913086
0.013007879257202148
0.01300191879272461
0.011022090911865234
0.013643503189086914
0.012004852294921875
0.011011123657226562
0.013000965118408203
0.010002613067626953
0.01329946517944336
0.010533809661865234
0.010581016540527344
0.01199960708618164
0.012022256851196289
0.01198720932006836
0.013002634048461914
0.011999845504760742
0.05600619316101074
0.011021614074707031
0.011014461517333984
0.013002157211303711
0.011002540588378906
0.013016700744628906
0.01000213623046875
0.010004281997680664
0.010002374649047852
0.01200246810913086
0.011003971099853516
0.011990547180175781
0.012007951736450195
0.010995626449584961
0.009982585906982422
0.010144948959350586
0.01001429557800293
0.012002944946289062
0.012004613876342773
0.011997222900390625
0.012002229690551758
0.013002157211303711
0.012001514434814453
0.011540412902832031
0.012001752853393555
0.01301121711730957
0.012009620666503906
0.012152671813964844
0.012016534805297852
0.010002851486206055
0.012991905212402344
0.011002540588378906
0.012008190155029297
0.015607357025146484
0.01198267936706543
0.012010812759399414
0.012000560760498047
0.012002706527709961
0.010484933853149414
0.011002779006958008
0.012000322341918945
0.011984109878540039
0.012992382049560547
0.013003826141357422
0.010996341705322266
0.010983467102050781
0.012004375457763672
0.01201009750366211
0.010007143020629883
0.011001825332641602
0.009934186935424805
0.08701133728027344
0.013022184371948242
0.010006189346313477
0.01002192497253418
0.010961055755615234
0.011573076248168945
0.01000213623046875
0.012015581130981445
0.010022163391113281
0.018605709075927734
0.010004281997680664
0.011001348495483398
0.011002063751220703
0.010998249053955078
0.010999679565429688
0.014022588729858398
0.009988069534301758
0.011983871459960938
0.01100301742553711
0.010014772415161133
0.010998964309692383
0.010992050170898438
0.015003442764282227
0.013409614562988281
0.010910272598266602
0.01100301742553711
0.011040210723876953
0.01101374626159668
0.010013341903686523
0.010003805160522461
0.01155543327331543
0.010004043579101562
0.012014627456665039
0.01151585578918457
0.01000213623046875
0.009997844696044922
0.012001276016235352
0.010628938674926758
0.010000467300415039
0.010514974594116211
0.01000356674194336
0.01073145866394043
0.01898980140686035
0.011005878448486328
0.011000633239746094
0.011372089385986328
0.010871410369873047
0.04939913749694824
0.010985374450683594
0.010998249053955078
0.011020421981811523
0.010002374649047852
0.01000213623046875
0.013991594314575195
0.01200246810913086
0.010515689849853516
0.011615276336669922
0.011005401611328125
0.010983705520629883
0.010259151458740234
0.010996341705322266
0.009982585906982422
0.011000871658325195
0.011002302169799805
0.011995077133178711
0.011011123657226562
0.011996746063232422
0.012013912200927734
0.010001420974731445
0.012003183364868164
0.011946678161621094
0.010066986083984375
0.01738572120666504
0.011003971099853516
0.010000467300415039
0.010002613067626953
0.010003805160522461
0.010987043380737305
0.01000523567199707
0.010419607162475586
0.011002063751220703
0.011001825332641602
0.011002540588378906
0.011000633239746094
0.011994600296020508
0.012009382247924805
0.010479450225830078
0.009508609771728516
0.01244807243347168
0.010004043579101562
0.009989023208618164
0.010987997055053711
0.011001348495483398
0.014002323150634766
0.00998234748840332
0.013002872467041016
0.01000213623046875
0.010016441345214844
0.01155233383178711
0.012014389038085938
0.011017322540283203
0.011509180068969727
0.011988639831542969
0.010982751846313477
0.012053728103637695
0.013002872467041016
0.013004064559936523
0.08461117744445801
0.010987281799316406
0.012000560760498047
0.011002540588378906
0.010012149810791016
0.011013984680175781
0.014010190963745117
0.011007547378540039
0.010002374649047852
0.011008739471435547
0.013002634048461914
0.011017560958862305
0.07940912246704102
0.012002706527709961
0.009994983673095703
