11.333889245986938
11.508179426193237
10.53495979309082
10.812777280807495
13.266580820083618
9.411623239517212
12.86674976348877
9.44032883644104
11.72711992263794
11.45152735710144
11.315949201583862
11.364015102386475
9.656594038009644
13.203712940216064
7.169852256774902
9.77851915359497
8.835118770599365
9.801843881607056
11.450520992279053
6.116803407669067
12.090709924697876
10.083034753799438
9.49229097366333
11.319379806518555
7.138441801071167
13.636058807373047
7.573085069656372
7.862851858139038
11.090582847595215
8.811583042144775
10.99060344696045
11.402191400527954
14.3059823513031
6.582547426223755
10.891413927078247
7.1314051151275635
12.637893438339233
7.525749683380127
9.865293264389038
10.495749711990356
9.359496355056763
12.965529680252075
8.406850814819336
7.878390312194824
13.398551225662231
8.841022491455078
7.71527099609375
5.784945964813232
6.229083061218262
6.08865761756897
5.821338653564453
5.911360502243042
5.5580222606658936
5.808184385299683
6.10246729850769
5.820860385894775
5.9578235149383545
6.1677703857421875
6.09306788444519
6.087100982666016
5.798667907714844
6.005207061767578
6.093035936355591
6.490302324295044
6.036248445510864
5.948760509490967
6.195478200912476
5.866152286529541
5.974074363708496
6.413384914398193
6.211889028549194
6.075610637664795
6.149218559265137
6.0638039112091064
6.199101686477661
5.916356563568115
6.101011037826538
5.753433704376221
6.204927444458008
5.964909076690674
5.544893264770508
6.355432987213135
5.66376519203186
5.879614353179932
6.067979574203491
6.0601770877838135
6.079273223876953
6.0978288650512695
6.0603344440460205
6.249319791793823
5.809725761413574
6.243579626083374
5.872129917144775
6.284997463226318
6.405332088470459
6.172043561935425
6.438047885894775
5.688259124755859
6.060662269592285
6.305718183517456
5.778173446655273
6.121827125549316
6.393051862716675
6.59454083442688
6.3455469608306885
6.072071313858032
6.402539491653442
6.925483226776123
6.895427942276001
6.489589214324951
6.028332233428955
6.989978790283203
5.790406227111816
6.703514099121094
6.697880744934082
6.292547702789307
