13.376556873321533
9.164198398590088
14.815155506134033
9.783655881881714
14.123322486877441
10.043256521224976
14.23438572883606
10.921725273132324
14.137807846069336
10.254564046859741
13.626326084136963
8.124058246612549
13.140344858169556
9.027302026748657
13.326825141906738
8.849661111831665
12.042948961257935
9.63193941116333
12.169284343719482
9.973849058151245
11.833762645721436
13.1298508644104
6.980178594589233
12.207607984542847
11.823375701904297
9.358210325241089
12.817283868789673
8.758386135101318
7.025315046310425
7.4090189933776855
7.600996255874634
7.346721649169922
7.9716386795043945
7.250848293304443
7.32411003112793
7.881202697753906
7.518709182739258
7.8685221672058105
8.063315629959106
8.267014265060425
7.939104795455933
8.145890712738037
7.849114418029785
7.862799882888794
7.846430540084839
7.787058115005493
7.59806489944458
8.137304306030273
6.875380516052246
7.531001329421997
8.259047269821167
7.980472564697266
8.31874966621399
8.875863075256348
8.185384273529053
9.224502801895142
8.460236310958862
9.446590185165405
8.516559362411499
8.722887516021729
10.023598670959473
7.866808652877808
9.621042251586914
9.813485145568848
8.900726318359375
9.09692120552063
9.775789499282837
9.515242338180542
10.144403457641602
9.950508117675781
9.578464269638062
8.937237024307251
10.164016962051392
9.819400072097778
10.131827354431152
10.229301929473877
8.405843257904053
10.220505952835083
9.338443994522095
9.852370977401733
10.913543462753296
10.68366527557373
9.543917894363403
9.203919410705566
10.898703813552856
10.284603118896484
8.270658254623413
10.83908224105835
10.782385110855103
9.59056043624878
10.581275224685669
11.675784826278687
9.991601705551147
11.719740152359009
