6.184481143951416
5.796461343765259
6.008151292800903
5.954538822174072
5.943509101867676
5.912335157394409
6.310887575149536
5.951091766357422
6.40507435798645
5.8564019203186035
6.108527183532715
6.554764270782471
6.127649307250977
6.300154685974121
7.061176776885986
6.5740203857421875
6.678124666213989
6.421990871429443
7.0828468799591064
6.818692684173584
7.0908918380737305
7.029761791229248
6.988769769668579
7.660872936248779
7.226754188537598
7.382736444473267
7.684750080108643
7.5060906410217285
7.390313148498535
7.643608808517456
7.284567356109619
8.082321643829346
7.161624431610107
7.766132116317749
7.095188140869141
7.351349115371704
7.808634519577026
7.616899013519287
8.436080694198608
7.734600782394409
8.275183200836182
8.435885190963745
8.56919240951538
7.754549980163574
9.043407678604126
8.460407972335815
8.930497646331787
8.378584623336792
8.713123321533203
8.262902975082397
8.696705341339111
8.460862874984741
8.658769607543945
8.576858520507812
8.618149280548096
8.129135608673096
9.01716685295105
8.690710306167603
8.754339456558228
8.548046112060547
7.617321252822876
8.939984321594238
8.274165868759155
8.897062540054321
8.666141748428345
9.21923542022705
10.860991477966309
10.101666927337646
8.596154928207397
10.717602252960205
11.861748695373535
9.436903715133667
9.479852437973022
10.166786193847656
9.35715389251709
9.996459245681763
12.083745002746582
10.448129892349243
11.368940114974976
10.704363107681274
11.12672472000122
9.942886352539062
9.633960247039795
13.960684299468994
9.632984161376953
11.967442512512207
10.203775882720947
11.383929967880249
10.860432386398315
11.731839418411255
10.757562160491943
11.150019407272339
12.122866153717041
12.076599836349487
13.200730800628662
11.22376012802124
