6.841257810592651
6.529999732971191
6.335864782333374
6.157121658325195
6.502256870269775
6.1988866329193115
6.549099445343018
6.218040704727173
6.234698057174683
6.3244853019714355
6.744900226593018
6.804224729537964
7.862253189086914
7.0337605476379395
7.043283224105835
7.289993047714233
6.226062297821045
6.732209920883179
5.9048171043396
6.360966920852661
5.706653594970703
6.271706581115723
6.263101100921631
5.971004009246826
6.639710903167725
6.365655183792114
6.537927865982056
6.001279592514038
6.675749063491821
6.726213216781616
6.722967147827148
6.150974273681641
6.183253288269043
6.363566875457764
6.932121753692627
6.115013599395752
7.237819194793701
6.459677457809448
6.4651734828948975
6.994186639785767
6.667622327804565
6.8607237339019775
6.744783878326416
6.934218645095825
7.089977741241455
7.691633224487305
6.967339754104614
6.434893846511841
5.975316762924194
6.6759607791900635
6.9951300621032715
6.800618410110474
6.685988187789917
6.629446983337402
6.766740083694458
7.299551248550415
7.29094386100769
6.995650291442871
6.826920032501221
7.880744457244873
7.265673637390137
7.1498353481292725
8.254700422286987
7.068400144577026
7.7594099044799805
7.508948564529419
7.54698371887207
7.002386093139648
7.575329065322876
7.790891170501709
7.341585397720337
8.073734760284424
6.895222425460815
7.594048738479614
7.629852294921875
7.614785671234131
7.917583465576172
7.451927423477173
8.048437118530273
8.082568645477295
7.717083930969238
7.579394578933716
8.267977714538574
7.683094501495361
7.993091821670532
7.295535564422607
8.567966222763062
8.069036722183228
8.106216192245483
9.368024826049805
8.447778940200806
8.883163213729858
9.342787742614746
8.631207466125488
9.361576318740845
6.879259347915649
10.347480773925781
8.417668581008911
10.0961332321167
10.155192136764526
7.010822057723999
10.60240650177002
7.456796169281006
9.885392189025879
8.908080101013184
8.341158151626587
9.57239818572998
10.552395820617676
7.551406145095825
9.45009970664978
9.640873432159424
8.481353044509888
11.069499492645264
7.122908115386963
12.75171160697937
7.376464128494263
13.095290184020996
6.192644357681274
12.012697458267212
6.771618604660034
