0.0005402565002441406
0.0019969940185546875
0.0020034313201904297
0.002009153366088867
0.0009877681732177734
0.0010018348693847656
0.000997781753540039
0.0009996891021728516
0.0035331249237060547
0.0010013580322265625
0.0010006427764892578
0.0012409687042236328
0.0010020732879638672
0.0017745494842529297
0.0010018348693847656
0.0020008087158203125
0.0005078315734863281
0.001998424530029297
0.0009999275207519531
0.001001119613647461
0.0020058155059814453
0.0020012855529785156
0.0020837783813476562
0.0019905567169189453
0.0020003318786621094
0.0020029544830322266
0.0010006427764892578
0.003000020980834961
0.0029997825622558594
0.00400090217590332
0.0030050277709960938
0.002001047134399414
0.004001617431640625
0.001001596450805664
0.004999637603759766
0.002641916275024414
0.00700068473815918
0.0029954910278320312
0.0019981861114501953
0.0010132789611816406
0.0030012130737304688
0.005989789962768555
0.0030007362365722656
0.0019986629486083984
0.0020020008087158203
0.002003908157348633
0.003995418548583984
0.0019986629486083984
0.0019981861114501953
0.002003908157348633
0.002995729446411133
0.003999471664428711
0.0009915828704833984
0.0010037422180175781
0.0009942054748535156
0.002003192901611328
0.0020079612731933594
0.0030012130737304688
0.0009999275207519531
0.002007722854614258
0.001993417739868164
0.004015922546386719
0.0030014514923095703
0.002991914749145508
0.0009968280792236328
0.002001047134399414
0.001999378204345703
0.0027213096618652344
0.0020008087158203125
0.0019989013671875
0.003000020980834961
0.002999544143676758
0.0029816627502441406
0.004000425338745117
0.004002809524536133
0.004004001617431641
0.0019915103912353516
0.0029947757720947266
0.005002021789550781
0.003995418548583984
0.0029888153076171875
0.003000974655151367
0.0030002593994140625
0.003987550735473633
0.005001544952392578
0.003000974655151367
0.0020062923431396484
0.002007007598876953
0.0030002593994140625
0.0019989013671875
0.00399327278137207
0.004002571105957031
0.0009996891021728516
0.004001617431640625
0.003001689910888672
0.0050013065338134766
0.0039882659912109375
0.0040018558502197266
0.004000663757324219
0.0030069351196289062
0.0029985904693603516
0.005353689193725586
0.00400090217590332
0.004000663757324219
0.003986835479736328
0.0029985904693603516
0.003000497817993164
0.005001544952392578
0.004034996032714844
0.003999948501586914
0.005001068115234375
0.005001544952392578
0.0044863224029541016
0.003996133804321289
0.00500178337097168
0.00400853157043457
