0.0009980201721191406
0.001003265380859375
0.0020036697387695312
0.0009970664978027344
0.0019981861114501953
0.15864300727844238
0.012006044387817383
0.00700831413269043
0.07953977584838867
0.1596379280090332
0.005001068115234375
0.08829331398010254
0.003998994827270508
0.0260009765625
0.009001731872558594
0.06101059913635254
0.05500364303588867
0.003999471664428711
0.03300833702087402
0.004003286361694336
0.03000497817993164
0.004310131072998047
0.008021831512451172
0.007000446319580078
0.0054013729095458984
0.010206460952758789
0.028007984161376953
0.003996849060058594
0.004001140594482422
0.0039904117584228516
0.0070037841796875
0.003999233245849609
0.0050013065338134766
0.0030066967010498047
0.0030012130737304688
0.005001544952392578
0.0050013065338134766
0.005008220672607422
0.006006956100463867
0.0029997825622558594
0.00299835205078125
0.02654576301574707
0.004004716873168945
0.004002809524536133
0.04200482368469238
0.0057446956634521484
0.028009653091430664
0.00499725341796875
0.010998964309692383
0.005002021789550781
0.005005836486816406
0.005003929138183594
0.06527900695800781
0.008002996444702148
0.0039997100830078125
0.037631988525390625
0.007002592086791992
0.004999399185180664
0.012998342514038086
0.005000591278076172
0.007999181747436523
0.008073091506958008
0.010004520416259766
0.04316425323486328
0.007998228073120117
0.004998445510864258
0.0060007572174072266
0.00500178337097168
0.010007858276367188
0.006005764007568359
0.003994464874267578
0.005999326705932617
0.013000726699829102
0.00800323486328125
0.007001161575317383
0.06601500511169434
0.04001188278198242
0.16720914840698242
0.010001659393310547
0.010003089904785156
0.005002737045288086
0.005003213882446289
0.01499795913696289
0.011003971099853516
0.006003141403198242
0.013000965118408203
0.035010337829589844
0.010004997253417969
0.012009859085083008
0.010000944137573242
0.006000995635986328
0.012004852294921875
0.007529735565185547
0.024003267288208008
