0.0
0.0
0.0009987354278564453
0.0
0.0010008811950683594
0.0009996891021728516
0.0019919872283935547
0.003000974655151367
0.003003358840942383
0.003002643585205078
0.0030002593994140625
0.003010272979736328
0.0029973983764648438
0.0029990673065185547
0.0030028820037841797
0.0019936561584472656
0.004001617431640625
0.026390552520751953
0.004012107849121094
0.003000497817993164
0.00400090217590332
0.0030007362365722656
0.0039937496185302734
0.003993988037109375
0.0030024051666259766
0.0040013790130615234
0.005002737045288086
0.003992557525634766
0.004605531692504883
0.004370927810668945
0.002980470657348633
0.004994630813598633
0.0030019283294677734
0.004990339279174805
0.008005857467651367
0.004001140594482422
0.004012107849121094
0.0030024051666259766
0.003998756408691406
0.0060007572174072266
0.0030002593994140625
0.004998922348022461
0.0040013790130615234
0.002999544143676758
0.003984212875366211
0.0059909820556640625
0.0039865970611572266
0.003986358642578125
0.004002809524536133
0.004999637603759766
0.004001140594482422
0.004002094268798828
0.003999471664428711
0.004528999328613281
0.005059003829956055
0.00500178337097168
0.005010128021240234
0.008003473281860352
0.003996849060058594
0.0059986114501953125
0.005013227462768555
0.007002353668212891
0.006003618240356445
0.03000497817993164
0.006994485855102539
0.010007381439208984
0.004994392395019531
0.006002902984619141
0.006000995635986328
0.05396461486816406
0.0060040950775146484
0.006002664566040039
0.004987955093383789
0.010817289352416992
0.011770486831665039
0.005987644195556641
0.007002353668212891
0.00599980354309082
0.006994485855102539
0.006840229034423828
0.008002281188964844
0.015006303787231445
0.008002519607543945
0.01600050926208496
0.009996652603149414
0.012001991271972656
0.007520914077758789
0.008002996444702148
0.009999275207519531
0.021236896514892578
0.01000213623046875
0.006005287170410156
0.00700068473815918
0.006005525588989258
0.013005971908569336
0.02600693702697754
0.007002115249633789
0.022003889083862305
0.008003473281860352
0.009015083312988281
0.011001348495483398
0.008002281188964844
0.051011085510253906
0.005987882614135742
0.012995481491088867
0.011023521423339844
0.007001399993896484
0.009001016616821289
0.012018918991088867
0.01200723648071289
0.013535022735595703
0.008002758026123047
0.010001182556152344
0.00999903678894043
0.006998300552368164
0.011998891830444336
0.008995294570922852
0.008000850677490234
0.010007381439208984
0.007985830307006836
