0.001001119613647461
0.0010647773742675781
0.0009927749633789062
0.001009225845336914
0.0009999275207519531
0.0009853839874267578
0.0009963512420654297
0.0009965896606445312
0.0009999275207519531
0.0009987354278564453
0.0009996891021728516
0.002000570297241211
0.0009932518005371094
0.0010027885437011719
0.00099945068359375
0.00099945068359375
0.0009989738464355469
0.0009987354278564453
0.0009984970092773438
0.0030012130737304688
0.001987934112548828
0.001999378204345703
0.0010018348693847656
0.011002063751220703
0.011004209518432617
0.0010004043579101562
0.002002716064453125
0.004004955291748047
0.014000177383422852
0.029004335403442383
0.003987789154052734
0.059148311614990234
0.005002498626708984
0.0019965171813964844
0.0029845237731933594
0.0030012130737304688
0.0020003318786621094
0.002001523971557617
0.002004384994506836
0.002003908157348633
0.0020020008087158203
0.0020008087158203125
0.0010027885437011719
0.003002166748046875
0.001992940902709961
0.0060007572174072266
0.001997709274291992
0.003000020980834961
0.0030014514923095703
0.006002902984619141
0.001998424530029297
0.001001119613647461
0.0019981861114501953
0.002516031265258789
0.0020008087158203125
0.0009984970092773438
0.0020024776458740234
0.0010013580322265625
0.002999544143676758
0.0020923614501953125
0.0030031204223632812
0.00900411605834961
0.002000093460083008
0.002998828887939453
0.004004716873168945
0.003985404968261719
0.008002042770385742
0.10864090919494629
0.17111659049987793
0.003000020980834961
0.0030012130737304688
0.0029990673065185547
0.0019989013671875
0.0019996166229248047
0.004002809524536133
0.003002643585205078
0.0019996166229248047
0.0030007362365722656
0.0009996891021728516
0.0030062198638916016
0.0019986629486083984
0.0040018558502197266
0.0037322044372558594
0.002001523971557617
0.004000425338745117
0.004006147384643555
0.0070073604583740234
0.0020046234130859375
0.003997802734375
0.0019996166229248047
0.00400090217590332
0.004001140594482422
0.003999471664428711
0.0030028820037841797
0.0040018558502197266
0.004003286361694336
