0.45221900939941406
0.03500962257385254
0.079681396484375
0.0595395565032959
0.019002914428710938
0.4150066375732422
0.04601001739501953
0.022004127502441406
0.5109925270080566
0.13353967666625977
0.04669022560119629
0.02700638771057129
0.10812997817993164
0.3691678047180176
0.016138792037963867
0.03701138496398926
0.03500843048095703
0.34609341621398926
0.028007030487060547
0.016762733459472656
0.033010005950927734
0.08956575393676758
0.26868605613708496
0.11322999000549316
0.3541693687438965
0.44834184646606445
0.02001166343688965
0.07228994369506836
0.017002105712890625
0.028290987014770508
0.025000572204589844
0.041235923767089844
0.1399517059326172
0.02799391746520996
0.03701210021972656
0.015010356903076172
0.05158662796020508
0.014003515243530273
0.03810453414916992
0.09403562545776367
0.031007766723632812
0.0357973575592041
0.015011787414550781
0.043003082275390625
0.33855342864990234
0.10401368141174316
0.08254742622375488
0.017002105712890625
0.10179615020751953
0.10958361625671387
0.1000211238861084
0.018008947372436523
0.015305280685424805
0.09766697883605957
0.09662938117980957
0.1013174057006836
0.09470319747924805
0.01600360870361328
0.09946131706237793
0.09757852554321289
0.1235499382019043
0.09403443336486816
0.02100348472595215
0.10385799407958984
0.02199554443359375
0.10499358177185059
0.0850532054901123
0.021023035049438477
0.01956653594970703
0.10907936096191406
0.10757637023925781
0.1072084903717041
0.10767555236816406
0.0974130630493164
0.12118101119995117
0.09602117538452148
0.09801626205444336
0.020175457000732422
0.023006439208984375
0.08808708190917969
0.012923955917358398
0.01700758934020996
0.019014596939086914
0.013004302978515625
0.01801919937133789
0.013012409210205078
0.10413551330566406
0.016019821166992188
0.017003297805786133
0.10330915451049805
0.08902668952941895
0.09767985343933105
0.02002549171447754
0.015003681182861328
0.09303975105285645
0.02335381507873535
0.0210113525390625
0.01501321792602539
0.09054756164550781
0.01756763458251953
0.011174678802490234
0.015003204345703125
0.11360764503479004
0.021005630493164062
0.09136319160461426
0.020004749298095703
0.021004438400268555
0.022542715072631836
0.021007537841796875
0.13969159126281738
0.10721397399902344
0.12056279182434082
0.018988370895385742
0.11015844345092773
0.013003349304199219
0.016004085540771484
