6.139058828353882
6.411977529525757
6.215751886367798
6.039479494094849
6.37571120262146
6.088303565979004
6.438459157943726
6.090763568878174
6.110668182373047
6.212456226348877
6.627887487411499
6.6842076778411865
7.702219486236572
6.904881238937378
6.90900993347168
7.163816452026367
6.096397876739502
6.583156108856201
5.774775981903076
6.232717990875244
5.580052852630615
6.144144773483276
6.14943790435791
5.858425140380859
6.5166144371032715
6.251946210861206
6.4175355434417725
5.878153085708618
6.5510029792785645
6.590383529663086
6.610394716262817
6.033794641494751
6.074688673019409
6.218296766281128
6.727016925811768
5.9864342212677
7.0878636837005615
6.3344104290008545
6.350677013397217
6.817284822463989
6.526476621627808
6.73834228515625
6.624746799468994
6.790642738342285
6.960877895355225
7.462378025054932
6.841771841049194
6.314974546432495
5.858635187149048
6.555931091308594
6.856165170669556
6.6849141120910645
6.499815225601196
6.502011775970459
6.6438868045806885
7.173949718475342
7.158292055130005
6.789006233215332
6.689907550811768
7.756626844406128
7.143983602523804
6.9525792598724365
8.12961459159851
6.829785346984863
7.53184175491333
7.358266353607178
7.41762900352478
6.8622729778289795
7.438441753387451
7.550717115402222
7.2101149559021
7.940634727478027
6.771541595458984
7.354863405227661
7.400222539901733
7.494471549987793
7.777465581893921
7.32932448387146
7.918268918991089
7.963991641998291
7.551306486129761
7.388327598571777
8.093713521957397
7.455045223236084
7.758821487426758
7.053109407424927
8.426132678985596
7.931674480438232
7.969943284988403
9.147074699401855
8.22291612625122
8.741463661193848
9.21617841720581
8.502620697021484
9.105952978134155
6.6700685024261475
10.199405431747437
8.182530641555786
9.96353554725647
9.975541114807129
6.760844707489014
10.463757276535034
7.107787609100342
9.754793643951416
8.667028188705444
8.080005407333374
9.446370601654053
10.391797065734863
7.295164108276367
9.321170091629028
9.381942749023438
8.336614608764648
10.911280870437622
6.955742120742798
12.618599891662598
7.164423227310181
12.935425996780396
6.060011625289917
11.833426713943481
6.655433416366577
