5.696230173110962
5.687379837036133
5.8990638256073
5.83959698677063
5.747129201889038
5.695052146911621
6.081800699234009
5.848140716552734
6.175245523452759
5.7338011264801025
5.91944694519043
6.352777719497681
6.003608226776123
6.168012380599976
6.905390501022339
6.459213972091675
6.563239574432373
6.2989020347595215
6.838456153869629
6.55267596244812
6.964301109313965
6.8001792430877686
6.768810033798218
7.325479030609131
6.995989084243774
7.1368091106414795
7.413416147232056
7.206794023513794
7.1118505001068115
7.421361207962036
7.019176721572876
7.569519758224487
6.992546796798706
7.5512144565582275
6.983795881271362
7.14964747428894
7.507826805114746
7.329756021499634
7.9035186767578125
7.574779272079468
8.015084981918335
8.297288417816162
8.435160875320435
7.5894081592559814
8.908397674560547
8.233723640441895
8.813843011856079
8.155051946640015
8.496417760848999
7.783119440078735
8.562543630599976
8.345590353012085
8.457715272903442
8.154529571533203
8.494712591171265
8.003106117248535
8.565192699432373
8.468435525894165
8.543018579483032
8.346283912658691
7.40350341796875
8.742486238479614
8.153146505355835
8.672921895980835
8.543471097946167
9.002114295959473
10.312294244766235
9.762352228164673
8.138659477233887
10.566162824630737
11.713715314865112
8.87270188331604
9.353989124298096
9.992180109024048
8.858711957931519
9.54372501373291
11.945389747619629
9.984798431396484
11.122485876083374
10.462067365646362
10.916137218475342
9.693530321121216
9.167588472366333
13.825830936431885
9.070829153060913
11.746500730514526
9.486625671386719
11.16795825958252
10.624279022216797
11.625972270965576
10.112368822097778
10.965018272399902
11.887176513671875
11.866073608398438
12.664336919784546
9.918867111206055
