0.6087865829467773
0.014996528625488281
0.01919388771057129
0.016004085540771484
0.013995647430419922
0.013999223709106445
0.013987302780151367
0.015001296997070312
0.014003276824951172
0.014007091522216797
0.012990713119506836
0.014986276626586914
0.019003629684448242
0.018002748489379883
0.02500772476196289
0.02001214027404785
0.019003629684448242
0.013519763946533203
0.02202463150024414
0.016003847122192383
0.015003204345703125
0.0178985595703125
0.012003183364868164
0.013005971908569336
0.017008066177368164
0.014003515243530273
0.013002634048461914
0.018997669219970703
0.013997554779052734
0.01528787612915039
0.014007329940795898
0.013048648834228516
0.01299428939819336
0.02100539207458496
0.02702188491821289
0.01900625228881836
0.02100062370300293
0.018213510513305664
0.013005733489990234
0.029007673263549805
0.01700425148010254
0.01407933235168457
0.019005298614501953
0.019006729125976562
0.017004728317260742
0.03319716453552246
0.015002012252807617
0.01601409912109375
0.014003753662109375
0.016002893447875977
0.017000913619995117
0.01399683952331543
0.03200840950012207
0.01788473129272461
0.014002323150634766
0.016031742095947266
0.013733148574829102
0.03500628471374512
0.018001794815063477
0.014004945755004883
0.016004085540771484
0.020006656646728516
0.018007278442382812
0.03300642967224121
0.038011789321899414
0.019003629684448242
0.014584064483642578
0.015014171600341797
0.013019800186157227
0.03200507164001465
0.01388692855834961
0.018082618713378906
0.015004396438598633
0.03168034553527832
0.018001556396484375
0.014581680297851562
0.015000343322753906
0.015001773834228516
0.01575779914855957
0.019046306610107422
0.020004749298095703
0.024006128311157227
0.019002914428710938
0.031006574630737305
0.03300595283508301
0.030022382736206055
0.020004749298095703
0.017541885375976562
0.012021541595458984
0.024004459381103516
0.03300762176513672
0.01666545867919922
0.01200103759765625
0.014557838439941406
0.036016225814819336
0.016005516052246094
0.022002220153808594
0.019925355911254883
0.013010978698730469
0.025014400482177734
0.0470120906829834
0.016579866409301758
0.046007394790649414
0.014002084732055664
0.026007413864135742
0.034883975982666016
0.01700758934020996
0.028006315231323242
0.030003070831298828
0.013318300247192383
0.034952402114868164
0.020006656646728516
0.023203611373901367
0.017004966735839844
0.016005754470825195
0.03600668907165527
0.019841909408569336
0.013610363006591797
0.019010305404663086
0.013004541397094727
