10.785641431808472
11.2411367893219
10.207174062728882
10.44472050666809
13.143004417419434
8.787756204605103
12.65070652961731
9.297933578491211
10.799251556396484
11.213931798934937
11.064175128936768
11.20634412765503
9.423892259597778
12.62426495552063
7.055194139480591
9.560338497161865
8.691051483154297
9.2591392993927
11.306943416595459
6.012399911880493
11.863050937652588
9.896484136581421
9.027166366577148
11.112122535705566
6.594956159591675
12.969926834106445
7.464319705963135
7.577846050262451
10.961550951004028
8.571825981140137
10.858421802520752
11.166520595550537
14.045982360839844
6.456782102584839
10.664499044418335
7.024002313613892
12.358946800231934
7.408309698104858
9.63942265510559
10.299691200256348
9.11702847480774
12.705649137496948
8.283763647079468
7.648214817047119
12.855089664459229
8.643870830535889
7.535700798034668
5.67249059677124
6.031999588012695
5.865861892700195
5.6146721839904785
5.780344486236572
5.448319435119629
5.610469579696655
5.910559415817261
5.610522747039795
5.764560699462891
6.060744047164917
5.888171911239624
5.88651442527771
5.560380220413208
5.810149192810059
5.9610888957977295
6.275398254394531
5.9092419147491455
5.73172664642334
6.008167743682861
5.745401382446289
5.8582398891448975
6.1961586475372314
6.011634588241577
5.873858690261841
5.943523645401001
5.863369941711426
5.976807594299316
5.722310781478882
5.90228271484375
5.639431715011597
6.079360485076904
5.772229909896851
5.433156490325928
6.243315696716309
5.548070430755615
5.762633323669434
5.940723180770874
5.954157829284668
5.8844404220581055
5.990796327590942
5.935306787490845
6.043947219848633
5.61767578125
6.040874481201172
5.7499918937683105
6.17197847366333
6.20978856086731
6.023846387863159
6.31502628326416
5.580234050750732
5.870388984680176
6.180924654006958
5.672982692718506
5.997892379760742
6.179423093795776
6.47343897819519
6.144148349761963
5.943798542022705
6.282973051071167
6.776957988739014
6.756812810897827
6.216865539550781
5.788106203079224
6.77027702331543
5.661339044570923
6.499310493469238
6.578853130340576
6.176434278488159
