0.41620492935180664
0.027985334396362305
0.013001680374145508
0.022017478942871094
0.10836100578308105
0.1290431022644043
0.121063232421875
0.015009403228759766
0.12402462959289551
0.02397751808166504
0.10301542282104492
0.11222958564758301
0.025005102157592773
0.020000934600830078
0.030008316040039062
0.017226457595825195
0.0173342227935791
0.0230252742767334
0.13686728477478027
0.14603185653686523
0.02000713348388672
0.12280845642089844
0.12711477279663086
0.18130254745483398
0.05237269401550293
0.14103412628173828
0.1623077392578125
0.15771937370300293
0.11502289772033691
0.035004615783691406
0.14867186546325684
0.2992691993713379
0.03800821304321289
0.11491107940673828
0.019373416900634766
0.10907649993896484
0.1487734317779541
0.04100990295410156
0.3250572681427002
0.02000594139099121
0.12806916236877441
0.01900315284729004
0.02300739288330078
0.021998167037963867
0.020837068557739258
0.04199814796447754
0.018004179000854492
0.12041831016540527
0.12032032012939453
0.2967400550842285
0.02398681640625
0.01800370216369629
0.03802013397216797
0.27165722846984863
0.024837493896484375
0.018006563186645508
0.2988109588623047
0.10986137390136719
0.03728199005126953
0.04074811935424805
0.051788330078125
0.030005931854248047
0.022998571395874023
0.11017584800720215
0.015002250671386719
0.1101071834564209
0.3446540832519531
0.05401277542114258
0.038318634033203125
0.023700714111328125
0.02300548553466797
0.3660280704498291
0.01500844955444336
0.035007476806640625
0.3142130374908447
0.2803356647491455
0.024263858795166016
0.2917165756225586
0.13158226013183594
0.0603327751159668
0.10756397247314453
0.045282840728759766
0.2989368438720703
0.023371458053588867
0.3801844120025635
0.04152369499206543
0.4739861488342285
0.11094117164611816
0.04602336883544922
0.016016483306884766
0.4219670295715332
0.03101062774658203
0.04601097106933594
0.11902713775634766
0.3458282947540283
1.1228322982788086
