1.5703551769256592
0.019008874893188477
0.03800463676452637
0.020006656646728516
0.06408071517944336
0.030003786087036133
0.04710578918457031
0.03700876235961914
0.06801509857177734
0.0670175552368164
0.04100489616394043
0.03600478172302246
0.030018329620361328
0.04401063919067383
0.03604769706726074
0.02900838851928711
0.030007362365722656
0.0620121955871582
0.03793025016784668
0.023469924926757812
0.03000664710998535
0.03300762176513672
0.014558553695678711
0.032904863357543945
0.029004573822021484
0.043436527252197266
0.031010866165161133
0.019007205963134766
0.014023065567016602
0.015005826950073242
0.02200627326965332
0.017004013061523438
0.020003795623779297
0.01900315284729004
0.013559103012084961
0.016007423400878906
0.03118729591369629
0.016004085540771484
0.023003101348876953
0.021005868911743164
0.020116567611694336
0.021008014678955078
0.0180051326751709
0.01700568199157715
0.03272557258605957
0.021013498306274414
0.036004066467285156
0.02000117301940918
0.013010263442993164
0.02200460433959961
0.01600503921508789
0.01901412010192871
0.03600668907165527
0.01900935173034668
0.019002437591552734
0.03638863563537598
0.02800750732421875
0.030057191848754883
0.018002748489379883
0.017004013061523438
0.02540755271911621
0.019988536834716797
0.03501248359680176
0.03400897979736328
0.024599313735961914
0.014002799987792969
0.020059823989868164
0.01600790023803711
0.027004718780517578
0.0220034122467041
0.016000986099243164
0.013997554779052734
0.030997037887573242
0.02800917625427246
0.028360366821289062
0.030003786087036133
0.036614179611206055
0.036005496978759766
0.04656839370727539
0.04300689697265625
0.021001577377319336
0.019000530242919922
0.028005599975585938
0.02552008628845215
0.014000654220581055
0.02699732780456543
0.029933929443359375
0.0330052375793457
0.034163475036621094
0.04000496864318848
0.013001441955566406
0.027771472930908203
0.01600337028503418
0.036006927490234375
