11.613679885864258
9.04939341545105
14.583697080612183
9.605571985244751
13.79938292503357
9.406973361968994
13.982202053070068
10.685104608535767
13.744670629501343
9.773709535598755
13.376144409179688
7.818718194961548
12.918298244476318
8.706384181976318
13.069843053817749
8.607417106628418
11.796897411346436
9.345260381698608
11.90956425666809
9.834818363189697
11.598143577575684
12.921035528182983
6.7864768505096436
11.973965644836426
11.652028799057007
9.069769620895386
12.55559754371643
8.632542848587036
6.906748294830322
7.285992622375488
7.4416184425354
7.209317922592163
7.825425386428833
7.128272533416748
7.212298154830933
7.743795394897461
7.307431936264038
7.735257148742676
7.870271682739258
8.129740238189697
7.818332672119141
7.953737258911133
7.718040227890015
7.724148988723755
7.5813987255096436
7.63852858543396
7.314951658248901
7.989657402038574
6.736511945724487
7.3869709968566895
8.124869585037231
7.835336923599243
7.9808759689331055
8.701688766479492
8.038355112075806
8.90263295173645
8.302111387252808
9.243012189865112
8.351927042007446
8.585353374481201
9.84095311164856
7.646448135375977
9.364818811416626
9.555273056030273
8.695184469223022
8.967896938323975
9.622599124908447
9.392670392990112
9.919329404830933
9.806471586227417
9.458086967468262
8.809634685516357
9.934772729873657
9.604779958724976
9.897369384765625
9.950906991958618
8.075589179992676
9.77953314781189
9.081630229949951
9.606332302093506
10.771705865859985
10.552638292312622
9.311797618865967
8.967529058456421
10.774675130844116
10.067891597747803
8.021672487258911
10.628076791763306
10.533172845840454
9.343301057815552
10.462244033813477
11.439074277877808
9.862482070922852
11.44768238067627
