8.966601371765137
9.069235801696777
7.785022735595703
8.664236307144165
7.488171339035034
8.575123071670532
8.151437997817993
9.84269642829895
9.002849817276001
7.7123613357543945
8.921547174453735
7.175021648406982
10.217529296875
8.007368564605713
9.216625928878784
9.322589874267578
10.46325135231018
7.549163579940796
10.479247808456421
7.477993011474609
8.485878705978394
9.836655616760254
7.5033860206604
10.119499683380127
6.782086610794067
9.23481273651123
9.806785106658936
8.74751591682434
10.469663619995117
7.839352369308472
12.445653676986694
4.9729413986206055
10.996554851531982
9.017773866653442
8.994841814041138
10.409250497817993
6.453179597854614
12.099483728408813
5.614616870880127
9.98726201057434
7.8091139793396
8.65621280670166
10.358847379684448
6.093390703201294
10.723892211914062
8.881438255310059
9.997310400009155
7.809709072113037
10.428612232208252
7.7548370361328125
8.742059230804443
6.714678049087524
11.276524782180786
6.286456108093262
9.427447080612183
9.678005933761597
11.484581470489502
7.087062835693359
7.89429497718811
9.919681549072266
6.204154014587402
13.588319540023804
6.1148154735565186
9.363646984100342
9.182166814804077
8.884477853775024
10.931987524032593
9.508797883987427
5.867884635925293
12.40674376487732
6.742900133132935
8.063858985900879
7.412630796432495
7.168525218963623
5.296090126037598
4.677443981170654
5.080690622329712
5.150803565979004
5.090267181396484
5.493523120880127
5.4418580532073975
5.198954105377197
5.120935916900635
5.621278285980225
5.497970342636108
5.2134058475494385
4.839059829711914
5.580466985702515
5.302839279174805
5.381037950515747
5.649296998977661
5.442669153213501
6.173574447631836
5.648545742034912
6.075669288635254
5.677596092224121
5.8510730266571045
5.692559480667114
6.021456003189087
6.304095983505249
6.213625192642212
5.951658487319946
6.59247899055481
5.759665012359619
6.2411909103393555
5.7687788009643555
6.729559659957886
6.244897842407227
5.996408462524414
6.0639448165893555
6.270629167556763
5.083982944488525
6.932037591934204
7.009582042694092
4.936066389083862
6.293913841247559
6.438190221786499
5.541146993637085
