4.3419294357299805
4.1069722175598145
3.759021520614624
3.794142961502075
3.7834959030151367
4.388922214508057
3.843174457550049
4.076326131820679
4.308017730712891
4.04486346244812
4.5918214321136475
4.7159202098846436
4.488291025161743
4.719979524612427
4.650994539260864
4.6295647621154785
4.500699758529663
4.414363145828247
4.71591329574585
4.663280487060547
4.760506629943848
4.699986934661865
4.476266145706177
4.58900260925293
5.374957799911499
5.755949258804321
5.272448778152466
5.418582201004028
4.926055192947388
5.547901153564453
4.742713928222656
5.438367128372192
5.993266820907593
4.668240547180176
5.067002773284912
5.46951699256897
5.481065273284912
5.287934303283691
5.671583652496338
5.025943756103516
5.380331754684448
5.743133068084717
5.319187641143799
4.837328672409058
4.844632387161255
4.70054030418396
5.0030834674835205
5.785120248794556
5.728889465332031
5.907132387161255
5.907206296920776
5.8748109340667725
5.1013102531433105
6.311441659927368
4.842499494552612
5.804044723510742
6.357795476913452
5.916234731674194
4.259528160095215
4.301467418670654
4.2664711475372314
5.274354457855225
5.2481770515441895
5.5064191818237305
5.752277135848999
5.3118896484375
5.408175945281982
4.87972617149353
5.683916330337524
4.895217418670654
5.34896445274353
5.049074172973633
5.925160646438599
4.64087700843811
5.0031774044036865
4.343838930130005
4.277937650680542
4.390019178390503
3.9171688556671143
4.201581001281738
4.3008434772491455
4.7224297523498535
4.718631029129028
4.930196285247803
4.541614770889282
4.96007227897644
5.228607892990112
4.520275354385376
4.9030396938323975
4.6765148639678955
4.820231914520264
4.564629793167114
5.1560304164886475
4.884663343429565
5.228882789611816
4.650589227676392
4.801099061965942
4.328929424285889
4.711028814315796
4.813107967376709
4.857614278793335
4.5603346824646
4.686671733856201
4.71858549118042
4.915293455123901
4.413730621337891
4.357842445373535
4.09285831451416
5.448908805847168
5.363992929458618
6.051537036895752
5.32898473739624
5.236947536468506
5.703069448471069
4.900075674057007
5.834663152694702
5.1509785652160645
5.761040687561035
5.474297761917114
6.1594085693359375
4.799224853515625
6.222663640975952
5.36480975151062
5.386933088302612
5.7251341342926025
5.891939878463745
4.605278491973877
5.0985376834869385
5.770755767822266
5.612617015838623
5.853998422622681
4.997533321380615
6.222928047180176
5.660970687866211
4.366357326507568
4.278658866882324
5.576601028442383
6.6822333335876465
5.376776456832886
4.1974546909332275
5.186004161834717
4.264393091201782
5.1750476360321045
4.480241775512695
5.373099088668823
4.467650651931763
5.465817451477051
4.932733058929443
4.056484699249268
5.414777517318726
6.595183372497559
6.856496572494507
7.76175332069397
5.7138471603393555
7.897783041000366
5.958518981933594
8.220476627349854
5.987693786621094
8.262702465057373
7.171907901763916
7.4815833568573
7.359287261962891
7.717574119567871
6.962857484817505
7.382217884063721
7.178943157196045
7.86142897605896
7.11760950088501
8.07535433769226
7.350947856903076
7.469908952713013
