4.500959157943726
4.363562107086182
4.39262318611145
3.9415266513824463
4.049753189086914
4.072722673416138
3.680368661880493
4.127633094787598
4.304318904876709
3.8752450942993164
4.24864935874939
4.0585150718688965
4.1044487953186035
4.197893142700195
4.073166131973267
4.255605220794678
4.093716144561768
3.8732919692993164
4.103965997695923
3.746070146560669
3.992047071456909
4.027134656906128
3.7997543811798096
4.273022651672363
5.935125112533569
4.859501600265503
5.186047792434692
5.350670576095581
4.73006534576416
5.069393634796143
4.238792896270752
4.164096117019653
3.840522050857544
4.125767230987549
4.108080863952637
5.336020231246948
4.97612452507019
4.795865774154663
4.309078216552734
4.593185186386108
4.654526948928833
4.616373538970947
4.7812511920928955
4.75166654586792
5.313104629516602
4.727470636367798
5.086988210678101
5.1011741161346436
7.449136257171631
7.459867477416992
5.638322591781616
5.961833477020264
6.075790882110596
5.486400842666626
5.263798952102661
5.8706207275390625
4.999630928039551
5.924896478652954
6.5079123973846436
5.131749629974365
5.51849627494812
5.110033750534058
5.647427082061768
5.520742893218994
5.561321496963501
5.777452230453491
5.579349040985107
5.50596022605896
6.186903238296509
6.220314264297485
6.603144407272339
6.1546950340271
7.290908098220825
6.78533935546875
6.204637765884399
6.060275316238403
6.505622386932373
6.635073900222778
6.9774158000946045
6.972536563873291
7.267750024795532
7.980077266693115
6.663435459136963
6.937532663345337
7.664393663406372
8.631305456161499
6.080435276031494
7.257893085479736
8.614863395690918
8.869763135910034
7.954680919647217
7.294765472412109
8.23313307762146
6.419035911560059
6.111683130264282
6.6815595626831055
7.758808851242065
7.169800758361816
8.409273624420166
8.054121971130371
7.0209619998931885
7.38115119934082
6.819636583328247
8.527055501937866
6.735978364944458
6.480090856552124
5.950948715209961
6.8574323654174805
7.610574007034302
7.103230237960815
6.168982028961182
8.245921850204468
5.687147378921509
6.045141220092773
5.743849515914917
5.446455478668213
5.446065425872803
5.690084934234619
5.343668222427368
6.014509916305542
5.646725416183472
5.513293743133545
6.150753498077393
5.8651957511901855
6.4356114864349365
5.85528564453125
6.189795017242432
6.461915969848633
6.643908500671387
6.694390296936035
6.777308464050293
6.684959650039673
7.311967372894287
7.410234451293945
6.890091180801392
8.246556520462036
6.954104423522949
7.766192674636841
7.444571018218994
9.553581714630127
8.932886362075806
9.068439960479736
7.27776026725769
7.143010854721069
8.849445343017578
6.900028228759766
9.515596866607666
6.408478498458862
8.269387483596802
8.49495244026184
