7.923692226409912
7.683631658554077
8.03971529006958
8.686938524246216
7.6569859981536865
7.767040729522705
7.6371073722839355
7.3729987144470215
8.125966787338257
6.975577116012573
9.3182692527771
6.690194606781006
8.954756498336792
6.613118410110474
9.244799613952637
6.254784822463989
8.179741382598877
5.006557941436768
7.095834493637085
8.859721183776855
4.846609830856323
4.427544116973877
9.171263217926025
7.9983439445495605
4.257266998291016
4.766361951828003
8.834161043167114
7.8842222690582275
4.735827684402466
4.4881346225738525
9.055606365203857
7.9786224365234375
4.3867456912994385
9.173648118972778
8.97593092918396
7.305574893951416
4.4362897872924805
4.263593912124634
7.603538990020752
9.142693281173706
5.070110559463501
4.904221296310425
9.998611688613892
8.572937726974487
4.544163703918457
4.497425556182861
6.703548192977905
9.144533395767212
6.538553237915039
5.728982448577881
5.5441508293151855
6.874659299850464
9.613819122314453
7.5094521045684814
5.308781147003174
10.219224452972412
9.551929473876953
6.528076887130737
4.4049072265625
4.644912481307983
4.236213207244873
7.898937463760376
6.897607803344727
9.12661337852478
4.829407215118408
8.812082052230835
7.9609386920928955
4.497203588485718
4.638614177703857
3.703277111053467
3.815214157104492
3.880577325820923
4.056158065795898
4.082854747772217
3.898045063018799
3.8290598392486572
3.6766059398651123
4.05561900138855
3.9323697090148926
3.7286617755889893
3.9681661128997803
3.9608139991760254
3.967987060546875
3.9739484786987305
3.877154588699341
4.105968475341797
3.6935760974884033
4.078301668167114
3.8596303462982178
3.75339412689209
4.0705649852752686
3.9048120975494385
3.703030586242676
3.9277172088623047
3.8735663890838623
3.7515203952789307
3.7864909172058105
3.824287176132202
4.046655178070068
3.7122883796691895
4.0520265102386475
3.9777002334594727
3.717543125152588
4.1010072231292725
3.9145591259002686
3.738626718521118
3.9498889446258545
3.98187518119812
3.71346378326416
3.922600269317627
3.863826036453247
4.1165666580200195
3.8109350204467773
3.998140335083008
3.8920249938964844
3.850071668624878
4.140095472335815
3.9692623615264893
3.8084614276885986
3.9696266651153564
3.962075710296631
3.782830238342285
3.8549273014068604
3.8253068923950195
4.013525724411011
3.7339868545532227
3.9247827529907227
3.8959972858428955
3.8328001499176025
4.049890518188477
3.9402055740356445
3.760059356689453
4.00821590423584
3.9789974689483643
3.729689359664917
3.8971123695373535
3.8701653480529785
4.151154279708862
3.7575230598449707
3.96813702583313
3.92813777923584
3.8244550228118896
4.054555177688599
3.950295925140381
3.74341082572937
3.9679877758026123
3.998577117919922
3.8086278438568115
3.944384813308716
3.9057986736297607
4.151156187057495
3.7733144760131836
3.900735378265381
4.133247137069702
3.9270856380462646
4.009288549423218
3.919050931930542
3.709491014480591
3.99057936668396
3.98361873626709
3.738096237182617
3.8344948291778564
3.9043638706207275
4.130443334579468
3.726611614227295
4.236454248428345
4.20510196685791
4.143349647521973
4.374274730682373
4.273931503295898
4.012059688568115
4.111448049545288
4.029559850692749
4.685065746307373
4.335898160934448
4.152733087539673
