0.001004934310913086
0.0010268688201904297
0.0009999275207519531
0.003999233245849609
0.001994609832763672
0.0019979476928710938
0.0010023117065429688
0.0010797977447509766
0.0019943714141845703
0.0019979476928710938
0.00098419189453125
0.0020008087158203125
0.0009944438934326172
0.003004789352416992
0.0015251636505126953
0.0010004043579101562
0.0029938220977783203
0.0020024776458740234
0.002002716064453125
0.0030012130737304688
0.0020008087158203125
0.0029985904693603516
0.0030639171600341797
0.0030012130737304688
0.003997087478637695
0.003268718719482422
0.0050048828125
0.00699925422668457
0.0976710319519043
0.013860702514648438
0.00699162483215332
0.012991666793823242
0.00451970100402832
0.007002592086791992
0.0059986114501953125
0.01300668716430664
0.009005546569824219
0.009026765823364258
0.03899741172790527
0.00800633430480957
0.00800633430480957
0.05703592300415039
0.005003929138183594
0.12903046607971191
0.005990028381347656
0.0050008296966552734
0.02601146697998047
0.0059986114501953125
0.2622385025024414
0.0069942474365234375
0.006001949310302734
0.009006023406982422
0.00900721549987793
0.01006174087524414
0.01600170135498047
0.028995275497436523
0.03599977493286133
0.0060024261474609375
0.014011144638061523
0.01000070571899414
0.007983922958374023
0.012006521224975586
0.009001731872558594
0.1470351219177246
0.007999420166015625
0.011993169784545898
0.05901622772216797
0.03300762176513672
0.007989168167114258
0.0110015869140625
0.008999347686767578
0.016003131866455078
0.008994340896606445
0.03774404525756836
0.008992671966552734
0.011545419692993164
0.009003400802612305
0.009001970291137695
0.01599597930908203
0.009002447128295898
0.009999513626098633
0.008998394012451172
0.008989810943603516
0.010007619857788086
0.009995698928833008
0.011003971099853516
0.011258602142333984
0.011006355285644531
0.013000011444091797
0.010990619659423828
0.010002374649047852
0.012009859085083008
0.015003442764282227
0.011005640029907227
0.012004613876342773
0.01400136947631836
0.011002063751220703
0.012773990631103516
0.012502908706665039
0.04714059829711914
0.012985944747924805
0.013003349304199219
0.02300858497619629
0.011997699737548828
0.010988473892211914
0.020001649856567383
0.020006656646728516
0.014005184173583984
0.023001432418823242
0.022998809814453125
0.01600503921508789
0.012994766235351562
0.01700282096862793
0.04076647758483887
0.013991355895996094
0.017994403839111328
0.015003204345703125
0.012990713119506836
