0.004997730255126953
0.0050008296966552734
0.005000591278076172
0.005990505218505859
0.005004405975341797
0.00600123405456543
0.004991769790649414
0.006002664566040039
0.006003141403198242
0.006002187728881836
0.007998943328857422
0.008000612258911133
0.007002830505371094
0.007002830505371094
0.009004354476928711
0.00700068473815918
0.0060040950775146484
0.0060024261474609375
0.005999565124511719
0.008002042770385742
0.013000726699829102
0.010002613067626953
0.008004426956176758
0.0070037841796875
0.008001327514648438
0.009003639221191406
0.008209228515625
0.009009599685668945
0.0069844722747802734
0.010148048400878906
0.007002592086791992
0.0070035457611083984
0.006989717483520508
0.0070035457611083984
0.0069925785064697266
0.013000726699829102
0.008002758026123047
0.011008024215698242
0.016004085540771484
0.011999368667602539
0.012006521224975586
0.01200246810913086
0.009000778198242188
0.010004758834838867
0.010005474090576172
0.01700425148010254
0.022549152374267578
0.0279996395111084
0.017003536224365234
0.01801156997680664
0.014876604080200195
0.016115903854370117
0.024010181427001953
0.028000593185424805
0.02156686782836914
0.039010047912597656
0.020115137100219727
0.016555309295654297
0.019995927810668945
0.017004728317260742
0.016991376876831055
0.024004220962524414
0.025003671646118164
0.01800370216369629
0.025012731552124023
0.020129919052124023
0.029004573822021484
0.021005630493164062
0.02000260353088379
0.024005889892578125
0.0209958553314209
0.02448749542236328
0.025037527084350586
0.02900218963623047
0.051531314849853516
0.031006574630737305
0.019007444381713867
0.019019126892089844
0.02100658416748047
0.01799798011779785
0.02068805694580078
0.0240020751953125
0.01806950569152832
0.018002986907958984
0.018001079559326172
0.023921489715576172
0.023508548736572266
0.02500152587890625
0.025557518005371094
0.021002769470214844
0.023006916046142578
0.026012420654296875
0.02400660514831543
0.038007497787475586
0.032009124755859375
0.022011280059814453
0.021301746368408203
0.020996570587158203
0.024005651473999023
0.024003982543945312
0.020011425018310547
0.02100229263305664
0.020006418228149414
0.020005226135253906
0.019011497497558594
0.025002479553222656
0.025314807891845703
0.027100801467895508
0.023003339767456055
0.0210418701171875
0.027854204177856445
0.02300548553466797
0.019644498825073242
0.02318429946899414
0.022003889083862305
0.019975900650024414
0.025002241134643555
0.020993947982788086
0.02191925048828125
0.02400517463684082
0.031737565994262695
0.03200411796569824
0.03302884101867676
0.039006948471069336
0.023013830184936523
0.022005319595336914
0.030005455017089844
0.02199077606201172
0.028003692626953125
0.024006366729736328
0.02900838851928711
0.03800821304321289
0.03657364845275879
0.024126529693603516
0.02354288101196289
0.027004241943359375
0.0380098819732666
0.0351719856262207
0.022998571395874023
0.025004148483276367
0.025544404983520508
0.023128986358642578
0.024005413055419922
0.02700638771057129
0.023018598556518555
0.0261533260345459
0.031010866165161133
0.025005102157592773
0.02206897735595703
0.03500866889953613
0.04201316833496094
0.023018598556518555
0.04225921630859375
0.038149118423461914
0.040686845779418945
0.04100775718688965
0.062428951263427734
0.028931379318237305
0.051740169525146484
0.027996301651000977
0.04301166534423828
0.03098917007446289
0.05366253852844238
0.02599930763244629
0.03735232353210449
0.027547121047973633
0.049077749252319336
0.033431053161621094
0.05101346969604492
0.02636098861694336
0.04458332061767578
