0.0010082721710205078
0.002001047134399414
0.0010004043579101562
0.002002239227294922
0.0
0.0020017623901367188
0.0009889602661132812
0.002004861831665039
0.0009946823120117188
0.003229856491088867
0.0009992122650146484
0.0019998550415039062
0.0020029544830322266
0.0020046234130859375
0.0020513534545898438
0.0020020008087158203
0.002003192901611328
0.0017628669738769531
0.00400090217590332
0.0019979476928710938
0.0009996891021728516
0.003003358840942383
0.002996683120727539
0.002008676528930664
0.003000974655151367
0.0040035247802734375
0.005001068115234375
0.007005453109741211
0.004999876022338867
0.006999492645263672
0.00901484489440918
0.0050067901611328125
0.00500178337097168
0.008999347686767578
0.009997844696044922
0.005002021789550781
0.005007028579711914
0.005002737045288086
0.009009599685668945
0.007003068923950195
0.00600433349609375
0.010005474090576172
0.017006874084472656
0.006994724273681641
0.0050013065338134766
0.00599980354309082
0.009514808654785156
0.014007806777954102
0.00600123405456543
0.006455421447753906
0.00899958610534668
0.011684179306030273
0.013263463973999023
0.006006479263305664
0.012005090713500977
0.014007091522216797
0.014002084732055664
0.006001949310302734
0.0059964656829833984
0.006995439529418945
0.005987405776977539
0.010005474090576172
0.01201009750366211
0.010001897811889648
0.007006168365478516
0.011000633239746094
0.00699925422668457
0.00900721549987793
0.008997678756713867
0.007008790969848633
0.006986856460571289
0.006995201110839844
0.007028102874755859
0.007004976272583008
0.008013010025024414
0.006987810134887695
0.007997512817382812
0.008986711502075195
0.007741451263427734
0.008005142211914062
0.009002208709716797
0.008997917175292969
0.00800466537475586
0.00798940658569336
0.008002519607543945
0.008993864059448242
0.008982181549072266
0.00998234748840332
0.00899052619934082
0.009016752243041992
0.010002851486206055
0.010003805160522461
0.010982751846313477
0.009997844696044922
0.010010480880737305
0.009996175765991211
0.010002851486206055
0.009992122650146484
0.01000356674194336
0.010001182556152344
0.01099085807800293
0.010993719100952148
0.010126590728759766
0.009998559951782227
0.01105809211730957
0.011996269226074219
0.012995243072509766
0.011017322540283203
0.012017250061035156
0.010984420776367188
0.01398777961730957
0.01100015640258789
0.011992931365966797
0.013003110885620117
0.011989593505859375
0.012004613876342773
0.012998819351196289
0.0116729736328125
0.013003110885620117
0.01199030876159668
0.014006853103637695
0.011883020401000977
0.012983560562133789
0.013002872467041016
0.011989355087280273
0.012005805969238281
0.013000965118408203
0.017002344131469727
0.014010429382324219
0.012998342514038086
0.013988494873046875
0.01400446891784668
0.015004873275756836
0.014991283416748047
0.017995119094848633
0.01400303840637207
0.013989925384521484
0.01399540901184082
0.01402902603149414
0.014983177185058594
0.01598215103149414
0.01499629020690918
0.020992517471313477
0.015984535217285156
0.016985177993774414
0.01698899269104004
0.016001224517822266
0.015990018844604492
0.014985322952270508
0.013989448547363281
0.017004728317260742
0.017984867095947266
0.0160067081451416
0.017961740493774414
0.015472173690795898
0.01599717140197754
0.01599717140197754
0.016084909439086914
0.018986940383911133
0.016005754470825195
0.019994735717773438
0.016003847122192383
0.01698470115661621
0.016999483108520508
0.018002748489379883
0.01856708526611328
0.01800537109375
0.017995357513427734
0.01899576187133789
0.01854538917541504
0.01799321174621582
0.0185849666595459
0.020986318588256836
0.019004106521606445
0.018997669219970703
0.018003225326538086
