0.005003213882446289
0.005002021789550781
0.00500178337097168
0.004988670349121094
0.004001140594482422
0.00500035285949707
0.00500178337097168
0.004000663757324219
0.0060007572174072266
0.004990577697753906
0.004993438720703125
0.005656003952026367
0.006003141403198242
0.004992485046386719
0.0059854984283447266
0.006001710891723633
0.007004737854003906
0.0057027339935302734
0.0060193538665771484
0.0060024261474609375
0.006001710891723633
0.005858421325683594
0.005997419357299805
0.00600123405456543
0.006995439529418945
0.008006572723388672
0.006104707717895508
0.007060050964355469
0.00798797607421875
0.006797075271606445
0.006003618240356445
0.0069789886474609375
0.008004188537597656
0.009001493453979492
0.007728099822998047
0.00599980354309082
0.009997129440307617
0.007005453109741211
0.005998849868774414
0.008995771408081055
0.008996725082397461
0.010133981704711914
0.009003877639770508
0.009484529495239258
0.009003162384033203
0.011860370635986328
0.014011859893798828
0.01500701904296875
0.017006635665893555
0.023012638092041016
0.01700115203857422
0.01800537109375
0.015860319137573242
0.023006916046142578
0.018001556396484375
0.022003889083862305
0.018026113510131836
0.0360105037689209
0.017003536224365234
0.025156259536743164
0.01799917221069336
0.024005651473999023
0.03700757026672363
0.019009828567504883
0.01899862289428711
0.021990537643432617
0.017004013061523438
0.025002002716064453
0.017005205154418945
0.07594442367553711
0.024016857147216797
0.10411858558654785
0.020022153854370117
0.022678136825561523
0.024003028869628906
0.03200411796569824
0.026006460189819336
0.06501197814941406
0.0200045108795166
0.025008440017700195
0.02689337730407715
0.019585609436035156
0.018003225326538086
0.020000934600830078
0.042095184326171875
0.023996829986572266
0.026246070861816406
0.05869579315185547
0.02100515365600586
0.022007226943969727
0.03700447082519531
0.022006988525390625
0.017991065979003906
0.03501272201538086
0.03219437599182129
0.018998146057128906
0.017006397247314453
0.022592544555664062
0.028529882431030273
0.02228546142578125
0.028000831604003906
0.03300809860229492
0.02417588233947754
0.021208763122558594
0.030001163482666016
0.03700852394104004
0.047007083892822266
0.03900885581970215
0.031033992767333984
0.10002326965332031
0.02200770378112793
0.022000551223754883
0.021209239959716797
0.023006677627563477
0.023005247116088867
0.024005651473999023
0.024005889892578125
0.021978378295898438
0.02600717544555664
0.026662349700927734
0.020005226135253906
0.022004127502441406
0.05301666259765625
0.038010597229003906
0.022004127502441406
0.18304204940795898
0.03100752830505371
0.022003650665283203
0.035008907318115234
0.039012908935546875
0.02300095558166504
0.02800440788269043
0.03520679473876953
0.022958993911743164
0.02423548698425293
0.24249839782714844
0.029613971710205078
0.028005361557006836
0.048024654388427734
0.03407096862792969
0.029004335403442383
0.03300952911376953
0.16703343391418457
0.15790987014770508
0.24905920028686523
0.05731678009033203
0.06401348114013672
0.05298900604248047
0.0465855598449707
0.03804516792297363
