7.59456467628479
7.535259246826172
7.944117546081543
8.503886461257935
7.567118406295776
7.5895020961761475
7.548090696334839
7.1944215297698975
8.019849061965942
6.7916646003723145
9.198241233825684
6.511587381362915
8.76137399673462
6.4446046352386475
9.065432071685791
6.1011412143707275
8.03768801689148
4.920385360717773
6.910599231719971
8.724400043487549
4.75648045539856
4.2692201137542725
8.98132061958313
7.894300699234009
4.168164253234863
4.610605955123901
8.63821530342102
7.738067626953125
4.646814823150635
4.376115322113037
8.877248764038086
7.892892599105835
4.298717260360718
8.979110956192017
8.790275812149048
7.201333045959473
4.350644826889038
4.166576147079468
7.422494411468506
8.96403455734253
4.969541788101196
4.700589656829834
9.795516729354858
8.437888622283936
4.448526859283447
4.406388759613037
6.546616554260254
8.95191502571106
6.447441339492798
5.611803770065308
5.41642165184021
6.6640784740448
9.422373533248901
7.412344932556152
5.097947120666504
10.023629426956177
9.335687160491943
6.423941135406494
4.302713632583618
4.53889536857605
4.141119956970215
7.754871606826782
6.694740533828735
8.94078278541565
4.722439765930176
8.62229061126709
7.8587846755981445
4.3950958251953125
4.549715042114258
3.611231803894043
3.7270569801330566
3.7951362133026123
3.9690089225769043
3.9953200817108154
3.8109114170074463
3.741657018661499
3.5910656452178955
3.9690592288970947
3.831965208053589
3.637338638305664
3.881159782409668
3.8717963695526123
3.874613046646118
3.8851842880249023
3.7878665924072266
4.015949010848999
3.6045637130737305
3.983147144317627
3.7684972286224365
3.6623804569244385
3.979562520980835
3.811511754989624
3.6110177040100098
3.8340699672698975
3.7825520038604736
3.6604387760162354
3.6994223594665527
3.7382724285125732
3.9496395587921143
3.6222736835479736
3.9600093364715576
3.8906896114349365
3.6268956661224365
4.012016773223877
3.8265042304992676
3.644097328186035
3.8578743934631348
3.8901565074920654
3.6197562217712402
3.8325862884521484
3.7698094844818115
4.019535064697266
3.7146246433258057
3.9041199684143066
3.795933723449707
3.7579193115234375
4.042543888092041
3.8695662021636963
3.718790054321289
3.874157667160034
3.864391803741455
3.691028356552124
3.761350631713867
3.7333006858825684
3.923518419265747
3.643289566040039
3.834777593612671
3.8010447025299072
3.7369091510772705
3.9586360454559326
3.844193458557129
3.669039726257324
3.91120982170105
3.878920555114746
3.6306681632995605
3.793508768081665
3.777150869369507
4.0591208934783936
3.6669373512268066
3.8749771118164062
3.823115587234497
3.7258660793304443
3.9499430656433105
3.854677677154541
3.6433653831481934
3.870224952697754
3.9015090465545654
3.712620735168457
3.8431899547576904
3.813777446746826
4.050811290740967
3.6749887466430664
3.8037056922912598
4.033342123031616
3.8313612937927246
3.9072766304016113
3.8209035396575928
3.6153833866119385
3.889566421508789
3.880857467651367
3.6349451541900635
3.7391631603240967
3.807706832885742
4.033786058425903
3.628586769104004
4.123285293579102
4.105072021484375
4.040917158126831
4.271520376205444
4.17006254196167
3.8995916843414307
4.008523941040039
3.921295404434204
4.582988739013672
4.233882188796997
4.045103549957275
