0.26410365104675293
0.021997928619384766
0.016005277633666992
0.02901005744934082
0.009996652603149414
0.021996259689331055
0.016009092330932617
0.023006200790405273
0.015857458114624023
0.030880451202392578
0.015005111694335938
0.022004127502441406
0.027005434036254883
0.026009082794189453
0.02600693702697754
0.022004365921020508
0.017017841339111328
0.009994268417358398
0.025005578994750977
0.01799917221069336
0.011005163192749023
0.02399420738220215
0.022028207778930664
0.017005205154418945
0.011007547378540039
0.028728961944580078
0.028007984161376953
0.020983219146728516
0.011994600296020508
0.01300811767578125
0.01803135871887207
0.010706901550292969
0.013009071350097656
0.02400350570678711
0.024843454360961914
0.014231443405151367
0.010078191757202148
0.0160064697265625
0.021998167037963867
0.01938629150390625
0.011002063751220703
0.020993709564208984
0.020004987716674805
0.01900315284729004
0.010997772216796875
0.010009527206420898
0.016001224517822266
0.02601146697998047
0.011012554168701172
0.0166013240814209
0.017998933792114258
0.025008201599121094
0.02600836753845215
0.011005878448486328
0.021155595779418945
0.024035930633544922
0.024002790451049805
0.012003898620605469
0.011008977890014648
0.011002779006958008
0.011993646621704102
0.013928651809692383
0.023007869720458984
0.02201390266418457
0.011009454727172852
0.029009580612182617
0.013990402221679688
0.011001348495483398
0.008990049362182617
0.010009050369262695
0.010002374649047852
0.012997865676879883
0.01306009292602539
0.009013175964355469
0.009981632232666016
0.011023759841918945
0.010995149612426758
0.010984659194946289
0.01599740982055664
0.011990785598754883
0.010005712509155273
0.011001825332641602
0.010017633438110352
0.009523868560791016
0.010995626449584961
0.010002851486206055
0.01099538803100586
0.010445356369018555
0.010015010833740234
0.010009050369262695
0.009002447128295898
0.010987520217895508
0.01000213623046875
0.010996818542480469
0.009987592697143555
0.00999593734741211
0.009995460510253906
0.010007381439208984
0.011009454727172852
0.01098179817199707
0.015002012252807617
0.00899362564086914
0.00999593734741211
0.009988784790039062
0.01001286506652832
0.010994672775268555
0.010009050369262695
0.010019779205322266
0.01000356674194336
0.008995532989501953
0.010016679763793945
0.012014150619506836
0.01545405387878418
0.010009288787841797
0.012011528015136719
0.011017799377441406
0.010988235473632812
0.00998997688293457
0.010013818740844727
0.01000213623046875
0.01001882553100586
0.011608123779296875
0.012987613677978516
0.009998559951782227
0.009988546371459961
0.010547161102294922
0.009995698928833008
0.010022401809692383
0.010004520416259766
0.010001659393310547
0.012010335922241211
0.009000778198242188
0.010987997055053711
0.010060310363769531
0.010002613067626953
0.01100921630859375
0.010002374649047852
0.009988546371459961
0.010002613067626953
0.010040044784545898
0.014002561569213867
0.010987281799316406
0.011993646621704102
0.010614633560180664
0.014002561569213867
0.010675430297851562
0.01000213623046875
0.0099945068359375
0.010522603988647461
0.011009931564331055
0.01077127456665039
0.010995864868164062
0.010003328323364258
0.011427879333496094
0.010022163391113281
0.010992050170898438
0.009996175765991211
0.010002613067626953
0.010993480682373047
0.009748220443725586
0.013028383255004883
0.011011600494384766
0.01002049446105957
0.010983705520629883
0.010013341903686523
0.015004158020019531
0.012986183166503906
0.01154017448425293
0.010331392288208008
0.012003183364868164
0.011013269424438477
0.013210773468017578
0.012014627456665039
0.012005090713500977
0.00999307632446289
0.012002944946289062
