8.185506105422974
8.959275007247925
7.684000015258789
8.449787855148315
7.277126789093018
8.327265501022339
8.055670022964478
9.74368667602539
8.77851676940918
7.545053243637085
8.780293464660645
7.014747619628906
10.120911836624146
7.751567602157593
9.111379861831665
9.230066776275635
10.247124910354614
7.338049411773682
10.29432487487793
7.291391372680664
8.357540607452393
9.661614894866943
7.29918098449707
9.979466199874878
6.590089559555054
9.127223491668701
9.576905012130737
8.638448238372803
10.04836630821228
7.64124059677124
12.302385568618774
4.8669116497039795
10.889810800552368
8.855741262435913
8.886270761489868
10.176322937011719
6.319146394729614
11.922825813293457
5.399563312530518
9.816193580627441
7.6357738971710205
8.364655017852783
10.234781742095947
5.574279069900513
10.614638566970825
8.766417264938354
9.739396572113037
7.702184438705444
9.90141487121582
7.640021562576294
8.620028495788574
6.52424430847168
11.103318452835083
6.1052656173706055
9.21760606765747
9.443942070007324
11.187641859054565
6.988053321838379
7.681139707565308
9.743900775909424
6.093129396438599
13.414690017700195
5.9964940547943115
8.911081790924072
9.061403274536133
8.673950910568237
10.675361156463623
9.299606323242188
5.769315242767334
12.226136207580566
6.63839316368103
7.868824243545532
7.305605888366699
6.965202331542969
5.188658237457275
4.559768199920654
4.969796180725098
5.035560607910156
4.961250066757202
5.3876893520355225
5.329841375350952
5.105928659439087
5.009190559387207
5.518296003341675
5.389954090118408
5.10238790512085
4.723758697509766
5.472713947296143
5.132185220718384
5.280351877212524
5.5431671142578125
5.3160881996154785
6.03012490272522
5.536370038986206
5.9585120677948
5.551016092300415
5.73996376991272
5.573614835739136
5.923345565795898
6.073054552078247
6.096096038818359
5.832950830459595
6.387518405914307
5.640159368515015
6.1371800899505615
5.582171201705933
6.5552380084991455
6.1203248500823975
5.775325059890747
5.887511968612671
6.16359543800354
4.982145547866821
6.798005819320679
6.771403074264526
4.82305383682251
6.110655784606934
6.3226141929626465
5.443137168884277
