0.2231142520904541
0.012769460678100586
0.014002561569213867
0.010009765625
0.009021759033203125
0.011995792388916016
0.011010169982910156
0.015152454376220703
0.01633310317993164
0.012990713119506836
0.012001276016235352
0.012000560760498047
0.011001110076904297
0.012444019317626953
0.009010791778564453
0.015934228897094727
0.015859127044677734
0.010995626449584961
0.014996051788330078
0.01100778579711914
0.009988784790039062
0.010003328323364258
0.010988712310791016
0.010000944137573242
0.011005640029907227
0.016001462936401367
0.010007619857788086
0.010012149810791016
0.012005805969238281
0.011000633239746094
0.009990692138671875
0.013009309768676758
0.016022920608520508
0.018967866897583008
0.012002706527709961
0.016005277633666992
0.016005277633666992
0.014002084732055664
0.016003847122192383
0.014010906219482422
0.017003774642944336
0.013003110885620117
0.014003515243530273
0.012006044387817383
0.020142078399658203
0.015000343322753906
0.018005847930908203
0.013002395629882812
0.016004085540771484
0.031164884567260742
0.016005277633666992
0.020005464553833008
0.010998964309692383
0.020000457763671875
0.017003297805786133
0.02100682258605957
0.012034893035888672
0.026774168014526367
0.01605391502380371
0.018006563186645508
0.013002395629882812
0.02100539207458496
0.029009342193603516
0.015992403030395508
0.09901618957519531
0.10206770896911621
0.08858394622802734
0.10941076278686523
0.030006885528564453
0.024007081985473633
0.017995834350585938
0.16423368453979492
0.07868266105651855
0.023006677627563477
0.01500701904296875
0.18994140625
0.1150367259979248
0.21366500854492188
0.09103202819824219
0.11608242988586426
0.01790904998779297
0.024820804595947266
0.014001607894897461
0.01600193977355957
0.03275895118713379
0.2855403423309326
0.01755046844482422
0.025295734405517578
0.015004634857177734
0.03200864791870117
0.311847448348999
0.012001752853393555
0.026005029678344727
0.025008440017700195
0.027519702911376953
0.0110015869140625
0.015002012252807617
0.012000560760498047
0.012993574142456055
0.029008150100708008
0.3229057788848877
0.033008575439453125
0.01992940902709961
0.012022018432617188
0.03540205955505371
0.025086641311645508
0.018996477127075195
0.03788137435913086
0.40726590156555176
0.048326969146728516
0.012003421783447266
0.013003826141357422
0.015003442764282227
0.01800251007080078
0.01600360870361328
0.012988805770874023
0.011002302169799805
0.016005277633666992
0.021045684814453125
0.10874629020690918
0.08967375755310059
0.014014959335327148
0.021004915237426758
0.01957988739013672
0.02600860595703125
0.029003620147705078
0.030002355575561523
0.011010169982910156
0.01820993423461914
0.10802316665649414
0.01898932456970215
0.018990278244018555
0.36124157905578613
0.01600933074951172
0.014635086059570312
0.0301663875579834
0.013006210327148438
0.018002033233642578
0.04805254936218262
0.11102128028869629
0.01770186424255371
0.019002676010131836
0.033982038497924805
0.03200936317443848
0.05602455139160156
0.036020517349243164
0.027008056640625
0.32051658630371094
0.11558866500854492
0.02400660514831543
