4.208826780319214
4.2642436027526855
4.3086183071136475
3.858506202697754
3.9657342433929443
3.9887163639068604
3.5923452377319336
4.033115386962891
4.197965145111084
3.7879531383514404
4.163612127304077
3.9717586040496826
4.017420768737793
4.1101393699646
3.99214768409729
4.162653684616089
3.991335391998291
3.788536787033081
4.00995135307312
3.656050682067871
3.910043478012085
3.944417715072632
3.715733289718628
4.17800235748291
5.844111919403076
4.7527852058410645
5.0882956981658936
5.256316423416138
4.6265106201171875
4.976518392562866
4.151737213134766
4.0738537311553955
3.7481746673583984
4.022346496582031
4.009713172912598
5.228996992111206
4.870967864990234
4.684324502944946
4.2124457359313965
4.482212066650391
4.548520803451538
4.50957727432251
4.679680347442627
4.647871732711792
5.195199728012085
4.603205680847168
4.967893838882446
4.9935221672058105
7.328045845031738
7.2633373737335205
5.513302326202393
5.838689804077148
5.953985929489136
5.337155342102051
5.143616199493408
5.722588539123535
4.884721040725708
5.686073064804077
6.389847040176392
5.000569105148315
5.408465385437012
4.951589822769165
5.441071510314941
5.402708053588867
5.362233877182007
5.5733802318573
5.39529275894165
5.286722660064697
6.045014142990112
5.980296850204468
6.472099781036377
5.758798837661743
7.112868309020996
6.620406627655029
6.07560920715332
5.701139450073242
6.249846458435059
6.202450275421143
6.7883460521698
6.727424621582031
7.114478826522827
7.837373495101929
6.5389299392700195
6.813961982727051
7.410080909729004
8.174082279205322
5.94661545753479
7.00579833984375
8.47322392463684
8.704723596572876
7.423067569732666
7.164734840393066
8.112106561660767
6.1929826736450195
5.876927375793457
6.564446210861206
7.647779941558838
7.028256416320801
8.282177209854126
7.894225597381592
6.475796699523926
7.155782699584961
6.676164627075195
8.403892755508423
6.503657341003418
6.251813888549805
5.73032546043396
6.583482265472412
7.018596649169922
6.8038482666015625
6.048952579498291
8.098891735076904
5.568714380264282
5.902031183242798
5.617823362350464
5.313430070877075
5.298886060714722
5.553081274032593
5.172646760940552
5.784067153930664
5.447946310043335
5.399987697601318
5.961409568786621
5.680815935134888
6.276578664779663
5.466937780380249
5.999952554702759
6.337886571884155
6.470047473907471
6.406402826309204
6.6461687088012695
6.55798864364624
6.776526927947998
7.290034294128418
6.766713857650757
7.806294918060303
6.832723617553711
7.633028030395508
7.165423393249512
9.302942752838135
8.791165351867676
8.909405946731567
6.859472036361694
6.777239799499512
8.33721113204956
6.630922794342041
9.19085955619812
5.842839956283569
7.9641828536987305
8.329181909561157
