0.25143909454345703
0.014008522033691406
0.012012004852294922
0.013732194900512695
0.01002955436706543
0.014996767044067383
0.010000467300415039
0.01199483871459961
0.013003349304199219
0.01101541519165039
0.019004344940185547
0.015007257461547852
0.026004791259765625
0.019498109817504883
0.01900482177734375
0.011000871658325195
0.015002965927124023
0.017011642456054688
0.018004894256591797
0.02600383758544922
0.025002717971801758
0.03701066970825195
0.013003826141357422
0.01800227165222168
0.05017352104187012
0.018004179000854492
0.019005298614501953
0.037012577056884766
0.013997316360473633
0.014003276824951172
0.011007547378540039
0.011993408203125
0.019093751907348633
0.01200246810913086
0.017004966735839844
0.037908077239990234
0.013008594512939453
0.014002084732055664
0.027002334594726562
0.015999555587768555
0.018999576568603516
0.02200174331665039
0.010314464569091797
0.016004323959350586
0.015004158020019531
0.012005090713500977
0.017003536224365234
0.033011674880981445
0.014995574951171875
0.016004323959350586
0.015001058578491211
0.09403014183044434
0.18532705307006836
0.1871352195739746
0.023003339767456055
0.024003267288208008
0.013015270233154297
0.010004520416259766
0.013997554779052734
0.013000965118408203
0.09100341796875
0.019070863723754883
0.021001100540161133
0.01253509521484375
0.12691950798034668
0.01700735092163086
0.15130305290222168
0.02001190185546875
0.08702826499938965
0.13199830055236816
0.0878744125366211
0.024022579193115234
0.02105545997619629
0.019009828567504883
0.014000654220581055
0.013019323348999023
0.012250900268554688
0.011006355285644531
0.012022972106933594
0.012011289596557617
0.015017986297607422
0.018000364303588867
0.014006853103637695
0.012002944946289062
0.012563228607177734
0.012929916381835938
0.017515182495117188
0.028131961822509766
0.011002302169799805
0.012989997863769531
0.23289704322814941
0.0224151611328125
0.08058547973632812
0.010514259338378906
0.015002965927124023
0.01600337028503418
0.01398777961730957
0.012646675109863281
0.01900458335876465
0.10062408447265625
0.017261505126953125
0.012113332748413086
0.015009641647338867
0.013002634048461914
0.022531986236572266
0.014000177383422852
0.014102935791015625
0.01700425148010254
0.02199387550354004
0.015002727508544922
0.01810908317565918
0.010003089904785156
0.010007143020629883
0.011009693145751953
0.010998964309692383
0.011000394821166992
0.019006967544555664
0.013000726699829102
0.012284040451049805
0.10503149032592773
0.019025325775146484
0.01900482177734375
0.028006315231323242
0.015002250671386719
0.01100301742553711
0.01600170135498047
0.018322467803955078
0.012003660202026367
0.012999773025512695
0.010000467300415039
0.015006303787231445
0.02200460433959961
0.024014711380004883
0.09214067459106445
0.011008024215698242
0.08602190017700195
0.025008440017700195
0.022003889083862305
0.01600480079650879
0.09659981727600098
0.01950216293334961
0.012129068374633789
0.01101231575012207
0.09031224250793457
0.01299142837524414
0.009015083312988281
0.01801776885986328
0.012001514434814453
0.015004634857177734
0.02718806266784668
0.2338426113128662
0.09418225288391113
0.24782872200012207
0.02600884437561035
0.04727792739868164
0.03200697898864746
0.050826311111450195
0.01986837387084961
0.022516965866088867
0.01001429557800293
0.2694401741027832
0.01100778579711914
0.026006698608398438
0.11255192756652832
0.037615060806274414
0.01100468635559082
0.02901172637939453
0.1000208854675293
0.03121805191040039
0.012034893035888672
0.040003299713134766
