0.5979206562042236
0.01697063446044922
0.015001773834228516
0.03675341606140137
0.027002811431884766
0.030002117156982422
0.016984939575195312
0.011001110076904297
0.035997867584228516
0.02499985694885254
0.024010419845581055
0.02500748634338379
0.012003421783447266
0.02984786033630371
0.013001441955566406
0.014003753662109375
0.03800702095031738
0.03222012519836426
0.029000520706176758
0.02400517463684082
0.020086288452148438
0.02300405502319336
0.029157400131225586
0.019003868103027344
0.026009321212768555
0.011940240859985352
0.034015655517578125
0.01600480079650879
0.041005611419677734
0.024076461791992188
0.020006656646728516
0.011003971099853516
0.01666569709777832
0.021008968353271484
0.016003847122192383
0.027005672454833984
0.013017416000366211
0.020021438598632812
0.020003318786621094
0.023003101348876953
0.027680158615112305
0.03155088424682617
0.017258644104003906
0.056017398834228516
0.014002799987792969
0.013997793197631836
0.03300905227661133
0.01399374008178711
0.062432050704956055
0.013004541397094727
0.018000364303588867
0.020042896270751953
0.020031452178955078
0.02500462532043457
0.023018598556518555
0.02701735496520996
0.025002002716064453
0.010997295379638672
0.025862455368041992
0.025014162063598633
0.01500844955444336
0.021010637283325195
0.009990692138671875
0.04483914375305176
0.014731407165527344
0.027014493942260742
0.03100419044494629
0.022092342376708984
0.011041879653930664
0.023998498916625977
0.012007474899291992
0.021991968154907227
0.01100301742553711
0.023009061813354492
0.016147851943969727
0.014003992080688477
0.014007329940795898
0.01422119140625
0.014000177383422852
0.01200246810913086
0.01499485969543457
0.011011362075805664
0.014959096908569336
0.011011123657226562
0.011013031005859375
0.012000322341918945
0.014019012451171875
0.014003515243530273
0.019623994827270508
0.01600813865661621
0.010129213333129883
0.013004541397094727
0.013003110885620117
0.011388063430786133
0.016002655029296875
0.015001535415649414
0.011004447937011719
0.012546777725219727
0.011017560958862305
0.02303767204284668
0.011573314666748047
0.016692399978637695
0.025194168090820312
0.01599407196044922
0.012008905410766602
0.024409770965576172
0.023003578186035156
0.01701188087463379
0.02500629425048828
0.022005319595336914
0.010005950927734375
0.011009454727172852
0.01501321792602539
0.029004335403442383
0.01499629020690918
0.01700448989868164
0.015451431274414062
0.011997222900390625
