4.037479400634766
4.029313325881958
3.6819329261779785
3.7073967456817627
3.70239520072937
4.2959160804748535
3.7660388946533203
3.995314359664917
4.212419509887695
3.960963249206543
4.476575136184692
4.603341817855835
4.3452465534210205
4.617173194885254
4.532633066177368
4.54354453086853
4.400677919387817
4.322337865829468
4.612889051437378
4.529677629470825
4.623832702636719
4.536711931228638
4.371805429458618
4.481409788131714
5.170034170150757
5.647416830062866
5.132488012313843
5.2691216468811035
4.82382869720459
5.439574718475342
4.654700517654419
5.339802980422974
5.891150236129761
4.574962854385376
4.968615531921387
5.298439025878906
5.387044906616211
5.152730941772461
5.485438346862793
4.884913206100464
5.233960866928101
5.595577955245972
5.223676443099976
4.737894773483276
4.737865447998047
4.595919132232666
4.862508058547974
5.600274085998535
5.601870775222778
5.792027235031128
5.807427644729614
5.699111700057983
4.774665355682373
5.98080849647522
4.693898677825928
5.596184730529785
6.242016553878784
5.810659646987915
4.159513473510742
4.196352005004883
4.083447694778442
5.155155658721924
5.103128671646118
5.399863243103027
5.494252443313599
5.19273567199707
5.131848096847534
4.763115644454956
5.509871482849121
4.640024662017822
5.164524793624878
4.893047332763672
5.788123607635498
4.493156671524048
4.860931396484375
4.167736530303955
4.173901557922363
4.2969560623168945
3.8081424236297607
4.106557369232178
4.183135032653809
4.607034683227539
4.617051601409912
4.835176229476929
4.438034772872925
4.837125778198242
5.104033946990967
4.349348306655884
4.785458087921143
4.571504354476929
4.471298933029175
4.4435882568359375
4.969572067260742
4.734562158584595
5.044322967529297
4.537376642227173
4.7017903327941895
4.216837167739868
4.584450006484985
4.6043922901153564
4.750326871871948
4.447204351425171
4.570245265960693
4.62054443359375
4.809462547302246
4.302012205123901
4.2377612590789795
3.951631546020508
5.320890188217163
5.25581955909729
5.913208961486816
5.2259461879730225
5.131717205047607
5.5952980518341064
4.786501884460449
5.735872268676758
5.009685277938843
5.658468246459961
5.368937730789185
5.952353239059448
4.650939464569092
6.059945821762085
5.172155141830444
5.1997528076171875
5.61053466796875
5.775915622711182
4.461345195770264
4.9985129833221436
5.650725364685059
5.511594295501709
5.720907211303711
4.8419365882873535
6.047324895858765
5.470690011978149
4.267805814743042
4.083348512649536
5.398977041244507
6.5017547607421875
5.270751953125
4.007289171218872
5.067417144775391
4.162247180938721
5.064030647277832
4.295909643173218
5.264590740203857
4.359471082687378
5.342787027359009
4.825559377670288
3.9433979988098145
5.2482099533081055
6.1805055141448975
6.665697336196899
7.336993455886841
5.557668447494507
7.657929182052612
5.758747100830078
7.966475009918213
5.865134000778198
8.03361439704895
7.061583757400513
7.014192581176758
7.2442626953125
7.482864618301392
6.747513294219971
7.1614179611206055
7.06938624382019
7.635305404663086
6.898437261581421
7.839092969894409
7.238749980926514
7.235411643981934
