0.626716136932373
0.6715893745422363
0.6124837398529053
0.690403938293457
0.6036844253540039
0.7226760387420654
0.6255383491516113
0.6246805191040039
0.6268136501312256
0.6197042465209961
0.6501121520996094
0.6227157115936279
0.6322085857391357
0.626410722732544
0.6505727767944336
0.6196115016937256
0.6395363807678223
0.6094784736633301
0.6050052642822266
0.6885895729064941
0.6295011043548584
0.6060531139373779
0.6847774982452393
0.6068928241729736
0.6986653804779053
0.6497626304626465
0.6514260768890381
0.6256217956542969
0.6273553371429443
0.6298635005950928
0.6249346733093262
0.6560771465301514
