0.6695389747619629
0.6269817352294922
0.6206529140472412
0.6197807788848877
0.6092896461486816
0.7147636413574219
0.6285240650177002
0.6277096271514893
0.6617887020111084
0.633538007736206
0.6339540481567383
0.6359517574310303
0.6359891891479492
0.6406121253967285
0.6337766647338867
0.6287600994110107
0.6252775192260742
0.6356298923492432
0.6070713996887207
0.7198216915130615
0.637448787689209
0.6079738140106201
0.7039892673492432
0.6293015480041504
0.7310984134674072
0.6598646640777588
0.6320011615753174
0.6522681713104248
0.659003496170044
0.6316256523132324
0.6363182067871094
0.6635239124298096
