0.0
0.0
0.0
0.0
0.0010008811950683594
0.0010004043579101562
0.0010066032409667969
0.0010073184967041016
0.0009987354278564453
0.0010008811950683594
0.0009996891021728516
0.0009996891021728516
0.0009949207305908203
0.0010008811950683594
0.0
0.0010068416595458984
0.0010006427764892578
0.001001596450805664
0.0
0.0009996891021728516
0.001001119613647461
0.0009930133819580078
0.001008749008178711
0.0
0.0
0.0009877681732177734
0.0010006427764892578
0.0009865760803222656
0.0010013580322265625
0.0009999275207519531
0.000993967056274414
0.0010001659393310547
