0.0
0.0009829998016357422
0.0010018348693847656
0.0009992122650146484
0.0010027885437011719
0.0009999275207519531
0.0
0.0
0.0
0.0009984970092773438
0.0010080337524414062
0.0010008811950683594
0.001001119613647461
0.0
0.0
0.0
0.0010008811950683594
0.0010097026824951172
0.0
0.0010004043579101562
0.0010046958923339844
0.0
0.001001596450805664
0.000993490219116211
0.0009982585906982422
0.0009942054748535156
0.0009999275207519531
0.0010001659393310547
0.0010004043579101562
0.0
0.001999378204345703
0.0010018348693847656
