0.034014225006103516
0.0029938220977783203
0.0030107498168945312
0.003998279571533203
0.0030002593994140625
0.003008127212524414
0.003000974655151367
0.0030074119567871094
0.024997949600219727
0.003203868865966797
0.003000974655151367
0.0040073394775390625
0.003007173538208008
0.0029942989349365234
0.003000974655151367
0.0030002593994140625
0.003001689910888672
0.01999354362487793
0.003008127212524414
0.025990724563598633
0.020004987716674805
0.003002166748046875
0.0030012130737304688
0.003007173538208008
0.021006345748901367
0.02599954605102539
0.002993345260620117
0.02499222755432129
0.02508831024169922
0.0040149688720703125
0.004001140594482422
0.03403306007385254
