0.578697919845581
0.6525933742523193
0.5744738578796387
0.6723995208740234
0.5846705436706543
0.6806840896606445
0.6055412292480469
0.6046695709228516
0.6078023910522461
0.600698709487915
0.6071040630340576
0.6007037162780762
0.6121976375579834
0.6068446636199951
0.607567548751831
0.6000375747680664
0.5975339412689209
0.5899255275726318
0.58500075340271
0.6695713996887207
0.5865035057067871
0.5860607624053955
0.6644816398620605
0.5878884792327881
0.6786141395568848
0.6123082637786865
0.6144325733184814
0.6049339771270752
0.6087608337402344
0.6108458042144775
0.604943037033081
0.604487419128418
