0.03601574897766113
0.0029985904693603516
0.022010326385498047
0.003000974655151367
0.0030024051666259766
0.025986194610595703
0.0029871463775634766
0.0030107498168945312
0.0030074119567871094
0.0030069351196289062
0.02600693702697754
0.0030074119567871094
0.004007101058959961
0.0029942989349365234
0.025986433029174805
0.0035572052001953125
0.024998188018798828
0.0029993057250976562
0.0030007362365722656
0.003014087677001953
0.025991439819335938
0.002986907958984375
0.003264904022216797
0.003000497817993164
0.003046274185180664
0.021448850631713867
0.02000284194946289
0.004014730453491211
0.0030088424682617188
0.0029997825622558594
0.002987384796142578
0.03558063507080078
