0.6205205917358398
0.6069912910461426
0.6016464233398438
0.5977783203125
0.5872831344604492
0.6947510242462158
0.6090009212493896
0.6086974143981934
0.6201009750366211
0.6133439540863037
0.6139421463012695
0.6159460544586182
0.6159837245941162
0.6216130256652832
0.6147689819335938
0.609755277633667
0.6052708625793457
0.598625898361206
0.5870590209960938
0.6768102645874023
0.599435567855835
0.587968111038208
0.6829793453216553
0.6093034744262695
0.6930892467498779
0.6168546676635742
0.6110031604766846
0.6102585792541504
0.6158735752105713
0.6096057891845703
0.6143271923065186
0.6124851703643799
