1.1247620582580566
1.0704967975616455
1.1627895832061768
1.102614402770996
1.130504846572876
1.159393072128296
1.1417343616485596
1.1044127941131592
1.1278131008148193
1.0679399967193604
1.1090123653411865
1.1300463676452637
1.0775516033172607
1.1598856449127197
1.151949405670166
1.0998587608337402
1.1406517028808594
1.1346187591552734
1.0835416316986084
1.1260523796081543
1.1380712985992432
1.108487844467163
1.1488597393035889
1.161426305770874
1.0643584728240967
1.2018938064575195
1.1166768074035645
1.1560883522033691
1.146371841430664
1.0990190505981445
1.181910514831543
1.170893907546997
1.0958104133605957
1.1586275100708008
1.150881052017212
1.1240615844726562
1.1324479579925537
1.1694021224975586
1.1071243286132812
1.2092483043670654
1.1420650482177734
1.1467196941375732
1.1792802810668945
1.1170332431793213
1.1333482265472412
1.2162401676177979
