1.2542552947998047
1.0398061275482178
1.0237064361572266
1.251826286315918
1.05165696144104
1.0176215171813965
1.1570546627044678
1.1896095275878906
1.0611927509307861
1.0586140155792236
1.0430660247802734
1.0328617095947266
1.1756644248962402
1.0448601245880127
1.194563388824463
1.0491447448730469
1.0228326320648193
1.1634166240692139
1.2109320163726807
1.064030647277832
1.0611159801483154
1.0560989379882812
1.0338118076324463
1.1963980197906494
1.0266978740692139
1.1728084087371826
1.0331978797912598
1.048356533050537
1.158111572265625
1.2191314697265625
1.063629150390625
1.050335168838501
1.0855181217193604
1.0222668647766113
1.1612849235534668
1.1696040630340576
1.2200846672058105
1.0354630947113037
1.0271046161651611
1.1503474712371826
1.2025017738342285
1.0879290103912354
1.0576932430267334
1.034630537033081
1.014237403869629
1.1859407424926758
1.0429790019989014
1.1824994087219238
1.0332810878753662
1.0198822021484375
1.1691515445709229
1.2190916538238525
1.0609080791473389
1.0724751949310303
1.0750608444213867
1.0431005954742432
1.188129186630249
1.0479774475097656
1.1881434917449951
1.0531961917877197
1.045374870300293
1.1694645881652832
1.2103030681610107
1.059659719467163
1.0541186332702637
1.0582704544067383
1.0539758205413818
1.1828043460845947
1.0625553131103516
1.1740479469299316
1.050785779953003
1.0448074340820312
1.1697108745574951
1.226611614227295
1.075624704360962
1.0841927528381348
1.0331952571868896
1.0507423877716064
1.1910724639892578
1.0418002605438232
1.19569730758667
1.0902159214019775
1.0397536754608154
1.1943027973175049
1.2188832759857178
1.062859296798706
1.0562937259674072
1.0608983039855957
1.0326361656188965
1.1700632572174072
1.026139259338379
1.1953256130218506
1.0600390434265137
1.0443744659423828
1.153562068939209
1.1945714950561523
1.073209524154663
1.0658233165740967
1.0577003955841064
1.0210199356079102
1.1938230991363525
1.0572423934936523
1.2055306434631348
1.0450851917266846
1.0475420951843262
1.179013967514038
1.2220385074615479
1.0854125022888184
1.0777995586395264
1.0770328044891357
1.055877923965454
1.191992998123169
1.046323299407959
1.209742546081543
1.0531740188598633
1.016575813293457
1.1731855869293213
1.2107226848602295
1.0685348510742188
1.055457353591919
1.0559988021850586
1.0234096050262451
1.1883094310760498
1.0478708744049072
1.1980013847351074
1.0566046237945557
1.03932523727417
1.1629996299743652
1.2150580883026123
1.0784900188446045
1.0609400272369385
1.052278995513916
1.0280890464782715
1.1706974506378174
1.0451838970184326
1.1971678733825684
1.0662806034088135
1.080688714981079
