1.1504225730895996
1.1404695510864258
1.1534202098846436
1.0843820571899414
1.1431150436401367
1.1491210460662842
1.0736191272735596
1.1687536239624023
1.1404671669006348
1.0824706554412842
1.193476915359497
1.1567771434783936
1.0979866981506348
1.1831016540527344
1.155799150466919
1.1128151416778564
1.1826229095458984
1.1567730903625488
1.0958960056304932
1.2046120166778564
1.1648128032684326
1.0883564949035645
1.183239221572876
1.1619949340820312
1.1073498725891113
1.1944689750671387
1.1711549758911133
1.0891318321228027
1.1865227222442627
1.1697502136230469
1.0892016887664795
1.1897225379943848
1.1737885475158691
1.098351240158081
1.2001254558563232
1.1805648803710938
1.0906305313110352
1.1972925662994385
1.1694159507751465
1.1063783168792725
1.2006878852844238
1.1912367343902588
1.1030962467193604
1.19746994972229
1.1786613464355469
1.1145572662353516
1.2216777801513672
1.1764471530914307
1.1036121845245361
1.2120964527130127
1.1818912029266357
1.1007232666015625
1.2064158916473389
1.1931848526000977
1.107224702835083
1.2056126594543457
1.187547206878662
1.1033968925476074
1.1931850910186768
1.1805696487426758
1.098992109298706
1.2032713890075684
1.1802818775177002
1.1146140098571777
1.208662509918213
1.1832685470581055
1.1069726943969727
1.1992518901824951
1.1886188983917236
1.1038637161254883
1.203634262084961
1.1852688789367676
1.1088809967041016
1.2010881900787354
1.1912944316864014
1.1469953060150146
1.2765483856201172
1.2323620319366455
1.1659040451049805
1.248955488204956
1.269843339920044
1.173703670501709
1.2418687343597412
1.2239704132080078
1.1758036613464355
1.2184946537017822
1.2407195568084717
1.1773436069488525
1.2923338413238525
1.260638952255249
1.1289653778076172
1.2435240745544434
1.1909728050231934
1.1354713439941406
1.2384588718414307
1.1881866455078125
1.1227867603302002
1.2298550605773926
1.1908080577850342
1.1091537475585938
1.2105703353881836
1.1974236965179443
1.1133086681365967
1.214984655380249
1.190443754196167
1.1140024662017822
1.2053406238555908
1.185633659362793
1.1149940490722656
1.220243215560913
1.2003798484802246
1.1130352020263672
1.21409273147583
1.1946420669555664
1.119227647781372
1.2135710716247559
1.1982886791229248
1.1264429092407227
1.2196123600006104
1.1868019104003906
1.1145308017730713
1.2136070728302002
1.205310344696045
1.1279118061065674
1.23832368850708
1.2026770114898682
1.1215648651123047
1.2167677879333496
1.1926443576812744
1.1200661659240723
1.215780258178711
1.1892590522766113
1.1147537231445312
1.2139954566955566
1.198991060256958
1.1151366233825684
1.2160301208496094
1.2018213272094727
1.1237120628356934
1.2259714603424072
1.2014031410217285
1.1183316707611084
1.222116470336914
1.2020020484924316
1.1402761936187744
1.2606072425842285
1.23233962059021
1.163224220275879
1.2908687591552734
1.2010722160339355
1.1199631690979004
1.2331335544586182
1.2200145721435547
1.1458814144134521
1.2470834255218506
1.2107820510864258
1.1454524993896484
1.212111473083496
1.1987824440002441
1.1523165702819824
1.2974998950958252
1.2305529117584229
1.1548094749450684
1.2632524967193604
1.2413098812103271
1.176006555557251
1.245091199874878
1.218139886856079
1.1451952457427979
1.26359224319458
1.2111179828643799
1.1359026432037354
1.2842533588409424
1.2357873916625977
1.1698997020721436
1.2724545001983643
1.2682394981384277
1.158813714981079
1.246110439300537
1.2509701251983643
1.1394617557525635
1.2337937355041504
1.2371916770935059
1.1255931854248047
1.2705132961273193
1.209735631942749
1.1341781616210938
1.2461237907409668
1.2244234085083008
1.160994052886963
1.2566859722137451
1.205730676651001
1.1522963047027588
1.2444262504577637
1.2385544776916504
1.15777587890625
1.2511467933654785
1.3381106853485107
1.2390494346618652
1.2819578647613525
1.2157399654388428
1.1399550437927246
1.239140272140503
1.2224233150482178
1.1545259952545166
1.2371904850006104
1.218851089477539
1.1564621925354004
1.2437527179718018
1.2627391815185547
1.1643476486206055
1.2391841411590576
1.2057163715362549
1.133577823638916
1.2333672046661377
1.21571683883667
1.1295194625854492
1.2408607006072998
1.201540470123291
1.1308355331420898
1.2300245761871338
1.2061967849731445
1.1323442459106445
1.2291648387908936
1.2076301574707031
1.1423194408416748
1.2306106090545654
1.2001938819885254
1.1265828609466553
1.232128381729126
1.2173042297363281
1.122391700744629
1.2262167930603027
1.213876485824585
1.1257801055908203
1.220489501953125
1.2145345211029053
1.1358790397644043
1.2301840782165527
1.2109990119934082
1.1269919872283936
1.2332956790924072
1.2087593078613281
1.1463732719421387
1.220569372177124
1.208972692489624
1.1318080425262451
1.2258434295654297
1.2601110935211182
1.1250946521759033
1.2365288734436035
1.2115800380706787
1.1312987804412842
1.2309412956237793
1.2157971858978271
1.1326320171356201
1.2416837215423584
1.239605188369751
1.1564240455627441
1.2423954010009766
1.2277891635894775
1.152393102645874
1.2266685962677002
1.2270417213439941
1.1347944736480713
1.2388498783111572
1.207862377166748
1.1306681632995605
1.2324471473693848
1.2068071365356445
1.1437065601348877
1.2495334148406982
1.2094764709472656
1.141817331314087
1.2393009662628174
1.2146382331848145
1.1341066360473633
1.2327353954315186
1.2189042568206787
1.1303837299346924
1.2299933433532715
1.2139174938201904
1.12825608253479
1.2407281398773193
1.2242040634155273
1.1367106437683105
1.2292418479919434
1.2118871212005615
1.1368904113769531
1.236598014831543
1.2074978351593018
1.1365973949432373
1.2391552925109863
1.217743158340454
1.1414506435394287
1.2425439357757568
1.2147531509399414
1.1376168727874756
1.2397043704986572
1.2264091968536377
1.1435906887054443
1.2469501495361328
1.2185919284820557
1.134840726852417
1.2431108951568604
1.2208175659179688
1.1310503482818604
1.2431128025054932
1.2183823585510254
1.1554722785949707
1.2358675003051758
1.2182841300964355
1.1368470191955566
1.2456223964691162
1.2271592617034912
1.1447830200195312
1.2409679889678955
1.2076239585876465
1.1597943305969238
1.2357680797576904
1.2128536701202393
1.1488120555877686
1.2368288040161133
1.22178316116333
1.1430559158325195
1.2273218631744385
1.2225372791290283
1.1418492794036865
1.2332756519317627
1.2155911922454834
1.1414730548858643
1.2332558631896973
1.217569351196289
1.1409571170806885
1.2399115562438965
1.2115159034729004
1.1406331062316895
1.2664413452148438
1.2250466346740723
1.1364967823028564
1.238743543624878
1.2143142223358154
1.1273715496063232
1.2368378639221191
1.2159059047698975
1.1409072875976562
1.2455809116363525
1.2240393161773682
1.1402485370635986
1.2557919025421143
1.2263057231903076
1.1426050662994385
1.2456364631652832
1.2217445373535156
1.1420612335205078
1.2671997547149658
1.2185912132263184
1.1367652416229248
1.237872838973999
1.21844482421875
1.140333890914917
1.2427575588226318
1.214986801147461
1.1530160903930664
1.2391934394836426
1.2217271327972412
1.1397371292114258
1.246953010559082
1.2200677394866943
1.1376876831054688
1.2498037815093994
1.2306134700775146
1.1667859554290771
1.2435059547424316
1.2158758640289307
1.1487970352172852
1.2416586875915527
1.213224172592163
1.1464853286743164
1.2681453227996826
1.2315723896026611
1.1471712589263916
1.2375645637512207
1.2225210666656494
1.1564033031463623
1.2368998527526855
1.2284667491912842
1.1353867053985596
1.2578721046447754
1.2245230674743652
1.1670632362365723
1.2590341567993164
1.2271323204040527
1.202483892440796
1.3080668449401855
1.2788136005401611
1.216620683670044
1.3126137256622314
1.3091487884521484
1.2176487445831299
1.3159573078155518
1.2660577297210693
1.1868844032287598
1.291130542755127
1.293527364730835
1.194873571395874
1.303795576095581
1.2695350646972656
1.2026865482330322
1.2784712314605713
1.2645840644836426
1.1811602115631104
1.2992322444915771
1.283116102218628
1.1897251605987549
1.2882013320922852
1.2954938411712646
1.19675874710083
1.2937061786651611
1.2712798118591309
1.2075259685516357
1.2869551181793213
1.289280652999878
1.2044079303741455
1.3030447959899902
1.2743496894836426
1.178739070892334
1.3005008697509766
1.2731106281280518
1.184511423110962
1.2901711463928223
1.2691318988800049
1.1938002109527588
1.2888803482055664
1.267317295074463
1.1879503726959229
1.3173456192016602
1.2776336669921875
1.1956982612609863
1.2979063987731934
1.2884025573730469
1.2038366794586182
1.3293325901031494
1.2981202602386475
1.2116005420684814
1.3066163063049316
1.2984695434570312
1.2115917205810547
1.3002777099609375
1.2845392227172852
1.2102806568145752
1.3118574619293213
1.295372486114502
1.246884822845459
1.3600502014160156
1.3349356651306152
1.2456109523773193
1.3613755702972412
1.2978713512420654
1.345008373260498
1.3640501499176025
1.3951337337493896
1.286245584487915
1.4179496765136719
1.3319263458251953
1.24769926071167
1.3996152877807617
1.3698644638061523
1.2636845111846924
1.3640708923339844
1.297520399093628
1.254382610321045
1.3377609252929688
1.2901506423950195
1.212134599685669
1.3119943141937256
1.3013553619384766
1.2049753665924072
1.316821813583374
1.284132957458496
1.2027044296264648
1.3045759201049805
1.3783235549926758
1.2214689254760742
1.321885347366333
1.2809031009674072
1.2032058238983154
1.311310052871704
1.2862298488616943
1.2203948497772217
1.3415546417236328
1.2945194244384766
1.2085607051849365
1.3198292255401611
1.2877819538116455
1.204124927520752
1.3986916542053223
1.3648250102996826
1.208831548690796
1.308413028717041
1.287642002105713
1.1972692012786865
1.3290183544158936
1.3109321594238281
1.2360105514526367
1.3255562782287598
1.2843737602233887
1.1881675720214844
1.3562142848968506
1.3394083976745605
1.2272436618804932
1.3809027671813965
1.2291955947875977
1.2884597778320312
1.294921875
1.237494707107544
1.2856428623199463
1.3048176765441895
1.2487852573394775
1.2759191989898682
1.30625581741333
1.2005596160888672
1.3588829040527344
1.2700831890106201
1.2471888065338135
1.2713549137115479
1.2011287212371826
1.2407245635986328
1.2791974544525146
1.194218397140503
1.2412323951721191
1.2613837718963623
1.1996183395385742
1.2546892166137695
1.260589361190796
1.1920883655548096
1.3067123889923096
1.1992034912109375
1.2525560855865479
1.2513091564178467
1.1921014785766602
1.2579240798950195
1.2656457424163818
1.1942999362945557
1.2379491329193115
1.270979881286621
1.1938660144805908
1.2434372901916504
1.2869617938995361
1.634843349456787
2.1394660472869873
1.414146900177002
1.3371129035949707
1.3619935512542725
1.3181886672973633
1.4232771396636963
1.4360790252685547
1.3305091857910156
1.4719359874725342
1.3949611186981201
1.2902247905731201
1.33160400390625
1.3431448936462402
1.289916753768921
1.4610283374786377
1.33054518699646
1.3140053749084473
1.278836965560913
1.2178955078125
1.2574374675750732
1.2829654216766357
1.2020704746246338
1.263622760772705
1.2712998390197754
1.2065508365631104
1.262561321258545
1.2672643661499023
1.1834442615509033
1.2954933643341064
1.201446294784546
1.2399098873138428
1.2709100246429443
1.194481372833252
1.252443790435791
1.2608799934387207
1.1975059509277344
1.2750921249389648
1.271219253540039
1.1884167194366455
1.2467241287231445
1.2572107315063477
1.1975173950195312
1.300645112991333
1.1893904209136963
1.2405097484588623
1.2707452774047852
1.2067241668701172
1.2482054233551025
1.2644853591918945
1.2033700942993164
1.2404882907867432
1.2626628875732422
1.1976797580718994
1.2462360858917236
1.2494208812713623
1.1706314086914062
1.2905426025390625
1.1883337497711182
1.247288703918457
1.2702326774597168
1.1996190547943115
1.238755464553833
1.2673814296722412
1.1958754062652588
1.2575569152832031
1.2492120265960693
1.191887378692627
1.2334060668945312
1.250425100326538
1.1754043102264404
1.2914631366729736
1.1848337650299072
1.2447872161865234
1.2646183967590332
1.2059712409973145
1.2638499736785889
1.2745680809020996
1.1958820819854736
1.2482819557189941
1.2751023769378662
1.1943976879119873
1.234816551208496
1.2541542053222656
1.1755919456481934
1.3004541397094727
1.2137408256530762
1.2536838054656982
1.2581102848052979
1.1997339725494385
1.25048828125
1.2565255165100098
1.184612512588501
1.2544586658477783
1.2471792697906494
1.187164068222046
1.2292718887329102
1.2501943111419678
1.1754040718078613
1.3077080249786377
1.1965255737304688
1.2360780239105225
1.2542738914489746
1.1867561340332031
1.2396633625030518
1.256587266921997
1.1992671489715576
1.250943899154663
1.2555832862854004
1.2141306400299072
1.2417428493499756
1.2611548900604248
1.1778037548065186
1.3005452156066895
1.200814962387085
1.246168851852417
1.260826826095581
1.1938509941101074
1.2512927055358887
1.27242112159729
1.1842560768127441
1.2409191131591797
1.2539479732513428
1.2028403282165527
1.2386360168457031
1.2555766105651855
1.17447829246521
1.3307867050170898
1.1962928771972656
1.2482519149780273
1.270282506942749
1.2041006088256836
1.245903730392456
1.2551991939544678
1.2168314456939697
1.2654399871826172
1.2596981525421143
1.1942687034606934
1.2342686653137207
1.2591171264648438
1.238577127456665
1.3008837699890137
1.1924846172332764
1.2533881664276123
1.2621417045593262
1.1944892406463623
1.2467772960662842
1.2711095809936523
1.1927757263183594
1.2377984523773193
1.2511825561523438
1.219111442565918
1.2440762519836426
1.2629106044769287
1.1897714138031006
1.3258569240570068
1.1972792148590088
1.2463743686676025
1.2516491413116455
1.1995010375976562
1.2630109786987305
1.2598474025726318
1.2036304473876953
1.25184965133667
1.2579960823059082
1.1874358654022217
1.2430341243743896
1.2684400081634521
1.1778044700622559
1.296886682510376
1.1921913623809814
1.2736599445343018
1.2677700519561768
1.2007777690887451
1.2436563968658447
1.291600227355957
1.1953814029693604
1.2443645000457764
1.2593817710876465
1.1995611190795898
1.2438585758209229
1.267200231552124
1.185079574584961
1.2964155673980713
1.1992104053497314
1.2479321956634521
