1.2127702236175537
1.2129006385803223
1.070749044418335
1.0776681900024414
1.0569663047790527
1.0338938236236572
1.1719822883605957
1.1867353916168213
1.0537350177764893
1.0468881130218506
1.1660614013671875
1.0387051105499268
1.174835443496704
1.0442066192626953
1.1740398406982422
1.2158725261688232
1.078357219696045
1.0758275985717773
1.0654540061950684
1.041649580001831
1.1903846263885498
1.0505282878875732
1.1948425769805908
1.0548675060272217
1.0422728061676025
1.1874215602874756
1.0604805946350098
1.2207133769989014
1.0697755813598633
1.0611417293548584
1.0470926761627197
1.1773669719696045
1.054121732711792
1.2030894756317139
1.0529210567474365
1.051523208618164
1.1955764293670654
1.0463664531707764
1.2175369262695312
1.0755603313446045
1.0921905040740967
1.051581859588623
1.1882338523864746
1.0536458492279053
1.216956615447998
1.072153091430664
1.0638811588287354
1.2110888957977295
1.0588946342468262
1.2213020324707031
1.074664831161499
1.0559611320495605
1.0530312061309814
1.1888210773468018
1.0474848747253418
1.2070271968841553
1.0703346729278564
1.049182653427124
1.219977617263794
1.0560898780822754
1.2260231971740723
1.0792481899261475
1.071333885192871
1.0512316226959229
1.1885125637054443
1.0530672073364258
1.2107875347137451
1.0643141269683838
1.061713695526123
1.2005913257598877
1.0629944801330566
1.2252771854400635
1.0798673629760742
1.068936824798584
1.057375192642212
1.194021463394165
1.0546014308929443
1.2081670761108398
1.073394775390625
1.080491542816162
1.2032382488250732
1.0632939338684082
1.2139003276824951
1.085592269897461
1.066871166229248
1.0479557514190674
1.1935389041900635
1.0544428825378418
1.2078087329864502
1.0646913051605225
1.0588319301605225
1.2082934379577637
1.0620229244232178
1.2250497341156006
1.0841624736785889
1.0714397430419922
1.0609846115112305
1.206742286682129
1.0555827617645264
1.2071051597595215
1.0728061199188232
1.0655462741851807
1.2066073417663574
1.0537457466125488
1.2326686382293701
1.0807464122772217
1.0806870460510254
1.0541298389434814
1.1865906715393066
1.0667881965637207
1.2276287078857422
1.106550693511963
1.0679142475128174
1.2028894424438477
1.0661637783050537
1.2213151454925537
1.0870721340179443
1.0646333694458008
1.0562770366668701
1.19734787940979
1.07513427734375
1.2070207595825195
1.0768988132476807
1.0642259120941162
1.2202668190002441
1.0650432109832764
1.2479321956634521
1.0794472694396973
1.078270673751831
1.0596392154693604
1.2018015384674072
1.0708773136138916
1.2113149166107178
1.0764780044555664
1.0679881572723389
1.204275369644165
1.0674421787261963
1.2410063743591309
1.0835161209106445
1.0717453956604004
1.0506839752197266
1.208672285079956
1.0702555179595947
1.2174303531646729
1.0824873447418213
1.068854570388794
1.2115082740783691
1.0736427307128906
1.2256791591644287
1.1013150215148926
1.0722932815551758
1.05977201461792
1.211026668548584
1.0558042526245117
1.2267544269561768
1.0791733264923096
1.0588324069976807
1.2053353786468506
1.065763235092163
1.2345666885375977
1.0867483615875244
1.0736207962036133
1.0647499561309814
1.206345796585083
1.0719480514526367
1.2567505836486816
1.079662561416626
1.0695233345031738
1.2082571983337402
1.0759837627410889
1.2234678268432617
1.0882859230041504
1.1045212745666504
1.0632660388946533
1.1961333751678467
1.0630786418914795
1.2203950881958008
1.0928714275360107
1.0637538433074951
1.2166953086853027
1.063901424407959
1.2286429405212402
1.0780022144317627
1.0749895572662354
1.0719504356384277
1.2017607688903809
1.070390224456787
1.2228538990020752
1.0702002048492432
1.065566062927246
1.223689079284668
1.0695953369140625
1.2430815696716309
1.0956568717956543
1.076840877532959
1.0587983131408691
1.2029104232788086
1.0673878192901611
1.2263774871826172
1.0860488414764404
1.060227870941162
1.2176523208618164
1.0730574131011963
1.242767333984375
1.0877106189727783
1.0826044082641602
1.0603387355804443
1.1989517211914062
1.0780715942382812
1.2289068698883057
1.0808186531066895
1.0616958141326904
1.212076187133789
1.0757513046264648
1.2462420463562012
1.0940287113189697
1.079153299331665
1.073399543762207
1.207061529159546
1.0904028415679932
1.2462596893310547
1.1106064319610596
1.089111328125
1.2169923782348633
1.0672521591186523
1.2355890274047852
1.091050624847412
1.089165210723877
1.0733609199523926
1.2105672359466553
1.0724804401397705
1.220137596130371
1.0842664241790771
1.072322130203247
1.219106912612915
1.0736932754516602
1.2403850555419922
1.0906739234924316
1.0778374671936035
1.0703532695770264
1.220874547958374
1.0753719806671143
1.2199904918670654
1.1006388664245605
1.0930078029632568
1.2458741664886475
1.0802311897277832
1.245548963546753
1.097616195678711
1.0859489440917969
1.0635743141174316
1.2027356624603271
1.078050136566162
1.2196941375732422
1.092346429824829
1.0741901397705078
1.2326736450195312
1.0750768184661865
1.2421460151672363
1.0913007259368896
1.0838167667388916
1.0703155994415283
1.2113275527954102
1.063608169555664
1.2348442077636719
1.0980315208435059
1.0705814361572266
1.2453978061676025
1.0904779434204102
1.2392196655273438
1.093449354171753
1.0837278366088867
1.094954490661621
1.2142937183380127
1.080406665802002
1.2267467975616455
1.0873284339904785
1.0713329315185547
1.229705810546875
1.0863983631134033
1.2432069778442383
1.1078448295593262
1.0885958671569824
1.0789313316345215
1.2191088199615479
1.076714277267456
1.2260277271270752
1.0905084609985352
1.0671422481536865
1.2199993133544922
1.0787270069122314
1.2417566776275635
1.113584280014038
1.0831241607666016
1.116365671157837
1.3749034404754639
1.1580562591552734
1.3282346725463867
1.0981459617614746
1.0892491340637207
1.2223482131958008
1.0843536853790283
1.2449862957000732
1.0979914665222168
1.1070091724395752
1.0654313564300537
1.2192933559417725
1.0800092220306396
1.2297189235687256
1.1124248504638672
1.073620319366455
1.2229046821594238
1.073493242263794
1.243764877319336
1.1049399375915527
1.0910217761993408
1.087918758392334
1.2298340797424316
1.080636739730835
1.232853889465332
1.0961699485778809
1.0939531326293945
1.0698437690734863
1.201460599899292
1.0762946605682373
1.2207870483398438
1.0716803073883057
1.2066867351531982
1.2437641620635986
1.1076641082763672
1.1256859302520752
1.0871813297271729
1.0687413215637207
1.2098212242126465
1.075429916381836
1.236663579940796
1.0911931991577148
1.0713605880737305
1.2050449848175049
1.2601900100708008
1.1075704097747803
1.100667953491211
1.10090970993042
1.0708916187286377
1.2158925533294678
1.0747957229614258
1.2347500324249268
1.085902214050293
1.0729968547821045
1.2037241458892822
1.25008225440979
1.1100623607635498
1.0989818572998047
1.090158224105835
1.0833516120910645
1.2225096225738525
1.0839638710021973
1.2322797775268555
1.0945703983306885
1.0743980407714844
1.2076332569122314
1.25624418258667
1.1121833324432373
1.0993213653564453
1.0907902717590332
1.075019121170044
1.2289855480194092
1.074258804321289
1.228142261505127
1.0971829891204834
1.0791120529174805
1.2171874046325684
1.257045030593872
1.1121764183044434
1.109118938446045
1.0908665657043457
1.0832545757293701
1.2371270656585693
1.0836517810821533
1.2389724254608154
1.089643955230713
1.0741913318634033
1.2018647193908691
1.2687091827392578
1.1104836463928223
1.093501091003418
1.0948917865753174
1.0751314163208008
1.2226977348327637
1.0776128768920898
1.232762098312378
1.0914983749389648
1.0762381553649902
1.211052417755127
1.2537164688110352
1.1184043884277344
1.1008903980255127
1.094343900680542
1.070878267288208
1.218712568283081
1.0915954113006592
1.242370843887329
1.0991852283477783
1.0957930088043213
1.2200467586517334
1.2651336193084717
1.1194589138031006
1.1039609909057617
1.0982983112335205
1.0808563232421875
1.225184440612793
1.0843265056610107
1.2294285297393799
1.0947046279907227
1.076552391052246
1.2192180156707764
1.2650530338287354
1.1071884632110596
1.1117150783538818
1.1064023971557617
1.0811572074890137
1.2210934162139893
1.0764472484588623
1.2328214645385742
1.0957789421081543
1.0681648254394531
1.2142632007598877
1.2755906581878662
1.1257588863372803
1.1003363132476807
1.1128039360046387
1.0996346473693848
1.2430999279022217
1.0862267017364502
1.247443437576294
1.0938634872436523
1.071580410003662
1.2098147869110107
1.2619707584381104
1.1178035736083984
1.1120502948760986
1.0961267948150635
1.0804989337921143
1.2260878086090088
1.0836267471313477
1.2433221340179443
1.1010496616363525
1.0672962665557861
1.2122657299041748
1.2573113441467285
1.1248664855957031
1.1107871532440186
1.100233793258667
1.0885472297668457
1.227241039276123
1.0896873474121094
1.2354631423950195
1.089423418045044
1.0709338188171387
1.2113521099090576
1.2601428031921387
1.1247084140777588
1.1213271617889404
1.0940349102020264
1.0836029052734375
1.2325739860534668
1.0953407287597656
1.268172264099121
1.0976557731628418
1.071760654449463
1.214425802230835
1.2672791481018066
1.111781120300293
1.1176612377166748
1.0999221801757812
1.0942199230194092
1.2275497913360596
1.0927629470825195
1.2408931255340576
1.098222255706787
1.091684341430664
1.2199933528900146
1.2980258464813232
1.1223764419555664
1.108644962310791
1.1037964820861816
1.0853965282440186
1.2412309646606445
1.091426134109497
1.2459182739257812
1.105541706085205
1.0947515964508057
1.2147226333618164
1.264894962310791
1.126805305480957
1.111523151397705
1.1045801639556885
1.0854153633117676
1.2268848419189453
1.0940704345703125
1.2399890422821045
1.1165475845336914
1.0803310871124268
1.2319860458374023
1.281646728515625
1.1274633407592773
1.1187491416931152
1.1038122177124023
1.0954959392547607
1.2437562942504883
1.0891149044036865
1.2426354885101318
1.108818531036377
1.08540678024292
1.2213990688323975
1.2675259113311768
1.1236364841461182
1.115696907043457
1.1163828372955322
1.1134848594665527
1.2276861667633057
1.0861833095550537
1.2447624206542969
1.105374813079834
1.0757296085357666
1.2086215019226074
1.2629239559173584
1.1211636066436768
1.1188323497772217
1.1040639877319336
1.090095043182373
1.2322375774383545
1.092113733291626
1.2475876808166504
1.099076271057129
1.094254732131958
1.2242300510406494
1.2675433158874512
1.1376011371612549
1.1140620708465576
1.1214213371276855
1.088576078414917
1.2285351753234863
1.0950477123260498
1.2466492652893066
1.1069960594177246
1.0856547355651855
1.2213561534881592
1.281358003616333
1.2031772136688232
1.1615865230560303
1.1313931941986084
1.1061122417449951
1.2594785690307617
1.1004724502563477
1.2573492527008057
1.1044690608978271
1.1091609001159668
1.2316086292266846
1.2723100185394287
1.1371831893920898
1.1264777183532715
1.1064906120300293
1.0944571495056152
1.2332937717437744
1.0978481769561768
1.2444963455200195
1.1029973030090332
1.0795276165008545
1.2127351760864258
1.2732999324798584
1.1218767166137695
1.1130828857421875
1.1140210628509521
1.0878069400787354
1.2526493072509766
1.0935568809509277
1.2709665298461914
1.1000704765319824
1.0879292488098145
1.2418406009674072
1.270911693572998
1.1374990940093994
1.1376667022705078
1.1095390319824219
1.0911977291107178
1.2613415718078613
1.1206138134002686
1.2920913696289062
1.1171188354492188
1.0794689655303955
1.2254130840301514
1.2719802856445312
1.1274526119232178
1.1204915046691895
1.110644817352295
1.1412830352783203
1.2276310920715332
1.0970635414123535
1.255112886428833
1.115903377532959
1.091273307800293
1.2208456993103027
1.285050630569458
1.133300542831421
1.120434284210205
1.107440710067749
1.0918288230895996
1.2599024772644043
1.0977535247802734
1.2553913593292236
1.117673397064209
1.0921039581298828
1.2259790897369385
1.2693700790405273
1.1268789768218994
1.1389765739440918
1.1285362243652344
1.0997800827026367
1.2395260334014893
1.0955123901367188
1.2519230842590332
1.1022851467132568
1.089695930480957
1.2371313571929932
1.2846615314483643
1.129589319229126
1.1235063076019287
1.1168546676635742
1.0990076065063477
1.253171682357788
1.1013543605804443
1.2471377849578857
1.1122653484344482
1.0814599990844727
1.2379558086395264
1.2784881591796875
1.1346960067749023
1.1596648693084717
1.1470205783843994
1.0992698669433594
1.2415845394134521
1.1064598560333252
1.2709219455718994
1.1082894802093506
1.1056098937988281
1.2225852012634277
1.2862114906311035
1.13895583152771
1.1276090145111084
1.1139583587646484
1.1062026023864746
1.2618746757507324
1.1128456592559814
1.2477843761444092
1.1415364742279053
1.100461721420288
1.2311923503875732
1.2732572555541992
1.1326401233673096
1.1519215106964111
1.1169579029083252
1.100426197052002
1.242579698562622
1.1046831607818604
1.25651216506958
1.1165602207183838
1.0903584957122803
1.2361433506011963
1.2811191082000732
1.1365323066711426
1.1317188739776611
1.1125297546386719
1.1121203899383545
1.2490592002868652
1.1118531227111816
1.2550358772277832
1.1269176006317139
1.0988476276397705
1.2352359294891357
1.2785015106201172
1.1485602855682373
1.1342737674713135
1.1200041770935059
1.098712682723999
1.2392024993896484
1.1012885570526123
1.2487237453460693
1.1059415340423584
1.103839635848999
1.2528538703918457
1.2835233211517334
1.137188196182251
1.1260523796081543
1.1267468929290771
1.0976340770721436
1.2491583824157715
1.1006014347076416
1.2633438110351562
1.1176106929779053
1.0971109867095947
1.2383337020874023
1.285341501235962
1.1360957622528076
1.1314730644226074
1.1351399421691895
1.1068079471588135
1.248882532119751
1.1195125579833984
1.2627358436584473
1.1238925457000732
1.0996325016021729
1.2328882217407227
1.2853367328643799
1.1415386199951172
1.1328740119934082
1.1244313716888428
1.1141934394836426
1.2591373920440674
1.1174356937408447
1.2643170356750488
1.1192057132720947
1.0871975421905518
1.2316851615905762
1.2877612113952637
1.1516432762145996
1.143430471420288
1.1293916702270508
1.1095585823059082
1.2395925521850586
1.105116605758667
1.2647364139556885
1.1242408752441406
1.1359155178070068
1.2236154079437256
1.2977468967437744
1.1463301181793213
1.1340272426605225
1.124356985092163
1.0999794006347656
1.2462399005889893
1.1277680397033691
1.2762441635131836
1.1181867122650146
1.1001405715942383
1.2461442947387695
1.3219010829925537
1.1693518161773682
1.143921136856079
1.1215887069702148
1.1034438610076904
1.24216628074646
1.1109085083007812
1.2577860355377197
1.133279800415039
1.1055059432983398
1.2695238590240479
1.2901027202606201
1.1451590061187744
1.145998477935791
1.1199991703033447
1.1060373783111572
1.273916244506836
1.1087794303894043
1.2697563171386719
1.1153512001037598
1.1005871295928955
1.2379114627838135
1.2803189754486084
1.1529357433319092
1.1359953880310059
1.1484694480895996
1.1313600540161133
1.244335651397705
1.1041767597198486
1.2590467929840088
1.1218647956848145
1.0957074165344238
1.2314236164093018
1.2911510467529297
1.1421327590942383
1.150841474533081
1.1340012550354004
1.1062960624694824
1.2693355083465576
1.1056814193725586
