0.0
0.0009999275207519531
0.0010025501251220703
0.0010006427764892578
0.0
0.0010004043579101562
0.0009999275207519531
0.0009987354278564453
0.0010089874267578125
0.0010004043579101562
0.0009996891021728516
0.0010008811950683594
0.0020003318786621094
0.0030074119567871094
0.0010006427764892578
0.0030128955841064453
0.0029871463775634766
0.00267791748046875
0.0029861927032470703
0.0020072460174560547
0.0033414363861083984
0.002998828887939453
0.003007173538208008
0.0030057430267333984
0.0029888153076171875
0.0029959678649902344
0.004001140594482422
0.0035827159881591797
0.0039958953857421875
0.002996683120727539
0.0040149688720703125
0.0037479400634765625
0.003013134002685547
0.003011941909790039
0.0030057430267333984
0.002996683120727539
0.003999948501586914
0.002986431121826172
0.0030002593994140625
0.003012418746948242
0.0030012130737304688
0.004012584686279297
0.003989458084106445
0.0030012130737304688
0.00399470329284668
0.0025064945220947266
0.0040132999420166016
0.003997802734375
0.004007577896118164
0.004002809524536133
0.002994537353515625
0.003988504409790039
0.003990888595581055
0.004000425338745117
0.002993345260620117
0.003989458084106445
0.0040130615234375
0.0031800270080566406
0.0040013790130615234
0.0040132999420166016
0.0040073394775390625
0.004002571105957031
0.005018711090087891
0.0040056705474853516
0.00400090217590332
0.0050220489501953125
0.004019498825073242
0.003998517990112305
0.003989458084106445
0.005005836486816406
0.00400233268737793
0.005008220672607422
0.0049877166748046875
0.00400090217590332
0.004000425338745117
0.004599571228027344
0.005000114440917969
0.00500178337097168
0.0050165653228759766
0.006014585494995117
0.004002094268798828
0.005001544952392578
0.005003690719604492
0.00500178337097168
0.004732370376586914
0.0050160884857177734
0.00600123405456543
0.0049953460693359375
0.00458216667175293
0.005009174346923828
0.005003690719604492
0.0049860477447509766
0.004989147186279297
0.00498199462890625
0.00600123405456543
0.006001949310302734
0.004994392395019531
0.004996299743652344
0.0049893856048583984
0.005006551742553711
0.006009578704833984
0.004987478256225586
0.005982398986816406
0.004993438720703125
0.005003213882446289
0.004987955093383789
0.00499415397644043
0.0060079097747802734
0.00601649284362793
0.005995273590087891
0.005984067916870117
0.006003379821777344
0.006008148193359375
0.0065610408782958984
0.00600743293762207
0.0059964656829833984
0.0059967041015625
0.006002664566040039
0.0060045719146728516
0.006002664566040039
0.0059871673583984375
0.0070149898529052734
0.005990266799926758
0.007008552551269531
0.006997346878051758
0.007015228271484375
0.007985353469848633
0.006006717681884766
0.0060160160064697266
0.006517171859741211
0.007009029388427734
0.006994485855102539
0.008015632629394531
0.007001161575317383
0.00598907470703125
0.0069904327392578125
0.007006168365478516
0.008008480072021484
0.00700688362121582
0.00699305534362793
0.007999181747436523
0.008000373840332031
0.006991863250732422
0.008010625839233398
0.008002758026123047
0.008000850677490234
0.007002592086791992
0.007002353668212891
0.00799417495727539
0.00798344612121582
0.006993770599365234
0.009016275405883789
0.008003950119018555
0.008002042770385742
0.009003162384033203
0.009002923965454102
0.008002758026123047
0.008022546768188477
0.008001327514648438
0.00800180435180664
0.008004188537597656
0.008005619049072266
0.009002447128295898
0.00902247428894043
0.008803367614746094
0.009000539779663086
0.00899958610534668
0.008981466293334961
0.009009361267089844
0.008993387222290039
0.008010387420654297
0.007981061935424805
0.010005950927734375
0.009013652801513672
0.009463071823120117
0.00899958610534668
0.009002685546875
0.009002447128295898
0.008560657501220703
0.009574651718139648
0.009003162384033203
0.007990598678588867
0.009015798568725586
0.01000213623046875
0.01000070571899414
0.010007619857788086
0.010003089904785156
0.01100468635559082
0.010001182556152344
0.009002208709716797
0.009987592697143555
0.009567737579345703
0.00900125503540039
0.008986473083496094
0.009015798568725586
0.009002685546875
0.01000213623046875
0.010001659393310547
0.00957179069519043
0.010008811950683594
0.01100301742553711
0.009988784790039062
0.00998234748840332
0.009995460510253906
0.010997772216796875
0.01000356674194336
0.011006355285644531
0.010002851486206055
0.010001420974731445
0.010996818542480469
0.009984254837036133
0.010571718215942383
0.01000833511352539
0.009987592697143555
0.011016368865966797
0.009987831115722656
0.01000356674194336
0.009999513626098633
0.011014223098754883
0.009982824325561523
0.011002302169799805
0.011003494262695312
0.01199030876159668
0.010569095611572266
0.010998964309692383
0.010988712310791016
0.012004613876342773
0.010995626449584961
0.010994672775268555
0.011995077133178711
0.01100301742553711
0.012002706527709961
0.011017560958862305
0.01100778579711914
0.012004613876342773
0.012020587921142578
0.011747121810913086
0.011006832122802734
0.012002944946289062
0.011987686157226562
0.011998414993286133
0.012009382247924805
0.010983705520629883
0.011995792388916016
0.011990547180175781
0.012010335922241211
0.012008905410766602
0.012009620666503906
0.012997150421142578
0.011994361877441406
0.011995792388916016
0.012994050979614258
0.012994766235351562
0.012003183364868164
0.012005329132080078
0.01200556755065918
0.013008594512939453
0.013002634048461914
0.012004613876342773
0.01300048828125
0.013002157211303711
0.012003660202026367
0.013027429580688477
0.013013124465942383
0.011982917785644531
0.013991355895996094
0.013009309768676758
0.012009382247924805
0.014003515243530273
0.012006282806396484
0.014003276824951172
0.012000560760498047
0.013014554977416992
0.013016939163208008
0.013471603393554688
0.013005733489990234
0.013995885848999023
0.0162808895111084
0.016989707946777344
0.013999700546264648
0.014010906219482422
0.013983011245727539
0.014614343643188477
0.014018535614013672
0.012997865676879883
0.01399087905883789
0.013809680938720703
0.014995336532592773
0.01600360870361328
0.013991355895996094
0.01401662826538086
0.014017820358276367
0.014586687088012695
0.015004158020019531
0.01500844955444336
0.014009714126586914
0.015010595321655273
0.015002965927124023
0.015018701553344727
0.01399087905883789
0.014003753662109375
0.014989852905273438
0.013991117477416992
0.015996932983398438
0.014663457870483398
0.01500558853149414
0.01500248908996582
0.015116453170776367
0.015003681182861328
0.014990806579589844
0.015001535415649414
0.01505136489868164
0.014867544174194336
0.015017986297607422
0.017060041427612305
0.017530202865600586
0.0169985294342041
0.014995574951171875
0.018114328384399414
0.015995502471923828
0.014996051788330078
0.016009092330932617
0.0160064697265625
0.01598811149597168
0.016002893447875977
0.01652812957763672
0.015184640884399414
0.020003795623779297
0.01758599281311035
0.01600337028503418
0.01601719856262207
0.016003847122192383
0.015617847442626953
0.016999244689941406
0.017017126083374023
0.015985965728759766
0.01699662208557129
0.01601123809814453
0.01698923110961914
0.017938613891601562
0.01698446273803711
0.0159914493560791
0.016985177993774414
0.017003774642944336
0.015606880187988281
0.016004323959350586
0.017011404037475586
0.019004344940185547
0.016989707946777344
0.016010284423828125
0.018010854721069336
0.01654362678527832
0.017012596130371094
0.02301192283630371
0.017017602920532227
0.018584251403808594
0.015990257263183594
0.01800227165222168
0.016533613204956055
0.017988920211791992
0.0165255069732666
0.01817798614501953
0.016991376876831055
0.01799631118774414
0.01699066162109375
0.01702404022216797
0.017010927200317383
0.019010543823242188
0.019065141677856445
0.017004728317260742
0.021991491317749023
0.018061161041259766
0.018015146255493164
0.018012046813964844
0.01800394058227539
0.017999649047851562
0.017547607421875
0.0189969539642334
0.018003463745117188
0.018017292022705078
0.020009994506835938
0.01868748664855957
0.018561840057373047
0.017998456954956055
0.02001190185546875
0.019004344940185547
0.018004894256591797
0.019008398056030273
0.019574880599975586
0.018008708953857422
0.019199609756469727
0.01899242401123047
0.01901555061340332
0.024005413055419922
0.0200040340423584
0.020004987716674805
0.020914554595947266
0.019757986068725586
0.02007293701171875
0.021987199783325195
0.020007610321044922
0.020989656448364258
0.020998716354370117
0.019997358322143555
0.02002406120300293
0.021033048629760742
0.02001190185546875
0.019610881805419922
0.02500009536743164
0.020012617111206055
0.020023584365844727
0.021004438400268555
0.020996570587158203
0.02719402313232422
0.02155280113220215
0.02208709716796875
0.021989107131958008
0.02100539207458496
0.019011735916137695
0.021997928619384766
0.02201247215270996
0.021676301956176758
0.021990537643432617
0.02224588394165039
0.021663188934326172
0.022024154663085938
0.02151179313659668
0.0210115909576416
0.022005558013916016
0.020769119262695312
0.0210115909576416
0.02100348472595215
0.020989179611206055
0.024012327194213867
0.022005796432495117
0.020997285842895508
0.0220186710357666
0.022255897521972656
0.020999908447265625
0.022897958755493164
0.021006345748901367
0.022023677825927734
0.025020360946655273
0.02199268341064453
0.021997690200805664
0.022998809814453125
0.02399897575378418
0.02242422103881836
0.021997690200805664
0.023526668548583984
0.022611141204833984
0.022007226943969727
0.028602123260498047
0.022997617721557617
0.024004459381103516
0.02301764488220215
0.023006916046142578
0.02499222755432129
0.022007226943969727
0.024546384811401367
0.024361371994018555
0.023998260498046875
0.0259854793548584
0.024054527282714844
0.02659893035888672
0.022991657257080078
0.02320241928100586
0.026549100875854492
0.02400684356689453
0.024003982543945312
0.023990392684936523
0.024985313415527344
0.02446913719177246
0.023004531860351562
0.026000499725341797
0.024999380111694336
0.025154590606689453
0.024005651473999023
0.024025440216064453
0.023998498916625977
0.024567365646362305
0.02559041976928711
0.027911663055419922
0.030996322631835938
0.024997472763061523
0.024000883102416992
0.025580167770385742
0.024985790252685547
0.026250362396240234
0.025011062622070312
0.025330066680908203
0.02660512924194336
0.025632619857788086
0.02499222755432129
0.025007009506225586
0.026012897491455078
0.026571989059448242
0.026047468185424805
0.02701258659362793
0.02604508399963379
0.026012420654296875
0.024003982543945312
0.027008056640625
0.028006315231323242
0.02500319480895996
0.024011850357055664
0.028024911880493164
0.025005817413330078
0.02654576301574707
0.026005983352661133
0.025007247924804688
0.026525020599365234
0.02701425552368164
0.026532411575317383
0.027007102966308594
0.030013084411621094
0.027007102966308594
0.02602076530456543
0.02719283103942871
0.027004241943359375
0.02998805046081543
0.026076078414916992
0.03363633155822754
0.02700662612915039
0.025586366653442383
0.025994539260864258
0.027385234832763672
0.026016712188720703
0.026613950729370117
0.026006221771240234
0.028014183044433594
0.025994062423706055
0.027914762496948242
0.028026103973388672
0.02599954605102539
0.02701115608215332
0.03322911262512207
0.027243852615356445
0.02805352210998535
0.02701258659362793
0.02756357192993164
0.02662038803100586
0.0273284912109375
0.027013301849365234
0.027016639709472656
0.027999401092529297
0.02698683738708496
0.027449369430541992
0.02800726890563965
0.03000807762145996
0.04000735282897949
0.028993606567382812
0.028005361557006836
0.02701258659362793
0.027988195419311523
0.030215740203857422
0.03155326843261719
0.03000783920288086
0.0290069580078125
0.03252434730529785
0.031341552734375
0.027544498443603516
0.03202629089355469
0.029616594314575195
0.03300881385803223
0.036008358001708984
0.033017873764038086
0.028000593185424805
0.036592721939086914
0.02851271629333496
0.027999401092529297
0.028779029846191406
0.029003620147705078
0.028006553649902344
0.027505874633789062
0.03249955177307129
0.029006481170654297
0.028018474578857422
0.02798938751220703
0.02800583839416504
0.02699422836303711
0.030003070831298828
0.028024673461914062
0.029058218002319336
0.03000164031982422
0.030018091201782227
0.03100872039794922
0.027999162673950195
0.03000044822692871
0.02999114990234375
0.028013229370117188
0.028583526611328125
0.028554916381835938
0.02898859977722168
0.0281674861907959
0.03002452850341797
0.027996540069580078
0.03058147430419922
0.029503583908081055
0.029001712799072266
0.03199338912963867
0.029012680053710938
0.029034137725830078
0.0300142765045166
0.0310208797454834
0.030000925064086914
0.03110790252685547
0.029000043869018555
0.029994487762451172
0.031004667282104492
0.030001401901245117
0.03001236915588379
0.029006481170654297
0.028993606567382812
0.029546499252319336
0.03000783920288086
0.03298807144165039
0.029548168182373047
0.028604745864868164
0.03100895881652832
0.030006885528564453
0.030010700225830078
0.031009197235107422
0.03099966049194336
0.029998779296875
0.03101372718811035
0.029997825622558594
0.03301596641540527
0.03700828552246094
0.03200078010559082
0.03300046920776367
0.03228497505187988
0.031584978103637695
0.03101205825805664
0.03187370300292969
0.031008481979370117
0.031008005142211914
0.031007051467895508
0.03255510330200195
0.03262972831726074
0.03257417678833008
0.030018329620361328
0.036008596420288086
0.031000137329101562
0.031990766525268555
0.031012535095214844
0.032006263732910156
0.031024456024169922
0.030555009841918945
0.031998395919799805
0.03200793266296387
0.03299880027770996
0.031019926071166992
0.0341029167175293
0.031000137329101562
0.034021854400634766
0.031993865966796875
0.03200531005859375
0.031998634338378906
0.03152275085449219
0.031019210815429688
0.03300738334655762
0.034542083740234375
0.03600931167602539
0.03300046920776367
0.034011125564575195
0.03399372100830078
0.033014535903930664
0.03454303741455078
0.034012794494628906
0.03500819206237793
0.032991886138916016
0.03254437446594238
0.03654646873474121
0.032033681869506836
0.03300833702087402
0.03758072853088379
0.033005714416503906
0.03454947471618652
0.03501415252685547
0.03602290153503418
0.04100918769836426
0.03484511375427246
0.03431558609008789
0.03600716590881348
0.03402519226074219
0.03400826454162598
0.038015127182006836
0.035291433334350586
0.03599238395690918
0.03455543518066406
0.034008026123046875
0.034009695053100586
0.03401470184326172
0.035019874572753906
0.03399848937988281
0.03501462936401367
0.034998178482055664
0.03400707244873047
0.03410649299621582
0.03400135040283203
0.04098844528198242
0.03400301933288574
0.03500771522521973
0.035001516342163086
0.03501272201538086
0.03669905662536621
0.03515958786010742
0.036028385162353516
0.036017417907714844
0.03539085388183594
0.03700089454650879
0.035537004470825195
0.03598952293395996
0.035021066665649414
0.035016775131225586
0.035006046295166016
0.03499579429626465
0.03499627113342285
0.035856008529663086
0.050011634826660156
0.03854942321777344
0.03600311279296875
0.03599047660827637
0.03600287437438965
0.0360109806060791
0.03598785400390625
0.03700828552246094
0.035631418228149414
0.03755021095275879
0.036019086837768555
0.036025047302246094
0.03656482696533203
0.03802132606506348
0.038995981216430664
