0.000993967056274414
0.0009870529174804688
0.002001047134399414
0.0009927749633789062
0.0009999275207519531
0.000997781753540039
0.0029823780059814453
0.0020046234130859375
0.003013134002685547
0.0019996166229248047
0.001981973648071289
0.0030050277709960938
0.002001047134399414
0.0020072460174560547
0.0029997825622558594
0.000988006591796875
0.0009925365447998047
0.002106904983520508
0.0010056495666503906
0.0010080337524414062
0.0010373592376708984
0.0009996891021728516
0.0010068416595458984
0.002000093460083008
0.001005411148071289
0.001005411148071289
0.0010123252868652344
0.0020072460174560547
0.0009877681732177734
0.0009942054748535156
0.0020122528076171875
0.0009932518005371094
0.0009984970092773438
0.0010118484497070312
0.0010004043579101562
0.0016205310821533203
0.0010199546813964844
0.0010123252868652344
0.0010001659393310547
0.0010001659393310547
0.0020008087158203125
0.0010006427764892578
0.001007080078125
0.0009996891021728516
0.001999378204345703
0.0019884109497070312
