0.0010123252868652344
0.0009884834289550781
0.0009980201721191406
0.0010001659393310547
0.0010004043579101562
0.0010020732879638672
0.0010008811950683594
0.0009999275207519531
0.0009999275207519531
0.0009989738464355469
0.0020079612731933594
0.002986431121826172
0.002001523971557617
0.0030059814453125
0.0029935836791992188
0.0030007362365722656
0.0010080337524414062
0.0010001659393310547
0.0010001659393310547
0.0009937286376953125
0.0020012855529785156
0.002001523971557617
0.0016012191772460938
0.001986265182495117
0.001995563507080078
0.0019998550415039062
0.0030121803283691406
0.0019996166229248047
0.0030059814453125
0.003000497817993164
0.002006053924560547
0.00200653076171875
0.003003358840942383
0.0009860992431640625
0.002012968063354492
0.0020012855529785156
0.001007080078125
0.0009813308715820312
0.000993490219116211
0.0029866695404052734
0.0029878616333007812
0.003000497817993164
0.002001523971557617
0.003197908401489258
0.002567768096923828
0.0029916763305664062
0.0020084381103515625
0.002980947494506836
0.002998828887939453
0.0010120868682861328
0.002008676528930664
0.0019998550415039062
0.0030126571655273438
0.002985239028930664
0.0019953250885009766
0.002988576889038086
0.003981113433837891
0.002001047134399414
0.0029942989349365234
0.003000020980834961
0.003000020980834961
0.003000497817993164
0.003000497817993164
0.0030128955841064453
0.0030105113983154297
0.002979278564453125
0.003000020980834961
0.003000974655151367
0.0029993057250976562
0.0029838085174560547
0.0039937496185302734
0.0039825439453125
0.0029964447021484375
0.003007173538208008
0.0030202865600585938
0.003011465072631836
0.0031614303588867188
0.0030128955841064453
0.0030002593994140625
0.0030069351196289062
0.0029871463775634766
0.003993988037109375
0.0030126571655273438
0.004000663757324219
0.003008127212524414
0.0030024051666259766
0.003987550735473633
0.003988504409790039
0.0030040740966796875
0.002992391586303711
0.0030078887939453125
0.0029954910278320312
0.0036034584045410156
0.004006385803222656
0.0030057430267333984
0.003010272979736328
0.001985788345336914
0.00200653076171875
0.0019941329956054688
0.0010013580322265625
0.0019958019256591797
0.0010056495666503906
0.002012014389038086
0.001012563705444336
0.002012491226196289
0.0020215511322021484
0.0020122528076171875
0.002510547637939453
0.0020024776458740234
0.0020122528076171875
0.0019943714141845703
0.001999378204345703
0.003056049346923828
0.0019888877868652344
0.0020079612731933594
0.0019888877868652344
0.002005338668823242
0.0020062923431396484
0.0019996166229248047
0.002999544143676758
0.00200653076171875
0.0020117759704589844
0.002610445022583008
0.0019991397857666016
0.002007722854614258
0.0020067691802978516
0.0029954910278320312
0.0029997825622558594
0.001988649368286133
0.0029969215393066406
0.0029876232147216797
0.003006458282470703
0.0030019283294677734
0.0019974708557128906
0.0029883384704589844
0.0030128955841064453
0.0026068687438964844
0.0029935836791992188
