0.0
0.0
0.0010020732879638672
0.0010464191436767578
0.0010008811950683594
0.0010001659393310547
0.0009996891021728516
0.0010001659393310547
0.0
0.0
0.0005319118499755859
0.0009853839874267578
0.0010001659393310547
0.00099945068359375
0.0010004043579101562
0.0020008087158203125
0.0010001659393310547
0.0031690597534179688
0.00400090217590332
0.004000186920166016
0.003999948501586914
0.003982067108154297
0.003998517990112305
0.0039899349212646484
0.003554105758666992
0.003996610641479492
0.004052162170410156
0.003007650375366211
0.004008769989013672
0.004007577896118164
0.0041697025299072266
0.0030007362365722656
0.0030128955841064453
0.0030012130737304688
0.0031969547271728516
0.0030210018157958984
0.003996610641479492
0.0029973983764648438
0.0029954910278320312
0.005014657974243164
0.002981424331665039
0.0040018558502197266
0.003981828689575195
0.003985166549682617
0.0039958953857421875
0.005016326904296875
0.004017829895019531
0.004006862640380859
0.00400090217590332
0.004998683929443359
0.003996372222900391
0.004022121429443359
0.004987478256225586
0.00499272346496582
0.0039980411529541016
0.005013704299926758
0.004994630813598633
0.005437612533569336
0.004994392395019531
0.005008220672607422
0.00500035285949707
0.003996372222900391
0.004998683929443359
0.0049779415130615234
0.0049784183502197266
0.004999876022338867
0.00499415397644043
0.004989147186279297
0.004985809326171875
0.0049936771392822266
0.005003452301025391
0.006155729293823242
0.005006313323974609
0.005994558334350586
0.005999326705932617
0.004995822906494141
0.005986928939819336
0.005063056945800781
0.004981279373168945
0.005004167556762695
0.005006313323974609
0.0050122737884521484
0.006006956100463867
0.0060214996337890625
0.00599217414855957
0.004637718200683594
0.005983591079711914
0.005987405776977539
0.005986213684082031
0.0060160160064697266
0.00598454475402832
0.0070078372955322266
0.00702667236328125
0.004994392395019531
0.00600433349609375
0.006058931350708008
0.006003618240356445
0.007000446319580078
0.005998849868774414
0.007001638412475586
0.005928993225097656
0.00600886344909668
0.006006956100463867
0.006994962692260742
0.007001161575317383
0.0060083866119384766
0.007987260818481445
0.006865262985229492
0.0065271854400634766
0.007021427154541016
0.0070002079010009766
0.007007122039794922
0.007002830505371094
0.0070095062255859375
0.00800633430480957
0.0067958831787109375
0.006996631622314453
0.008015871047973633
0.009001970291137695
0.007016420364379883
0.007874011993408203
0.008030891418457031
0.006990194320678711
0.008020877838134766
0.007995128631591797
0.007004499435424805
0.00801539421081543
0.008004903793334961
0.007994651794433594
0.008011817932128906
0.006987333297729492
0.009000539779663086
0.008983850479125977
0.008015155792236328
0.009528160095214844
0.007992744445800781
0.008006811141967773
0.007996559143066406
0.008015632629394531
0.007999420166015625
0.009007930755615234
0.007994890213012695
0.008013725280761719
0.008711814880371094
0.009015083312988281
0.00899195671081543
0.00856637954711914
0.009001493453979492
0.009000778198242188
0.00983285903930664
0.009016990661621094
0.007990121841430664
0.009002208709716797
0.008990287780761719
0.00901484489440918
0.009558439254760742
0.010010480880737305
0.010007143020629883
0.00899052619934082
0.008994579315185547
0.009020805358886719
0.008996963500976562
0.009002923965454102
0.00899648666381836
0.009982109069824219
0.011002540588378906
0.010010242462158203
0.008996963500976562
0.01001739501953125
0.010001182556152344
0.009013891220092773
0.009002685546875
0.008998632431030273
0.010007381439208984
0.009013891220092773
0.010001420974731445
0.009963512420654297
0.008997440338134766
0.010982990264892578
0.00998234748840332
0.009008646011352539
0.009983301162719727
0.01001429557800293
0.009994983673095703
0.01054692268371582
0.010983943939208984
0.011002779006958008
0.01202082633972168
0.010996103286743164
0.012001276016235352
0.012017011642456055
0.012000799179077148
0.011013507843017578
0.011705160140991211
0.01201629638671875
0.013002872467041016
0.01199793815612793
0.011002779006958008
0.013017416000366211
0.011992216110229492
0.012990951538085938
0.013003110885620117
0.012002706527709961
0.013997554779052734
0.012003183364868164
0.012994766235351562
0.012009143829345703
0.013003110885620117
0.012612342834472656
0.012988090515136719
0.012996912002563477
0.012990951538085938
0.012993335723876953
0.013014793395996094
0.012990474700927734
0.013003826141357422
0.01200246810913086
0.012645721435546875
0.01400303840637207
0.011998891830444336
0.013040542602539062
0.013997793197631836
0.012560367584228516
0.012994766235351562
0.014324188232421875
0.012603282928466797
0.014002561569213867
0.01398921012878418
0.01401519775390625
0.013015270233154297
0.012997627258300781
0.013618230819702148
0.01399683952331543
0.01399683952331543
0.012992143630981445
0.015015602111816406
0.013988733291625977
0.014015436172485352
0.014003992080688477
0.013991117477416992
0.015589237213134766
0.014004707336425781
0.013986825942993164
0.013997793197631836
0.014015913009643555
0.01414179801940918
0.015623092651367188
0.014027595520019531
0.014997482299804688
0.01501011848449707
0.015013694763183594
0.013994932174682617
0.015001535415649414
0.014636993408203125
0.015002965927124023
0.01699686050415039
0.016996145248413086
0.014985322952270508
0.015010356903076172
0.015003442764282227
0.014984130859375
0.015010356903076172
0.01500391960144043
0.014261484146118164
0.01598334312438965
0.015008926391601562
0.015458106994628906
0.016556739807128906
0.016007661819458008
0.016004085540771484
0.014032602310180664
0.01600360870361328
0.015003442764282227
0.015700101852416992
0.015010595321655273
0.016539812088012695
0.016081809997558594
0.01585674285888672
0.015002727508544922
0.01701068878173828
0.015003442764282227
0.01569843292236328
0.016004085540771484
0.016998767852783203
0.01700425148010254
0.01601576805114746
0.016232728958129883
0.015990018844604492
0.016004085540771484
0.0169980525970459
0.016996383666992188
0.017000198364257812
0.018986225128173828
0.015998125076293945
0.018010854721069336
0.01798415184020996
0.021109342575073242
0.01598978042602539
0.016996145248413086
0.01700305938720703
0.01752924919128418
0.017009496688842773
0.016985416412353516
0.018010377883911133
0.01801300048828125
0.017003536224365234
0.017993927001953125
0.01710033416748047
0.01800370216369629
0.019150257110595703
0.015996694564819336
0.017597436904907227
0.019009113311767578
0.018989086151123047
0.01999044418334961
0.017595529556274414
0.017997264862060547
0.019002437591552734
0.01800394058227539
0.016989707946777344
0.018361330032348633
0.018012523651123047
0.018015623092651367
0.02001166343688965
0.022004127502441406
0.018995285034179688
0.019582271575927734
0.018996715545654297
0.018983840942382812
0.0179898738861084
0.018009662628173828
0.018795251846313477
0.017996549606323242
0.01851820945739746
0.019994258880615234
0.01818060874938965
0.020000934600830078
0.020534276962280273
0.0196840763092041
0.01955103874206543
0.020004987716674805
0.017991065979003906
0.019161701202392578
0.01909160614013672
0.019545555114746094
0.020001649856567383
0.019994735717773438
0.019004106521606445
0.01900959014892578
0.020121097564697266
0.019011497497558594
0.0200045108795166
0.020004749298095703
0.02001214027404785
0.018991947174072266
0.02001333236694336
0.0200045108795166
0.020991802215576172
0.020003795623779297
0.02016162872314453
0.019005298614501953
0.020015716552734375
0.019568443298339844
0.02001047134399414
0.020023584365844727
0.020999670028686523
0.02199721336364746
0.02001476287841797
0.02100062370300293
0.021985530853271484
0.021997451782226562
0.021984577178955078
0.020038127899169922
0.02200484275817871
0.0219879150390625
0.019993066787719727
0.021023988723754883
0.021988868713378906
0.021018505096435547
0.0240170955657959
0.024000167846679688
0.020151853561401367
0.02099609375
0.02095484733581543
0.019988536834716797
0.021016836166381836
0.02099776268005371
0.021023273468017578
0.02145695686340332
0.022024869918823242
0.02220630645751953
0.021007061004638672
0.021590471267700195
0.02301931381225586
0.022005081176757812
0.02402043342590332
0.021312952041625977
0.020992755889892578
0.022005558013916016
0.02299046516418457
0.023891210556030273
0.022541284561157227
0.02298736572265625
0.021312952041625977
0.02301311492919922
0.021997690200805664
0.022986650466918945
0.024001121520996094
0.02305126190185547
0.021554231643676758
0.023585796356201172
0.02312612533569336
0.021986961364746094
0.0215303897857666
0.022992372512817383
0.023015260696411133
0.025000333786010742
0.023016691207885742
0.02399444580078125
0.02402186393737793
0.024017333984375
0.023280858993530273
0.023308277130126953
0.02299976348876953
0.024529457092285156
0.024016380310058594
0.022824764251708984
0.02401876449584961
0.024024248123168945
0.02436232566833496
0.024537324905395508
0.02356433868408203
0.02601766586303711
0.024004220962524414
0.02600550651550293
0.024991750717163086
0.024791479110717773
0.023985862731933594
0.024019956588745117
0.025012493133544922
0.024895668029785156
0.024015426635742188
0.024557113647460938
0.024007081985473633
0.025005102157592773
0.023995161056518555
0.023585796356201172
0.025594472885131836
0.02525806427001953
0.024019479751586914
0.025021791458129883
0.024012088775634766
0.026001691818237305
0.02498626708984375
0.02525925636291504
0.025996923446655273
0.025658845901489258
0.025399446487426758
0.025036334991455078
0.026012659072875977
0.0254819393157959
0.027683258056640625
0.025012731552124023
0.026012182235717773
0.026012659072875977
0.027006864547729492
0.025441408157348633
0.02601027488708496
0.02598857879638672
0.02456808090209961
0.02699899673461914
0.026012897491455078
0.024996042251586914
0.0279998779296875
0.025608539581298828
0.025624752044677734
0.02600574493408203
0.0269930362701416
0.027025222778320312
0.02592182159423828
0.02701282501220703
0.026992321014404297
0.02607274055480957
0.027018308639526367
0.02700638771057129
0.02900528907775879
0.02599358558654785
0.0269930362701416
0.02617621421813965
0.02655625343322754
0.02702021598815918
0.027988433837890625
0.028578758239746094
0.027133464813232422
0.0272371768951416
0.026828765869140625
0.028585433959960938
0.030038833618164062
0.02601313591003418
0.028191089630126953
0.026667356491088867
0.026268720626831055
0.028001785278320312
0.028991222381591797
0.02701711654663086
0.027023792266845703
0.028009414672851562
0.027020931243896484
0.026448726654052734
0.028015851974487305
0.030105113983154297
0.03199315071105957
0.028020620346069336
0.02817678451538086
0.028007030487060547
0.028014421463012695
0.027860403060913086
0.02944159507751465
0.028725862503051758
0.028006553649902344
0.027025222778320312
0.02898859977722168
0.0289914608001709
0.027988433837890625
0.02799844741821289
0.02898716926574707
0.02801060676574707
0.030004262924194336
0.031175851821899414
0.02900385856628418
0.029992341995239258
0.029999494552612305
0.029006004333496094
0.03159499168395996
0.02800893783569336
0.029999256134033203
0.02900099754333496
0.029996871948242188
0.030012130737304688
0.028999805450439453
0.02943706512451172
0.0290069580078125
0.027986764907836914
0.029019594192504883
0.0300140380859375
0.029992103576660156
0.029530048370361328
0.030007123947143555
0.03169846534729004
0.0339968204498291
0.031006813049316406
0.03191089630126953
0.030007123947143555
0.03143787384033203
0.030943870544433594
0.030394315719604492
0.03100728988647461
0.03000617027282715
0.03053903579711914
0.03000783920288086
0.030001401901245117
0.03281831741333008
0.030313730239868164
0.032999277114868164
0.03159523010253906
0.03299212455749512
0.031002044677734375
0.03061962127685547
0.030999422073364258
0.031100988388061523
0.03099513053894043
0.030704498291015625
0.03099513053894043
0.03096604347229004
0.03218340873718262
0.03171849250793457
0.03229784965515137
0.03101205825805664
0.03391003608703613
0.03190255165100098
0.03259396553039551
0.03401303291320801
0.031091928482055664
0.032709360122680664
0.032510995864868164
0.032744646072387695
0.035625457763671875
0.032022714614868164
0.032056331634521484
0.03345227241516113
0.032987356185913086
0.03264260292053223
0.031007766723632812
0.03203296661376953
0.03383326530456543
0.032009124755859375
0.032561540603637695
0.03206062316894531
0.033635616302490234
0.032529592514038086
0.03226137161254883
0.03276395797729492
0.03263044357299805
0.034593820571899414
0.0339961051940918
0.03301358222961426
0.03550362586975098
0.03398776054382324
0.033017635345458984
0.03401541709899902
0.03599357604980469
0.03299713134765625
0.03600168228149414
0.033014535903930664
0.03407931327819824
0.03300738334655762
0.03673434257507324
0.03599357604980469
0.03499913215637207
0.03400778770446777
0.03557181358337402
0.03270840644836426
0.03374004364013672
0.03421521186828613
0.03365898132324219
0.03500628471374512
0.03398728370666504
0.035144805908203125
0.03701066970825195
0.03800845146179199
0.03501462936401367
0.03802180290222168
0.03500676155090332
0.03701496124267578
0.035120487213134766
0.036988258361816406
0.03754425048828125
0.03710651397705078
0.03800702095031738
0.03602004051208496
0.036571502685546875
0.03761553764343262
0.03896307945251465
0.03701901435852051
0.037039995193481445
0.036994218826293945
0.03799033164978027
0.03702044486999512
0.037993669509887695
0.03655076026916504
0.03699517250061035
0.03799033164978027
0.03755807876586914
0.03742575645446777
0.037352800369262695
0.037940263748168945
0.03784823417663574
0.03660154342651367
0.03600764274597168
0.03752446174621582
0.03798818588256836
0.037007808685302734
0.038883209228515625
0.03661608695983887
0.037000417709350586
0.03814077377319336
0.03701472282409668
0.0380091667175293
0.03899359703063965
0.03765416145324707
0.03899860382080078
0.03832054138183594
0.039005279541015625
0.03940916061401367
0.04000139236450195
0.03985595703125
0.038997650146484375
0.038478851318359375
0.038259267807006836
0.03900909423828125
0.039951324462890625
0.040021657943725586
0.03900146484375
0.03966069221496582
0.037008047103881836
0.039034366607666016
0.038523197174072266
0.042020320892333984
0.03900861740112305
0.041176795959472656
0.03925180435180664
0.03834676742553711
0.039676666259765625
0.03954315185546875
0.04059123992919922
0.040009260177612305
0.041074514389038086
0.03975725173950195
0.04002499580383301
0.0400083065032959
0.04070425033569336
0.04041695594787598
0.043007850646972656
0.04202437400817871
0.04003429412841797
0.03900408744812012
0.04091930389404297
0.040017127990722656
0.04100918769836426
0.04275870323181152
0.041022300720214844
0.04063105583190918
0.03964710235595703
0.04170393943786621
0.04000210762023926
0.04000234603881836
0.042001962661743164
0.0399935245513916
0.04099559783935547
0.041820526123046875
0.04502391815185547
0.04236936569213867
0.0390019416809082
0.041596412658691406
0.04034161567687988
0.0432896614074707
0.04055666923522949
0.04099106788635254
0.04366254806518555
0.04189181327819824
0.040024518966674805
0.04200291633605957
0.04313492774963379
0.043001651763916016
0.041002511978149414
0.04022097587585449
0.04400277137756348
0.04201626777648926
0.04301166534423828
0.04155731201171875
0.04247450828552246
0.043547868728637695
0.04101824760437012
0.04298877716064453
0.04235529899597168
0.042006492614746094
0.04099631309509277
0.042005062103271484
0.044541120529174805
0.04400992393493652
0.04500579833984375
0.04401564598083496
0.04300355911254883
0.043001413345336914
0.04300236701965332
0.04202413558959961
0.04356575012207031
0.041997432708740234
0.0439910888671875
0.047014713287353516
0.04499197006225586
0.04355645179748535
0.04482460021972656
0.04299473762512207
0.04302859306335449
0.04511737823486328
0.04361915588378906
0.04666280746459961
0.04255223274230957
0.04434943199157715
0.04398965835571289
0.046004295349121094
0.045011043548583984
0.04501700401306152
0.043001651763916016
0.043025970458984375
0.044008493423461914
0.04400229454040527
0.046001434326171875
0.045011043548583984
0.04554247856140137
0.04399538040161133
0.04601621627807617
0.0440218448638916
0.048010826110839844
0.04702258110046387
