0.06162214279174805
0.003574848175048828
0.003995656967163086
0.0040018558502197266
0.004996299743652344
0.00400853157043457
0.004988193511962891
0.003989219665527344
0.0040013790130615234
0.003988742828369141
0.004007816314697266
0.003989219665527344
0.0040073394775390625
0.00400853157043457
0.0040187835693359375
0.003988981246948242
0.0038690567016601562
0.005011796951293945
0.0030078887939453125
0.004011631011962891
0.00400996208190918
0.004006147384643555
0.004504680633544922
0.004008054733276367
0.004996061325073242
0.00499415397644043
0.004000663757324219
0.003988742828369141
0.003995418548583984
0.004017829895019531
0.0030117034912109375
0.004001140594482422
0.004001140594482422
0.003991603851318359
0.0040187835693359375
0.003994941711425781
0.0040130615234375
0.00400090217590332
0.003988742828369141
0.003999233245849609
0.004580497741699219
0.004004240036010742
0.003987550735473633
0.0039937496185302734
0.003999948501586914
0.004000425338745117
0.003007650375366211
0.004013776779174805
0.004006385803222656
0.004000663757324219
0.0046117305755615234
0.003994941711425781
0.004995822906494141
0.003988981246948242
0.003995180130004883
0.0049896240234375
0.004007816314697266
0.004980325698852539
0.0040013790130615234
0.0040013790130615234
0.004019260406494141
0.004984617233276367
0.0040128231048583984
0.003993988037109375
0.003999471664428711
0.004015684127807617
0.005008220672607422
0.004013538360595703
0.003988981246948242
0.004000425338745117
0.004003763198852539
0.004994630813598633
0.004001140594482422
0.0040128231048583984
0.003998517990112305
0.0040013790130615234
0.0039997100830078125
0.004981279373168945
0.004994869232177734
0.0039997100830078125
0.0040035247802734375
0.004008054733276367
0.004862070083618164
0.004001140594482422
0.004163980484008789
0.00400090217590332
0.003999948501586914
0.0049936771392822266
0.004000186920166016
0.003998994827270508
0.003999948501586914
0.004001140594482422
0.004004001617431641
0.004001617431640625
0.00400853157043457
0.0040130615234375
0.004001140594482422
0.004001140594482422
0.003997087478637695
0.00399470329284668
0.003993511199951172
0.00500035285949707
0.00400090217590332
0.0040018558502197266
0.003992319107055664
0.004992961883544922
0.003988981246948242
0.004008293151855469
0.0030069351196289062
0.004007577896118164
0.004001140594482422
0.0040204524993896484
0.003986835479736328
0.004017829895019531
0.003011465072631836
0.003996610641479492
0.003992557525634766
0.004006147384643555
0.004009246826171875
0.00464630126953125
0.004014730453491211
0.004001617431640625
0.003982067108154297
0.00400090217590332
0.015994548797607422
0.004993915557861328
0.003998994827270508
0.004020214080810547
0.003999471664428711
0.0049860477447509766
0.005988121032714844
0.004019737243652344
0.003008127212524414
0.004988908767700195
0.004007577896118164
0.004555225372314453
0.003982067108154297
0.0039997100830078125
0.004599809646606445
0.003994941711425781
0.0029931068420410156
0.003994941711425781
0.003993511199951172
0.004000663757324219
0.004000663757324219
0.003531932830810547
0.004000663757324219
0.005000591278076172
0.003999471664428711
0.0039806365966796875
0.004007101058959961
0.004982948303222656
0.003999471664428711
0.004000425338745117
0.003998756408691406
0.003999233245849609
0.0040018558502197266
0.004008293151855469
0.0040056705474853516
0.0039997100830078125
0.004982471466064453
0.0049932003021240234
0.0040018558502197266
0.004058122634887695
0.00400090217590332
0.0040094852447509766
0.004988431930541992
0.003832578659057617
0.005002021789550781
0.00400090217590332
0.006009817123413086
0.004015684127807617
0.004995584487915039
0.003999948501586914
0.00400090217590332
0.0040018558502197266
0.005002737045288086
0.0040013790130615234
0.004007577896118164
0.0029973983764648438
0.0050013065338134766
0.00400090217590332
0.0050013065338134766
0.003981351852416992
0.004587411880493164
0.004987001419067383
0.005000591278076172
0.004000425338745117
0.005017518997192383
0.003505229949951172
0.015990495681762695
0.006009578704833984
0.0040013790130615234
0.004019737243652344
0.004019260406494141
0.00399327278137207
0.00400090217590332
0.03500771522521973
0.004000186920166016
0.015003442764282227
0.005001544952392578
0.003993988037109375
0.004987001419067383
0.005007028579711914
0.003999233245849609
0.004001140594482422
0.0029954910278320312
0.005002260208129883
0.004000663757324219
0.005003213882446289
0.0030198097229003906
0.005006313323974609
0.004019021987915039
0.004012584686279297
0.004003047943115234
0.0040128231048583984
0.0040035247802734375
0.004023313522338867
0.003988981246948242
0.004006147384643555
0.00400233268737793
0.004006147384643555
0.004989147186279297
0.0040130615234375
0.004012584686279297
0.0049936771392822266
0.003995418548583984
0.005009651184082031
0.0040051937103271484
0.0040056705474853516
0.005015850067138672
0.003981590270996094
0.004007577896118164
0.003988027572631836
0.004008054733276367
0.003991127014160156
0.0037419795989990234
0.0035729408264160156
0.004009246826171875
0.003000974655151367
0.004008054733276367
0.0050008296966552734
0.004003286361694336
0.004008054733276367
0.003987789154052734
0.004994630813598633
0.004010915756225586
0.004019021987915039
0.01600360870361328
0.005002260208129883
0.004009723663330078
0.004000425338745117
0.004981517791748047
0.003999471664428711
0.003993034362792969
0.00400090217590332
0.004975318908691406
0.0040013790130615234
0.004989147186279297
0.0039882659912109375
0.005000591278076172
0.004000186920166016
0.003000497817993164
0.015991926193237305
0.004019498825073242
0.004017353057861328
0.003000020980834961
0.004020214080810547
0.0040090084075927734
0.0040128231048583984
0.01699662208557129
0.00500798225402832
0.004005908966064453
0.016997337341308594
0.004000663757324219
0.005992889404296875
0.004011392593383789
0.004000425338745117
0.003018617630004883
0.003986358642578125
0.004016876220703125
0.003994464874267578
0.004981517791748047
0.0040035247802734375
0.0050165653228759766
0.0040013790130615234
0.004000186920166016
0.004007816314697266
0.005010128021240234
0.0050084590911865234
0.0050013065338134766
0.003994941711425781
0.0039942264556884766
0.006009101867675781
0.003981351852416992
0.00400090217590332
0.004994392395019531
0.004014730453491211
0.005006313323974609
0.0040130615234375
0.004007101058959961
0.00398707389831543
0.004007816314697266
0.00399327278137207
0.004866361618041992
0.0049915313720703125
0.005007743835449219
0.004016399383544922
0.004982709884643555
0.0049932003021240234
0.00400090217590332
0.003994464874267578
0.0045583248138427734
0.004019021987915039
0.0040013790130615234
0.0040035247802734375
0.0039942264556884766
0.003719806671142578
0.02899336814880371
0.003999948501586914
0.003995180130004883
0.003988742828369141
0.0040073394775390625
0.00400090217590332
0.004001140594482422
0.003981590270996094
0.00501561164855957
0.003995180130004883
0.004020214080810547
0.003980159759521484
0.005003213882446289
0.004019498825073242
0.003992557525634766
0.004007101058959961
0.004007816314697266
0.0039997100830078125
0.004019021987915039
0.029001474380493164
0.004994630813598633
0.004000663757324219
0.003995180130004883
0.0040130615234375
0.003999471664428711
0.004018545150756836
0.003992795944213867
0.00500035285949707
0.0030083656311035156
0.004001140594482422
0.0039904117584228516
0.0040130615234375
0.0050013065338134766
0.004997730255126953
0.004004240036010742
0.00400090217590332
0.003995656967163086
0.004610300064086914
0.004015684127807617
0.004012346267700195
0.004125356674194336
0.0050013065338134766
0.003986835479736328
0.003995656967163086
0.00400090217590332
0.004001140594482422
0.004001140594482422
0.004012584686279297
0.0046634674072265625
0.004014730453491211
0.004000663757324219
0.004012107849121094
0.0040090084075927734
0.016003847122192383
0.005998134613037109
0.004001140594482422
0.003995418548583984
0.005002260208129883
0.003988981246948242
0.004019021987915039
0.003987550735473633
0.027020692825317383
0.0039899349212646484
0.0040130615234375
0.004000663757324219
0.0040130615234375
0.003988504409790039
0.004012346267700195
0.004177570343017578
0.0039865970611572266
0.003989219665527344
0.003988742828369141
0.007013559341430664
0.00400090217590332
0.004030466079711914
0.0050013065338134766
0.004001140594482422
0.004993438720703125
0.003989219665527344
0.004980325698852539
0.005002260208129883
0.0040073394775390625
0.004007577896118164
0.003589630126953125
0.0050008296966552734
0.004008769989013672
0.0049817562103271484
0.0049936771392822266
0.003980875015258789
0.0060045719146728516
0.004001140594482422
0.004024982452392578
0.004006385803222656
0.004006147384643555
0.0050013065338134766
0.004002809524536133
0.004981040954589844
0.004001617431640625
0.003994941711425781
0.01700901985168457
0.005004167556762695
0.005021095275878906
0.029014110565185547
0.004001140594482422
0.0040171146392822266
0.005987882614135742
0.004008054733276367
0.0040090084075927734
0.004013776779174805
0.016620159149169922
0.0040433406829833984
0.00400090217590332
0.004000186920166016
0.0040018558502197266
0.0039827823638916016
0.0029985904693603516
0.00400090217590332
0.016999483108520508
0.00498199462890625
0.00500178337097168
0.005982160568237305
0.003997087478637695
0.004988908767700195
0.0049896240234375
0.01702094078063965
0.004014730453491211
0.0049839019775390625
0.004015207290649414
0.003988981246948242
0.004000425338745117
0.004998922348022461
0.0040132999420166016
0.005987405776977539
0.0049877166748046875
0.0039899349212646484
0.004012107849121094
0.006005525588989258
0.004008293151855469
0.016997814178466797
0.0059931278228759766
0.003999233245849609
0.00600123405456543
0.0030074119567871094
0.03001260757446289
0.005994081497192383
0.006737232208251953
0.005990505218505859
0.004000186920166016
0.005008220672607422
0.005015850067138672
0.0040149688720703125
0.00402069091796875
0.0039942264556884766
0.004006147384643555
0.01791214942932129
0.005015134811401367
0.004006385803222656
0.004019260406494141
0.01700758934020996
0.0039997100830078125
0.0040130615234375
0.004011392593383789
0.0037720203399658203
0.004007577896118164
0.0050029754638671875
0.00400090217590332
0.004989147186279297
0.003994464874267578
0.0049893856048583984
0.003995418548583984
0.003981828689575195
0.004983186721801758
0.005005359649658203
0.003999471664428711
0.005002498626708984
0.003995180130004883
0.0039942264556884766
0.004994869232177734
0.004000663757324219
0.004007101058959961
0.003987789154052734
0.004988431930541992
0.00400090217590332
0.003998994827270508
0.005003452301025391
0.0040018558502197266
0.005002498626708984
0.005989789962768555
0.004000663757324219
0.0040111541748046875
0.005001544952392578
0.004007816314697266
0.0039997100830078125
0.003530740737915039
0.0059947967529296875
0.004002571105957031
0.003988981246948242
0.003995418548583984
0.004007816314697266
0.0049991607666015625
0.028005599975585938
0.004012346267700195
0.00400090217590332
0.00400090217590332
0.003999948501586914
0.0060007572174072266
0.004003763198852539
0.005011796951293945
0.004986763000488281
0.004008293151855469
0.027994155883789062
0.003990650177001953
0.003981351852416992
0.005013465881347656
0.004141330718994141
0.016003847122192383
0.016003847122192383
0.01601099967956543
0.004987001419067383
0.004006147384643555
0.0030126571655273438
0.005017995834350586
0.003988504409790039
0.004008293151855469
0.003992319107055664
0.0041959285736083984
0.004012107849121094
0.0030007362365722656
0.003995418548583984
0.00400090217590332
0.004000425338745117
0.003988742828369141
0.022006511688232422
0.004013776779174805
0.00400090217590332
0.020351886749267578
0.006008148193359375
0.00499415397644043
0.006002902984619141
0.0050013065338134766
0.03300786018371582
0.007002592086791992
0.004256248474121094
0.004011631011962891
0.004004001617431641
0.004681587219238281
0.004006624221801758
0.006002187728881836
0.003985881805419922
0.005021095275878906
0.005074739456176758
0.0040132999420166016
0.004009723663330078
0.0051534175872802734
0.004000663757324219
0.005020856857299805
0.004000425338745117
0.004995822906494141
0.00498509407043457
0.004007816314697266
0.004006385803222656
0.004994630813598633
0.003994941711425781
0.00400090217590332
0.003008127212524414
0.003995656967163086
0.004007816314697266
0.0040051937103271484
0.00399470329284668
0.004981279373168945
0.0040128231048583984
0.003988504409790039
0.00400090217590332
0.01700425148010254
0.0049936771392822266
0.004565715789794922
0.004007101058959961
0.004981040954589844
0.017003774642944336
0.004993915557861328
0.004012584686279297
0.015989065170288086
0.003993034362792969
0.0040090084075927734
0.004000663757324219
0.004559040069580078
0.004012584686279297
0.00401616096496582
0.004007101058959961
0.003994941711425781
0.0040073394775390625
0.005002021789550781
0.004538774490356445
0.003988504409790039
0.005002021789550781
0.01700282096862793
0.003999948501586914
0.004019498825073242
0.004007577896118164
0.0049991607666015625
0.005002737045288086
0.004011869430541992
0.003994941711425781
0.003995656967163086
0.004995107650756836
0.004993915557861328
0.004004478454589844
0.003988981246948242
0.004999876022338867
0.003987789154052734
0.0040128231048583984
0.01702404022216797
0.005001544952392578
0.004990339279174805
0.004017353057861328
0.004001140594482422
0.00455784797668457
0.004004001617431641
0.0039899349212646484
0.00402069091796875
0.0040018558502197266
0.003988981246948242
0.004006862640380859
0.0049953460693359375
0.00400090217590332
0.004994392395019531
0.003986358642578125
0.0040128231048583984
0.00400233268737793
0.004995107650756836
0.0039904117584228516
0.005014181137084961
0.003981351852416992
0.004522800445556641
0.00399470329284668
0.003980159759521484
0.004001140594482422
0.004015684127807617
0.004999876022338867
0.003007650375366211
0.02736043930053711
0.0040128231048583984
0.0040111541748046875
0.004005908966064453
0.0040073394775390625
0.003988504409790039
0.003007173538208008
0.0050008296966552734
0.003698587417602539
0.0049822330474853516
0.00499725341796875
0.00400996208190918
0.0050144195556640625
0.004001140594482422
0.003983020782470703
0.004004001617431641
0.0040018558502197266
0.0056498050689697266
0.0039997100830078125
0.004002094268798828
0.0039942264556884766
0.0050008296966552734
0.003999948501586914
0.00400090217590332
0.004907846450805664
0.017998218536376953
0.004007816314697266
0.00400090217590332
0.004006385803222656
0.004012584686279297
0.004005908966064453
0.017003536224365234
0.004006862640380859
0.006001472473144531
0.004001617431640625
0.005052328109741211
0.004993438720703125
0.004987001419067383
0.004004478454589844
0.00501561164855957
0.0039942264556884766
0.0030014514923095703
0.029003620147705078
0.003998517990112305
0.003988981246948242
0.0039942264556884766
0.027997970581054688
0.0039958953857421875
0.004677295684814453
0.00400090217590332
0.004000663757324219
0.005001544952392578
0.004981279373168945
0.004006147384643555
0.004001140594482422
0.003995656967163086
0.00400543212890625
0.004994392395019531
0.0037398338317871094
0.004011869430541992
0.004014253616333008
0.003988742828369141
0.005007505416870117
0.005007505416870117
0.003999948501586914
0.004987239837646484
0.017992496490478516
0.0050008296966552734
0.003999233245849609
0.005001068115234375
0.0040204524993896484
0.003997087478637695
0.004004955291748047
0.0039882659912109375
0.0040013790130615234
0.003999233245849609
0.003981113433837891
