1.0621070861816406
1.107895851135254
1.1214289665222168
1.051358699798584
1.1111080646514893
1.1174743175506592
1.040611743927002
1.1367666721343994
1.1074516773223877
1.04848313331604
1.1614696979522705
1.1237688064575195
1.0646402835845947
1.1490857601165771
1.1217882633209229
1.0788073539733887
1.1482839584350586
1.1210534572601318
1.0618884563446045
1.1704041957855225
1.1279890537261963
1.053771734237671
1.1485278606414795
1.1268632411956787
1.0693550109863281
1.1574749946594238
1.1351587772369385
1.0525593757629395
1.151515007019043
1.1342036724090576
1.0536365509033203
1.153451919555664
1.138775110244751
1.063338041305542
1.1644749641418457
1.1445612907409668
1.0540895462036133
1.162299394607544
1.1324124336242676
1.0708088874816895
1.16542649269104
1.1532249450683594
1.0671000480651855
1.1614749431610107
1.1426305770874023
1.078991413116455
1.1866509914398193
1.1404471397399902
1.0666050910949707
1.1751067638397217
1.1467173099517822
1.0657203197479248
1.1632061004638672
1.1535792350769043
1.0712230205535889
1.1686151027679443
1.150878667831421
1.0662262439727783
1.1571764945983887
1.1445491313934326
1.0609703063964844
1.1652069091796875
1.1422615051269531
1.0776004791259766
1.1720280647277832
1.1452393531799316
1.0689449310302734
1.1622307300567627
1.152231216430664
1.066706657409668
1.1670207977294922
1.1472604274749756
1.071401834487915
1.1640677452087402
1.1542882919311523
1.1093876361846924
1.2388756275177002
1.1884524822235107
1.127328634262085
1.2073261737823486
1.2293024063110352
1.135695219039917
1.2009942531585693
1.184962511062622
1.1339633464813232
1.1804795265197754
1.199183702468872
1.138340950012207
1.2545990943908691
1.2216243743896484
1.0879533290863037
1.2065236568450928
1.153120756149292
1.0984110832214355
1.1994495391845703
1.1501774787902832
1.0827956199645996
1.1917359828948975
1.1532573699951172
1.0715904235839844
1.1720197200775146
1.1584293842315674
1.0742743015289307
1.1769757270812988
1.151449203491211
1.0757780075073242
1.168351411819458
1.146618366241455
1.0745866298675537
1.1812405586242676
1.1613831520080566
1.0750057697296143
1.1750907897949219
1.1559457778930664
1.0812134742736816
1.1745672225952148
1.1582660675048828
1.088428020477295
1.1795997619628906
1.1461389064788818
1.0745291709899902
1.1745917797088623
1.1672883033752441
1.0879144668579102
1.183314323425293
1.1626543998718262
1.0795567035675049
1.1767513751983643
1.1526236534118652
1.078876256942749
1.1717772483825684
1.1502506732940674
1.0741138458251953
1.1723384857177734
1.158982515335083
1.0743887424468994
1.17561936378479
1.1607260704040527
1.0814383029937744
1.186983585357666
1.160386562347412
1.0776445865631104
1.1811168193817139
1.1610040664672852
1.0990560054779053
1.2193365097045898
1.1907224655151367
1.1191542148590088
1.2498552799224854
1.1605167388916016
1.0793185234069824
1.1871283054351807
1.176865816116333
1.1018717288970947
1.2030670642852783
1.166771411895752
1.1039199829101562
1.1710824966430664
1.1557726860046387
1.1087696552276611
1.2555010318756104
1.186547040939331
1.1127901077270508
1.2211840152740479
1.1993932723999023
1.129995584487915
1.2021024227142334
1.1777353286743164
1.1031858921051025
1.2215828895568848
1.16654634475708
1.094273567199707
1.2379019260406494
1.1921372413635254
1.1263906955718994
1.2274425029754639
1.2202281951904297
1.1142182350158691
1.2045176029205322
1.2063910961151123
1.0914523601531982
1.192795753479004
1.1941688060760498
1.0825886726379395
1.224909782409668
1.1657209396362305
1.0901687145233154
1.2011139392852783
1.1804168224334717
1.117480993270874
1.2026872634887695
1.1611511707305908
1.1082863807678223
1.2004172801971436
1.1950137615203857
1.1147739887237549
1.2071373462677002
1.2614073753356934
1.1954724788665771
1.2277705669403076
1.1707227230072021
1.096958875656128
1.1941444873809814
1.1773955821990967
1.1105031967163086
1.193180799484253
1.173842430114746
1.1114513874053955
1.1987433433532715
1.2177274227142334
1.1217880249023438
1.1926054954528809
1.162693977355957
1.089576244354248
1.1883432865142822
1.1727123260498047
1.0865237712860107
1.19478440284729
1.1565349102020264
1.0858397483825684
1.1840088367462158
1.1631860733032227
1.0867760181427002
1.1835803985595703
1.1636123657226562
1.0973238945007324
1.186614990234375
1.1550865173339844
1.0825865268707275
1.1851317882537842
1.1725983619689941
1.0781774520874023
1.1821930408477783
1.1692843437194824
1.0817763805389404
1.1754179000854492
1.170036792755127
1.0914950370788574
1.185492992401123
1.165987491607666
1.0819790363311768
1.1876909732818604
1.16517972946167
1.1003704071044922
1.1755661964416504
1.1629619598388672
1.0867924690246582
1.179809331893921
1.199115514755249
1.0800912380218506
1.1905179023742676
1.165956735610962
1.0823066234588623
1.1839230060577393
1.1697845458984375
1.0876121520996094
1.1946861743927002
1.192671775817871
1.1094238758087158
1.196399211883545
1.1807796955108643
1.1061055660247803
1.1819758415222168
1.1690232753753662
1.0897843837738037
1.1908321380615234
1.1601653099060059
1.0846500396728516
1.1854283809661865
1.1607937812805176
1.0841004848480225
1.2029507160186768
1.1634609699249268
1.0827972888946533
1.19281005859375
1.164642095565796
1.0871045589447021
1.18245267868042
1.1688945293426514
1.0828437805175781
1.1819729804992676
1.166921615600586
1.079646110534668
1.1937031745910645
1.175626516342163
1.0877065658569336
1.180577278137207
1.1638848781585693
1.0868818759918213
1.1875793933868408
1.158473253250122
1.0895428657531738
1.1915559768676758
1.166722297668457
1.092452049255371
1.1944911479949951
1.1647417545318604
1.0890445709228516
1.190476894378662
1.1773529052734375
1.094573974609375
1.1989529132843018
1.1705811023712158
1.085829734802246
1.1942005157470703
1.1717538833618164
1.0820260047912598
1.1919660568237305
1.1693909168243408
1.1064743995666504
1.1878621578216553
1.1671228408813477
1.088409662246704
1.1965985298156738
1.1750757694244385
1.0911157131195068
1.1909501552581787
1.1600546836853027
1.0836880207061768
1.1857569217681885
1.1638545989990234
1.1008014678955078
1.1876871585845947
1.1717798709869385
1.0925140380859375
1.1777863502502441
1.173344373703003
1.0878450870513916
1.1815266609191895
1.1655919551849365
1.0894460678100586
1.1852450370788574
1.1679599285125732
1.0913875102996826
1.1892943382263184
1.1625235080718994
1.0900633335113525
1.1894230842590332
1.1730496883392334
1.0842640399932861
1.187751293182373
1.1653034687042236
1.0767765045166016
1.1866438388824463
1.164294958114624
1.0908961296081543
1.1945571899414062
1.1710155010223389
1.0882647037506104
1.2047793865203857
1.1732988357543945
1.0920536518096924
1.1926300525665283
1.164921760559082
1.092048168182373
1.2133848667144775
1.1675634384155273
1.0846033096313477
1.187434196472168
1.1664483547210693
1.0899693965911865
1.1909735202789307
1.1649878025054932
1.1010046005249023
1.1881790161132812
1.1707038879394531
1.0890700817108154
1.1929337978363037
1.1670019626617432
1.0871434211730957
1.1952283382415771
1.167003870010376
1.1136317253112793
1.1914880275726318
1.1628692150115967
1.094148874282837
1.1909849643707275
1.1602134704589844
1.0944797992706299
1.1931076049804688
1.176330804824829
1.0938801765441895
1.184983253479004
1.171513557434082
1.1034038066864014
1.1848516464233398
1.1780498027801514
1.082369089126587
1.2022888660430908
1.1735236644744873
1.1082608699798584
1.2060167789459229
1.1730966567993164
1.144608497619629
1.2530548572540283
1.2232561111450195
1.161597490310669
1.2548658847808838
1.2520666122436523
1.1606435775756836
1.2613656520843506
1.2094635963439941
1.1308701038360596
1.2365546226501465
1.2385149002075195
1.1378393173217773
1.2497949600219727
1.2139232158660889
1.143131971359253
1.2244462966918945
1.210555076599121
1.1251497268676758
1.2432003021240234
1.2213683128356934
1.1326005458831787
1.2325444221496582
1.2395012378692627
1.1287689208984375
1.2376935482025146
1.2142658233642578
1.1259536743164062
1.2312703132629395
1.2320387363433838
1.1441683769226074
1.246225118637085
1.2183175086975098
1.1232075691223145
1.232863187789917
1.2170727252960205
1.1297352313995361
1.2342517375946045
1.2141048908233643
1.1398036479949951
1.2313432693481445
1.2107648849487305
1.1179544925689697
1.2587637901306152
1.2203640937805176
1.136549711227417
1.241046667098999
1.2293999195098877
1.1461706161499023
1.2575585842132568
1.2419922351837158
1.1540822982788086
1.2485952377319336
1.2394747734069824
1.152113676071167
1.242258071899414
1.2255017757415771
1.1511085033416748
1.2528560161590576
1.232043743133545
1.1878795623779297
1.3000361919403076
1.2767562866210938
1.1740622520446777
1.2993619441986084
1.2408456802368164
1.282451868057251
1.3026618957519531
1.3105578422546387
1.2176530361175537
1.3555629253387451
1.268338918685913
1.188981056213379
1.3385632038116455
1.30476975440979
1.2016689777374268
1.3060564994812012
1.2391226291656494
1.1918284893035889
1.2643711566925049
1.2306945323944092
1.151968240737915
1.251981496810913
1.2291815280914307
1.1469755172729492
1.2581992149353027
1.226128339767456
1.144167184829712
1.2449707984924316
1.3123879432678223
1.1564650535583496
1.2608909606933594
1.2219014167785645
1.1426365375518799
1.2523040771484375
1.2248094081878662
1.1563856601715088
1.2801997661590576
1.2319064140319824
1.1472220420837402
1.2588286399841309
1.2257072925567627
1.1401104927062988
1.3371124267578125
1.3047585487365723
1.1468243598937988
1.2473022937774658
1.2258052825927734
1.1372411251068115
1.2640011310577393
1.2459163665771484
1.1729960441589355
1.265547513961792
1.2213404178619385
1.128152847290039
1.2906599044799805
1.2783827781677246
1.1662297248840332
1.3198518753051758
1.1651520729064941
1.2273221015930176
1.2329275608062744
1.1728131771087646
1.223628044128418
1.242790937423706
1.1625795364379883
1.2129123210906982
1.241260051727295
1.1394879817962646
1.2902276515960693
1.2055261135101318
1.1874964237213135
1.2103357315063477
1.1392076015472412
1.1796908378601074
1.1945836544036865
1.1332223415374756
1.1792302131652832
1.2003750801086426
1.1368682384490967
1.1796603202819824
1.1885721683502197
1.1177725791931152
1.2379035949707031
1.1360039710998535
1.1904852390289307
1.189284086227417
1.1285474300384521
1.198296308517456
1.2037572860717773
1.1333088874816895
1.1769258975982666
1.2099852561950684
1.1328716278076172
1.1809797286987305
1.224947452545166
1.5548386573791504
2.0334439277648926
1.3491313457489014
1.2740988731384277
1.2826285362243652
1.2446537017822266
1.3562111854553223
1.3624677658081055
1.2604918479919434
1.3759145736694336
1.3248872756958008
1.2250630855560303
1.2690458297729492
1.2711081504821777
1.218090295791626
1.3910129070281982
1.253990650177002
1.2449891567230225
1.214813232421875
1.146083116531372
1.1939239501953125
1.2199592590332031
1.1375787258148193
1.2010207176208496
1.2082774639129639
1.143968105316162
1.194350004196167
1.201660394668579
1.121410846710205
1.2339153289794922
1.1384265422821045
1.1788959503173828
1.2068791389465332
1.1324481964111328
1.1893792152404785
1.1958637237548828
1.1339504718780518
1.2070822715759277
1.2082173824310303
1.1234016418457031
1.1817350387573242
1.1952018737792969
1.1219310760498047
1.2380876541137695
1.124828577041626
1.175997018814087
1.204723834991455
1.1321766376495361
1.1830761432647705
1.2003638744354248
1.1273674964904785
1.174487829208374
1.198526382446289
1.134639024734497
1.1816580295562744
1.184272289276123
1.106614589691162
1.2252004146575928
1.1253128051757812
1.1822741031646729
1.2036025524139404
1.1350531578063965
1.1747407913208008
1.2023680210113525
1.1198525428771973
1.1930038928985596
1.1841862201690674
1.1248548030853271
1.168839931488037
1.1868047714233398
1.1107196807861328
1.2274487018585205
1.1208152770996094
1.179779291152954
1.197617769241333
1.140967845916748
1.198840618133545
1.2095625400543213
1.1283040046691895
1.1772663593292236
1.1969385147094727
1.1250319480895996
1.1675434112548828
1.1875567436218262
1.1095576286315918
1.233015537261963
1.148721694946289
1.1876866817474365
1.1930773258209229
1.1335060596466064
1.1838696002960205
1.1897902488708496
1.1185975074768066
1.184434413909912
1.181178092956543
1.1214799880981445
1.1642329692840576
1.1840455532073975
1.1093835830688477
1.2411658763885498
1.1295192241668701
1.1670820713043213
1.1871337890625
1.1207342147827148
1.1715526580810547
1.1913120746612549
1.1302378177642822
1.1829283237457275
1.189561128616333
1.1233839988708496
1.176218032836914
1.1944284439086914
1.109783411026001
1.2299818992614746
1.1308050155639648
1.1801543235778809
1.1897907257080078
1.1241447925567627
1.1832826137542725
1.2028629779815674
1.116220474243164
1.1708998680114746
1.1869533061981201
1.1343069076538086
1.1670937538146973
1.1885278224945068
1.1048226356506348
1.2561709880828857
1.1282927989959717
1.179708480834961
1.1992664337158203
1.133070707321167
1.1709058284759521
1.1864099502563477
1.134505271911621
1.1944317817687988
1.1916706562042236
1.1257297992706299
1.1612420082092285
1.1858315467834473
1.153548002243042
1.2323346138000488
1.1208250522613525
1.1853761672973633
1.1925039291381836
1.122924566268921
1.1777760982513428
1.2010858058929443
1.1228537559509277
1.1682097911834717
1.184049367904663
1.126091480255127
1.1670558452606201
1.1948997974395752
1.1207506656646729
1.230837345123291
1.1272635459899902
1.173736333847046
1.1814866065979004
1.1274800300598145
1.1919853687286377
1.1874470710754395
1.131004810333252
1.181751012802124
1.1874499320983887
1.1188719272613525
1.1724796295166016
1.1986892223358154
1.1077899932861328
1.2248718738555908
1.1223278045654297
1.188633918762207
1.1942191123962402
1.130768060684204
1.1726529598236084
1.207502841949463
1.1233656406402588
1.173349380493164
1.1863460540771484
1.1292626857757568
1.1713175773620605
1.196040391921997
1.115058183670044
1.2248401641845703
1.1251814365386963
1.1739332675933838
