0.0638437271118164
0.00564885139465332
0.009220361709594727
0.005013704299926758
0.0050046443939208984
0.003981590270996094
0.005005359649658203
0.00559687614440918
0.005006074905395508
0.005001068115234375
0.005002021789550781
0.008989810943603516
0.008994102478027344
0.009019136428833008
0.008990049362182617
0.00998377799987793
0.005007743835449219
0.008982181549072266
0.009001493453979492
0.00899052619934082
0.008008718490600586
0.00598907470703125
0.005007743835449219
0.02800583839416504
0.004999876022338867
0.0050013065338134766
0.005013227462768555
0.02702188491821289
0.006989002227783203
0.026006698608398438
0.0059967041015625
0.0049893856048583984
0.0060024261474609375
0.005000591278076172
0.00500798225402832
0.0054318904876708984
0.0059814453125
0.005002737045288086
0.004994392395019531
0.004004955291748047
0.004822731018066406
0.02701735496520996
0.004006147384643555
0.005708932876586914
0.00399470329284668
0.01600360870361328
0.02699899673461914
0.0040209293365478516
0.005001068115234375
0.005008220672607422
0.026006221771240234
0.025984525680541992
0.005994319915771484
0.0265045166015625
0.026012897491455078
0.026013851165771484
0.02599787712097168
0.027007102966308594
0.016984939575195312
0.0059812068939208984
0.02611374855041504
0.026005983352661133
0.016484975814819336
0.004986286163330078
0.005013227462768555
0.026012897491455078
0.02770686149597168
0.028070926666259766
0.027660608291625977
0.005006074905395508
0.005021572113037109
0.026543617248535156
0.026998043060302734
0.030013084411621094
0.02661299705505371
0.025996923446655273
0.0040018558502197266
0.017559528350830078
0.026013612747192383
0.02799224853515625
0.016003847122192383
0.026017427444458008
0.026002168655395508
0.01854872703552246
0.026587247848510742
0.0040128231048583984
0.0049877166748046875
0.004007101058959961
0.0040128231048583984
0.004008054733276367
0.00500798225402832
0.01601123809814453
0.016018152236938477
0.027003049850463867
0.003988742828369141
0.005015373229980469
0.004000663757324219
0.025819063186645508
0.026987791061401367
0.005857706069946289
0.028005599975585938
0.02718210220336914
0.027006864547729492
0.004995822906494141
0.026992321014404297
0.027025699615478516
0.025083541870117188
0.028116226196289062
0.030006885528564453
0.02601456642150879
0.02616286277770996
0.02599358558654785
0.027226924896240234
0.02734208106994629
0.016017675399780273
0.005013227462768555
0.027164697647094727
0.02601337432861328
0.01603984832763672
0.004507780075073242
0.015015363693237305
0.005015373229980469
0.025992870330810547
0.027649641036987305
0.02655792236328125
0.02748560905456543
0.026015281677246094
0.004004478454589844
0.028012514114379883
0.02801823616027832
0.015003204345703125
0.008536577224731445
0.00400090217590332
0.00399470329284668
0.02600550651550293
0.026005983352661133
0.027019500732421875
0.06050443649291992
