0.06270980834960938
0.003637552261352539
0.0030059814453125
0.004019498825073242
0.005012035369873047
0.004001140594482422
0.004000663757324219
0.0050084590911865234
0.00500941276550293
0.016673564910888672
0.003996610641479492
0.004048824310302734
0.0036804676055908203
0.00400090217590332
0.0035712718963623047
0.002999544143676758
0.00400853157043457
0.016003131866455078
0.005001068115234375
0.004019498825073242
0.004012584686279297
0.0040013790130615234
0.0039882659912109375
0.004001140594482422
0.0039865970611572266
0.003988742828369141
0.0040051937103271484
0.0040013790130615234
0.004003047943115234
0.003999233245849609
0.004014015197753906
0.004014492034912109
0.004007577896118164
0.0029935836791992188
0.004019737243652344
0.004007816314697266
0.004008054733276367
0.0050089359283447266
0.00400090217590332
0.00400090217590332
0.029006481170654297
0.003991603851318359
0.00498652458190918
0.003988504409790039
0.004016876220703125
0.0040094852447509766
0.015996694564819336
0.015228033065795898
0.007001638412475586
0.004001140594482422
0.005002021789550781
0.004105091094970703
0.0039806365966796875
0.003988504409790039
0.004000186920166016
0.004008293151855469
0.003985881805419922
0.004010200500488281
0.004008054733276367
0.0036163330078125
0.003873109817504883
0.0039942264556884766
0.004002094268798828
0.004007816314697266
0.0050089359283447266
0.003984212875366211
0.003993988037109375
0.004009723663330078
0.0046498775482177734
0.0040209293365478516
0.004001617431640625
0.00400090217590332
0.004005908966064453
0.003980875015258789
0.003992319107055664
0.004006147384643555
0.004988670349121094
0.00432133674621582
0.00400090217590332
0.004053592681884766
0.004000425338745117
0.0050013065338134766
0.003995418548583984
0.004000425338745117
0.004554271697998047
0.004002094268798828
0.0043182373046875
0.005007266998291016
0.004527091979980469
0.003998756408691406
0.004987478256225586
0.004000663757324219
0.0049936771392822266
0.0040166378021240234
0.005015850067138672
0.004103183746337891
0.004014730453491211
0.004006147384643555
0.005009174346923828
0.003999471664428711
0.004001140594482422
0.003988981246948242
0.00400090217590332
0.004010438919067383
0.005011796951293945
0.0030198097229003906
0.004019975662231445
0.0050051212310791016
0.0039844512939453125
0.004002809524536133
0.0053730010986328125
0.004000663757324219
0.003993511199951172
0.0034987926483154297
0.004308223724365234
0.004006147384643555
0.00399470329284668
0.003993988037109375
0.003981113433837891
0.004000425338745117
0.005001068115234375
0.0040090084075927734
0.003989219665527344
0.00500798225402832
0.0030007362365722656
0.0040130615234375
0.0039980411529541016
0.005012989044189453
0.005007266998291016
0.0040018558502197266
0.003980875015258789
0.00400233268737793
0.0039942264556884766
0.004015207290649414
0.004000663757324219
0.004999637603759766
0.004020214080810547
0.004018068313598633
0.0050008296966552734
0.0050046443939208984
0.003989458084106445
0.00400090217590332
0.01664900779724121
0.00400090217590332
0.005502223968505859
0.00500035285949707
0.005006313323974609
0.0050067901611328125
0.004000425338745117
0.01600790023803711
0.004014015197753906
0.005995035171508789
0.015008211135864258
0.004002809524536133
0.00400090217590332
0.0050008296966552734
0.004006624221801758
0.004014253616333008
0.00400853157043457
0.003995656967163086
0.004006624221801758
0.004002094268798828
0.00400090217590332
0.005001544952392578
0.004008054733276367
0.003679513931274414
0.004001140594482422
0.0040094852447509766
0.004011869430541992
0.00400090217590332
0.003999471664428711
0.0040204524993896484
0.004006147384643555
0.003988742828369141
0.003989458084106445
0.003981113433837891
0.003993034362792969
0.004004478454589844
0.003987789154052734
0.003999948501586914
0.005013227462768555
0.005988359451293945
0.005004405975341797
0.003995656967163086
0.00500798225402832
0.004013776779174805
0.003995418548583984
0.004021167755126953
0.004000663757324219
0.004003047943115234
0.004996299743652344
0.00499415397644043
0.004007816314697266
0.0050067901611328125
0.004007577896118164
0.003986358642578125
0.004000425338745117
0.004019975662231445
0.005987405776977539
0.0040111541748046875
0.004994869232177734
0.004019021987915039
0.00400853157043457
0.004003047943115234
0.005001544952392578
0.003000497817993164
0.0029952526092529297
0.003993034362792969
0.0050008296966552734
0.004544496536254883
0.004007101058959961
0.0049839019775390625
0.004413604736328125
0.005019426345825195
0.01702880859375
0.004057407379150391
0.0059931278228759766
0.0040018558502197266
0.00498652458190918
0.003995656967163086
0.004001617431640625
0.003993988037109375
0.004000663757324219
0.0049173831939697266
0.004015445709228516
0.005013227462768555
0.004008054733276367
0.005014896392822266
0.004575014114379883
0.0059986114501953125
0.00400853157043457
0.003979921340942383
0.003995418548583984
0.003844738006591797
0.003996610641479492
0.0049877166748046875
0.003983259201049805
0.003988742828369141
0.004004240036010742
0.004986763000488281
0.0049898624420166016
0.00399470329284668
0.00500798225402832
0.003981828689575195
0.028017759323120117
0.030007123947143555
0.00501251220703125
0.004001617431640625
0.0035479068756103516
0.00400090217590332
0.0050127506256103516
0.004002571105957031
0.004998922348022461
0.003999948501586914
0.00500178337097168
0.003981113433837891
0.0039997100830078125
0.0040132999420166016
0.005001068115234375
0.004586219787597656
0.004482269287109375
0.00498652458190918
0.004001140594482422
0.0040128231048583984
0.0035326480865478516
0.0040128231048583984
0.002995014190673828
0.028003931045532227
0.0040018558502197266
0.003994464874267578
0.00400090217590332
0.005001544952392578
0.0040013790130615234
0.003995656967163086
0.004506349563598633
0.003993988037109375
0.004001140594482422
0.0042040348052978516
0.004117488861083984
0.004012346267700195
0.003988742828369141
0.003981828689575195
0.0030019283294677734
0.003988742828369141
0.003988504409790039
0.00500798225402832
0.0040166378021240234
0.0040018558502197266
0.0030074119567871094
0.004009246826171875
0.003998994827270508
0.004005908966064453
0.004007101058959961
0.0040056705474853516
0.02799844741821289
0.004126310348510742
0.005523681640625
0.004000663757324219
0.005010128021240234
0.0040149688720703125
0.004992961883544922
0.004008769989013672
0.0040209293365478516
0.005009174346923828
0.004019975662231445
0.004004240036010742
0.004001140594482422
0.005006313323974609
0.003988981246948242
0.016002893447875977
0.003981351852416992
0.00498652458190918
0.003988742828369141
0.003981590270996094
0.005989551544189453
0.0039942264556884766
0.004006147384643555
0.004009723663330078
0.0039882659912109375
0.0040094852447509766
0.005009174346923828
0.004020214080810547
0.004007816314697266
0.003998517990112305
0.003991127014160156
0.003995180130004883
0.004671335220336914
0.003983736038208008
0.0040204524993896484
0.004004478454589844
0.02900385856628418
0.0049896240234375
0.004002094268798828
0.0040073394775390625
0.00400090217590332
0.00500035285949707
0.004946470260620117
0.004001140594482422
0.003988981246948242
0.005004167556762695
0.003996133804321289
0.0039904117584228516
0.0039937496185302734
0.003998994827270508
0.003982067108154297
0.00400090217590332
0.0039865970611572266
0.0040128231048583984
0.003995656967163086
0.00400543212890625
0.004982709884643555
0.0045986175537109375
0.004001140594482422
0.004007816314697266
0.0039937496185302734
0.004981517791748047
0.0040853023529052734
0.005524396896362305
0.004409074783325195
0.005987405776977539
0.004014730453491211
0.0038471221923828125
0.003999948501586914
0.005001068115234375
0.004008054733276367
0.004008054733276367
0.0038678646087646484
0.003999233245849609
0.0039882659912109375
0.004008054733276367
0.018004655838012695
0.006000995635986328
0.003988742828369141
0.0040013790130615234
0.0040130615234375
0.003625631332397461
0.004021167755126953
0.005980968475341797
0.00399327278137207
0.004993438720703125
0.0039823055267333984
0.004517316818237305
0.004102230072021484
0.004001617431640625
0.0040166378021240234
0.005000114440917969
0.006009101867675781
0.0040018558502197266
0.0050013065338134766
0.004009246826171875
0.00400090217590332
0.0040130615234375
0.00400090217590332
0.00399327278137207
0.0040128231048583984
0.004019975662231445
0.0039975643157958984
0.003700733184814453
0.0040013790130615234
0.0040018558502197266
0.0040094852447509766
0.004015207290649414
0.00501561164855957
0.004389286041259766
0.0040090084075927734
0.004021406173706055
0.004984140396118164
0.0040056705474853516
0.0040132999420166016
0.004011869430541992
0.00498199462890625
0.005000591278076172
0.0039806365966796875
0.004999637603759766
0.0039882659912109375
0.003652334213256836
0.004001140594482422
0.004000186920166016
0.004016876220703125
0.0049860477447509766
0.0040187835693359375
0.004007577896118164
0.003995656967163086
0.003988742828369141
0.0029954910278320312
0.003000974655151367
0.0055234432220458984
0.017008304595947266
0.018016338348388672
0.0040013790130615234
0.003985881805419922
0.01600337028503418
0.027000904083251953
0.00399327278137207
0.0040090084075927734
0.004000663757324219
0.0039997100830078125
0.003981828689575195
0.0040130615234375
0.005006074905395508
0.0050127506256103516
0.004007816314697266
0.004342317581176758
0.005008220672607422
0.004012584686279297
0.003997087478637695
0.004982471466064453
0.00500798225402832
0.003509998321533203
0.0040130615234375
0.004147768020629883
0.003997802734375
0.004636049270629883
0.005001068115234375
0.004997968673706055
0.004000425338745117
0.004981279373168945
0.0039937496185302734
0.004008054733276367
0.003995418548583984
0.0040130615234375
0.004007816314697266
0.004008054733276367
0.004007577896118164
0.004009246826171875
0.003997802734375
0.0040018558502197266
0.02896738052368164
0.00400090217590332
0.003999471664428711
0.0049860477447509766
0.004000663757324219
0.003995656967163086
0.003995180130004883
0.005001068115234375
0.004021406173706055
0.0048313140869140625
0.004000425338745117
0.003984212875366211
0.00400090217590332
0.016167163848876953
0.005002260208129883
0.031218528747558594
0.0040013790130615234
0.003989219665527344
0.003982067108154297
0.0035293102264404297
0.004001140594482422
0.0059947967529296875
0.00400090217590332
0.0050165653228759766
0.004007577896118164
0.004019737243652344
0.004000663757324219
0.0037584304809570312
0.004492998123168945
0.0040130615234375
0.003979682922363281
0.003993988037109375
0.0040130615234375
0.005006551742553711
0.005042314529418945
0.003988504409790039
0.003999948501586914
0.0041370391845703125
0.00400233268737793
0.004000425338745117
0.003993988037109375
0.004012107849121094
0.004990100860595703
0.004982948303222656
0.004015207290649414
0.004982948303222656
0.00413060188293457
0.005001068115234375
0.003995656967163086
0.003996372222900391
0.003989458084106445
0.005014657974243164
0.028016328811645508
0.003981113433837891
0.0050623416900634766
0.003993511199951172
0.003505706787109375
0.005012989044189453
0.00400090217590332
0.004007816314697266
0.004015922546386719
0.005001068115234375
0.004000186920166016
0.003988742828369141
0.00402069091796875
0.00401616096496582
0.003986835479736328
0.00501561164855957
0.004006624221801758
0.0039937496185302734
0.005989551544189453
0.005006551742553711
0.0040056705474853516
0.005516529083251953
0.0039997100830078125
0.004000663757324219
0.0040056705474853516
0.0040013790130615234
0.00498199462890625
0.004005908966064453
0.004289150238037109
0.004006147384643555
0.004002094268798828
0.0040013790130615234
0.004000425338745117
0.004001617431640625
0.005063056945800781
0.004001140594482422
0.006502628326416016
0.0050008296966552734
0.028024911880493164
0.004006624221801758
0.004007816314697266
0.0046236515045166016
0.005003213882446289
0.0049936771392822266
0.004000425338745117
0.005001068115234375
0.0059964656829833984
0.0040018558502197266
0.003534555435180664
0.0040056705474853516
0.00400233268737793
0.003998756408691406
0.0040128231048583984
0.004001617431640625
0.00497746467590332
0.0040149688720703125
0.015523195266723633
0.0047550201416015625
0.027745485305786133
0.004000186920166016
0.015996694564819336
0.015650510787963867
0.004981279373168945
0.00398564338684082
0.00400090217590332
0.0050051212310791016
0.004999637603759766
0.005002737045288086
0.0162808895111084
0.005006313323974609
0.004432201385498047
0.003981828689575195
0.004996538162231445
0.0040209293365478516
0.0050013065338134766
0.0049953460693359375
0.003992557525634766
0.028600215911865234
0.005778074264526367
0.005007266998291016
0.005652189254760742
0.00599980354309082
0.004008769989013672
0.004002094268798828
0.005002737045288086
0.004983425140380859
0.004006147384643555
0.0039997100830078125
0.0039997100830078125
0.027011394500732422
0.004007577896118164
0.004000663757324219
0.003988742828369141
0.004001617431640625
0.005021095275878906
0.0036475658416748047
0.00400090217590332
0.0050013065338134766
0.0039865970611572266
0.0040035247802734375
0.0040013790130615234
0.0049953460693359375
0.004012107849121094
0.00400090217590332
0.004673004150390625
0.00400090217590332
0.017003774642944336
0.0049893856048583984
0.004002809524536133
0.00399470329284668
0.00399017333984375
0.004007816314697266
0.004992961883544922
0.004019260406494141
0.0049893856048583984
0.004006385803222656
0.0050165653228759766
0.004002809524536133
0.00500178337097168
0.004999399185180664
0.028006315231323242
0.0059926509857177734
0.003988742828369141
0.004994630813598633
0.0040128231048583984
0.004000663757324219
0.01600337028503418
0.004000425338745117
0.00601649284362793
0.003993988037109375
0.004999876022338867
0.003999948501586914
0.003996372222900391
0.003997802734375
0.004000663757324219
0.0034720897674560547
0.005001068115234375
0.005016803741455078
0.003982067108154297
0.005006074905395508
0.0040130615234375
0.003999948501586914
0.004007577896118164
0.003987550735473633
0.004001140594482422
0.004002571105957031
0.004012584686279297
0.0050008296966552734
0.004986763000488281
0.003995656967163086
0.004000663757324219
0.0036194324493408203
0.004019498825073242
0.003001689910888672
0.004311800003051758
0.003993988037109375
0.003947257995605469
0.004000425338745117
0.0040056705474853516
0.003996133804321289
0.00400543212890625
0.003999948501586914
0.004014253616333008
0.005561351776123047
0.004982948303222656
0.005018949508666992
0.005021095275878906
0.0040128231048583984
0.0029935836791992188
0.0040013790130615234
0.003754138946533203
0.0040130615234375
0.003992557525634766
0.004006862640380859
0.004008054733276367
0.004010915756225586
0.003981351852416992
0.0030007362365722656
0.004001617431640625
0.004021644592285156
0.004000663757324219
0.004182100296020508
0.0040111541748046875
0.005020618438720703
0.004009246826171875
0.005040645599365234
0.005000114440917969
0.0039958953857421875
0.0040130615234375
0.004004716873168945
0.00498199462890625
0.004006147384643555
0.0050199031829833984
0.004014492034912109
0.005001068115234375
0.005013942718505859
0.005988121032714844
0.0039861202239990234
0.01700901985168457
0.0040128231048583984
0.0042035579681396484
0.0039806365966796875
0.003753185272216797
0.0039937496185302734
0.004014492034912109
0.003562450408935547
0.003998994827270508
0.003988981246948242
0.0038917064666748047
0.005017518997192383
0.003999948501586914
0.004007101058959961
0.004994869232177734
0.004007816314697266
0.003000497817993164
0.004007816314697266
0.0166015625
0.004723310470581055
0.003981113433837891
0.003988742828369141
0.003999233245849609
0.0039882659912109375
0.004988908767700195
0.005020856857299805
0.004009246826171875
0.004995584487915039
0.003989219665527344
0.040090322494506836
0.027013778686523438
0.005015850067138672
0.003989219665527344
0.00500798225402832
0.004007101058959961
0.004994392395019531
0.004575490951538086
0.0050013065338134766
0.003989219665527344
0.016003847122192383
0.0039937496185302734
0.00400233268737793
0.004004001617431641
0.004016399383544922
0.005003213882446289
0.017992258071899414
0.004015922546386719
0.0039997100830078125
0.004011869430541992
0.0049932003021240234
0.003988742828369141
0.005006313323974609
0.003984212875366211
0.0035047531127929688
0.004982471466064453
0.0050008296966552734
0.003999948501586914
0.00400090217590332
0.004007816314697266
0.0049932003021240234
0.004983663558959961
0.004000663757324219
0.004001140594482422
0.004993915557861328
0.015991687774658203
0.01799321174621582
0.0040035247802734375
0.004989147186279297
0.003994464874267578
