1.1698291301727295
1.009430170059204
0.9896516799926758
1.2218101024627686
1.0216619968414307
0.9886319637298584
1.1280431747436523
1.1589999198913574
1.0311806201934814
1.0280263423919678
1.0120501518249512
0.9968733787536621
1.1396629810333252
1.006845235824585
1.158776044845581
1.0121488571166992
0.9928250312805176
1.1294093132019043
1.1769044399261475
1.0300283432006836
1.0261151790618896
1.0240857601165771
1.0024704933166504
1.1424009799957275
0.9956765174865723
1.141801118850708
1.0014395713806152
0.9953343868255615
1.1251046657562256
1.1671199798583984
1.0306265354156494
1.0193274021148682
1.0525093078613281
0.9919900894165039
1.1312587261199951
1.1368112564086914
1.1900830268859863
1.005868911743164
0.9961049556732178
1.1197624206542969
1.1718261241912842
1.0339248180389404
1.026691198348999
1.0017318725585938
0.9820318222045898
1.1424205303192139
0.9899754524230957
1.1514921188354492
1.0012938976287842
0.989863395690918
1.1181397438049316
1.1664583683013916
1.0285148620605469
1.0185492038726807
1.0220348834991455
0.9910705089569092
1.1341328620910645
0.9939525127410889
1.144611120223999
1.020193338394165
0.9922609329223633
1.1154613494873047
1.1673979759216309
1.0276525020599365
1.0221099853515625
1.0056285858154297
0.999251127243042
1.1277539730072021
1.0073180198669434
1.141239881515503
1.0177686214447021
0.9912643432617188
1.1146914958953857
1.1695988178253174
1.0230052471160889
1.0311691761016846
1.0018713474273682
1.0060224533081055
1.1360678672790527
0.987795352935791
1.1516852378845215
1.0332105159759521
0.986736536026001
1.1489059925079346
1.1652839183807373
1.0318577289581299
1.0242946147918701
1.0288920402526855
1.0007612705230713
1.1390645503997803
0.9941306114196777
1.1533095836639404
1.0174274444580078
0.9903440475463867
1.1225552558898926
1.1595542430877686
1.0425441265106201
1.0139894485473633
1.005707025527954
0.9899814128875732
1.1398043632507324
1.000805377960205
1.1524991989135742
1.0141489505767822
0.9929840564727783
1.1254441738128662
1.1699495315551758
1.029740571975708
1.0217931270599365
1.025000810623169
1.0027198791503906
1.1379780769348145
0.9927623271942139
1.1563911437988281
1.0111720561981201
0.9845681190490723
1.1199960708618164
1.1586966514587402
1.0267560482025146
1.0236856937408447
1.0136969089508057
0.9930770397186279
1.1356844902038574
0.994215726852417
1.1454493999481201
1.002120018005371
0.9862995147705078
1.1320087909698486
1.1610403060913086
1.0224859714508057
1.0189487934112549
1.0151824951171875
0.9960875511169434
1.1376845836639404
0.9921743869781494
1.1445019245147705
1.010650873184204
0.9931783676147461
