1.1274676322937012
1.183473825454712
1.041213035583496
1.0447161197662354
1.0249660015106201
1.0028865337371826
1.141932725906372
1.1557285785675049
1.0227205753326416
1.004518985748291
1.1349740028381348
1.0086586475372314
1.1441435813903809
1.0122063159942627
1.1424603462219238
1.1848666667938232
1.0463497638702393
1.030052900314331
1.0294458866119385
1.0068588256835938
1.1560485363006592
1.01552414894104
1.1618406772613525
1.0218708515167236
1.0060908794403076
1.153430700302124
1.027148723602295
1.1879823207855225
1.0347604751586914
1.027580738067627
1.0127854347229004
1.1438052654266357
1.0211021900177002
1.1705083847045898
1.0186731815338135
1.017503261566162
1.1615662574768066
1.0123505592346191
1.184516429901123
1.0393972396850586
1.034191608428955
1.0159754753112793
1.1532397270202637
1.0185942649841309
1.1829380989074707
1.0361177921295166
1.0183031558990479
1.1648662090301514
1.0208864212036133
1.1852941513061523
1.0396690368652344
1.021848440170288
1.0180096626281738
1.1537554264068604
1.0134696960449219
1.1714398860931396
1.0353400707244873
1.013730525970459
1.184969425201416
1.021390676498413
1.1911280155181885
1.0444533824920654
1.0353124141693115
1.0159285068511963
1.152449607849121
1.017078161239624
1.1757757663726807
1.0282998085021973
1.0260770320892334
1.1660480499267578
1.0267608165740967
1.1870548725128174
1.0422849655151367
1.0329406261444092
1.0203742980957031
1.1580126285552979
1.017613172531128
1.1721482276916504
1.0384068489074707
1.0417401790618896
1.1680316925048828
1.0275239944458008
1.1786518096923828
1.048572063446045
1.0293071269989014
1.012310266494751
1.157914161682129
1.017862319946289
1.169632911682129
1.0270705223083496
1.0198359489440918
1.1697239875793457
1.023937463760376
1.1880323886871338
1.0471446514129639
1.0347630977630615
1.022974967956543
1.1689963340759277
1.017566442489624
1.1700901985168457
1.0360429286956787
1.029517412185669
1.1696043014526367
1.016080617904663
1.1946451663970947
1.044724464416504
1.0376777648925781
1.0162458419799805
1.1494636535644531
1.0287599563598633
1.1878433227539062
1.0688073635101318
1.0298559665679932
1.1653952598571777
1.026834487915039
1.183288812637329
1.0490686893463135
1.0266249179840088
1.0172736644744873
1.1603400707244873
1.0362462997436523
1.1692237854003906
1.0399019718170166
1.0256640911102295
1.1821258068084717
1.02681565284729
1.2089183330535889
1.0404386520385742
1.035262107849121
1.0216729640960693
1.1627991199493408
1.0308690071105957
1.1703202724456787
1.038454532623291
1.0274505615234375
1.164287805557251
1.0295681953430176
1.2029743194580078
1.0444953441619873
1.0312066078186035
1.0116078853607178
1.167926549911499
1.0185863971710205
1.17671799659729
1.0423994064331055
1.0278511047363281
1.1698517799377441
1.0316271781921387
1.1856904029846191
1.049468755722046
1.0327446460723877
1.0187625885009766
1.160036325454712
1.0157864093780518
1.1867387294769287
1.0376076698303223
1.018822431564331
1.1642160415649414
1.026843786239624
1.193575382232666
1.0467214584350586
1.034604787826538
1.0240683555603027
1.1653296947479248
1.0318067073822021
1.2157387733459473
1.0396363735198975
1.0294990539550781
1.168241262435913
1.0349738597869873
1.183950662612915
1.0426175594329834
1.064514398574829
1.0226171016693115
1.1571245193481445
1.0210812091827393
1.1793792247772217
1.0539155006408691
1.0221712589263916
1.1756947040557861
1.0233485698699951
1.1866533756256104
1.0369782447814941
1.033987283706665
1.0292396545410156
1.1602275371551514
1.0293686389923096
1.179823637008667
1.0287086963653564
1.0235645771026611
1.1796844005584717
1.0268950462341309
1.2010622024536133
1.0519535541534424
1.0347998142242432
1.0158016681671143
1.1608867645263672
1.0253713130950928
1.1813676357269287
1.0440099239349365
1.0152201652526855
1.173530101776123
1.0300288200378418
1.1967430114746094
1.0447120666503906
1.0394995212554932
1.018340826034546
1.1539297103881836
1.0291976928710938
1.1813721656799316
1.0380475521087646
1.016697883605957
1.167673110961914
1.0307228565216064
1.1892168521881104
1.049952507019043
1.0351366996765137
1.0276679992675781
1.1620464324951172
1.0463435649871826
1.2031114101409912
1.0655899047851562
1.0465552806854248
1.1720199584960938
1.021895170211792
1.191429615020752
1.0470397472381592
1.043154239654541
1.0276706218719482
1.1645393371582031
1.0284559726715088
1.175513744354248
1.0392682552337646
1.0274748802185059
1.1721775531768799
1.0280907154083252
1.1938354969024658
1.0456583499908447
1.0328254699707031
1.0244677066802979
1.173283576965332
1.0287084579467773
1.1746222972869873
1.055607795715332
1.0227982997894287
1.1747336387634277
1.0330018997192383
1.1999859809875488
1.051497220993042
1.0399186611175537
1.0175600051879883
1.1567268371582031
1.0294756889343262
1.1740505695343018
1.0453429222106934
1.0265121459960938
1.1816627979278564
1.028071641921997
1.196141004562378
1.0446929931640625
1.0383422374725342
1.0243053436279297
1.1642966270446777
1.0184578895568848
1.188326358795166
1.0514395236968994
1.0235755443572998
1.1736266613006592
1.0414528846740723
1.1922147274017334
1.0473885536193848
1.0361313819885254
1.0479204654693604
1.167604684829712
1.0345594882965088
1.1791925430297852
1.039670467376709
1.0241920948028564
1.1825778484344482
1.039381504058838
1.1962018013000488
1.0611393451690674
1.042576789855957
1.0299253463745117
1.1681091785430908
1.0266838073730469
1.178260326385498
1.0424892902374268
1.020129919052124
1.1719858646392822
1.0287091732025146
1.1937446594238281
1.064032793045044
1.0348191261291504
1.0437939167022705
1.3262574672698975
1.0957224369049072
1.279214859008789
1.0491271018981934
1.0407040119171143
1.1706171035766602
1.0353355407714844
1.1972873210906982
1.0479731559753418
1.05765962600708
1.0168967247009277
1.1702735424041748
1.0295805931091309
1.1807079315185547
1.0492680072784424
1.0260262489318848
1.173708438873291
1.0234875679016113
1.1917717456817627
1.0529475212097168
1.042849063873291
1.0389142036437988
1.1788170337677002
1.031632423400879
1.1831533908843994
1.0457892417907715
1.0439338684082031
1.0198016166687012
1.1509153842926025
1.0212910175323486
1.16978120803833
1.0204615592956543
1.1565632820129395
1.193753719329834
1.057668685913086
1.0516717433929443
1.0357327461242676
1.0197443962097168
1.1599299907684326
1.0244286060333252
1.1858758926391602
1.038745403289795
1.0200834274291992
1.153898000717163
1.2076237201690674
1.0565638542175293
1.051116704940796
1.0487380027770996
1.0207746028900146
1.1659529209136963
1.0237925052642822
1.1827518939971924
1.0358788967132568
1.0209920406341553
1.1525914669036865
1.1990833282470703
1.0582351684570312
1.0469748973846436
1.0381391048431396
1.0323541164398193
1.1699824333190918
1.0331268310546875
1.1787512302398682
1.0431592464447021
1.0212359428405762
1.157620906829834
1.203847885131836
1.0605146884918213
1.0472946166992188
1.037766933441162
1.0229041576385498
1.176112174987793
1.022228717803955
1.1751291751861572
1.0441718101501465
1.0121114253997803
1.1621832847595215
1.205578327178955
1.0591576099395752
1.0545837879180908
1.0402233600616455
1.0305798053741455
1.1821329593658447
1.0266320705413818
1.1833539009094238
1.0336368083953857
1.0215859413146973
1.1496121883392334
1.2157294750213623
1.0586533546447754
1.0414719581604004
1.0408778190612793
1.022099256515503
1.1692218780517578
1.024580478668213
1.1780221462249756
1.038954496383667
1.0217301845550537
1.1560337543487549
1.2006373405456543
1.062422752380371
1.04756760597229
1.0419728755950928
1.0178661346435547
1.1637144088745117
1.03568696975708
1.18880295753479
1.0441718101501465
1.0430848598480225
1.1660265922546387
1.211120367050171
1.0644652843475342
1.0479633808135986
1.0442280769348145
1.0268003940582275
1.1698908805847168
1.0294175148010254
1.174882411956787
1.0389814376831055
1.0204813480377197
1.163294792175293
1.2080597877502441
1.0520930290222168
1.0566928386688232
1.0503685474395752
1.0261270999908447
1.1656646728515625
1.0216355323791504
1.1788198947906494
1.0412428379058838
1.0121510028839111
1.1587154865264893
1.2059862613677979
1.0567305088043213
1.0445537567138672
1.053229570388794
1.0328550338745117
1.1620824337005615
1.029616117477417
1.18961501121521
1.0359861850738525
1.0157668590545654
1.1548216342926025
1.2049641609191895
1.0611531734466553
1.055128574371338
1.0391106605529785
1.0236570835113525
1.1664507389068604
1.026608943939209
1.1873199939727783
1.0444564819335938
1.0097014904022217
1.154480218887329
1.2022459506988525
1.0686907768249512
1.0547749996185303
1.04296875
1.0315542221069336
1.1702783107757568
1.0306942462921143
1.1768763065338135
1.033015251159668
1.013890266418457
1.1547529697418213
1.2030820846557617
1.0650181770324707
1.0642890930175781
1.0370151996612549
1.0255744457244873
1.1725642681121826
1.0387885570526123
1.1849384307861328
1.0406601428985596
1.0161874294281006
1.1544268131256104
1.2092535495758057
1.0552456378936768
1.0576601028442383
1.042313814163208
1.03658127784729
1.1696865558624268
1.0327062606811523
1.181879997253418
1.0403008460998535
1.0204925537109375
1.1594374179840088
1.2117207050323486
1.0643508434295654
1.0500328540802002
1.043421745300293
1.0278584957122803
1.1832363605499268
1.0325508117675781
1.1873741149902344
1.0455131530761719
1.0351600646972656
1.1531362533569336
1.2057747840881348
1.0678012371063232
1.0521934032440186
1.0429871082305908
1.0243823528289795
1.1688711643218994
1.0339858531951904
1.180314540863037
1.0575840473175049
1.020967721939087
1.1669697761535645
1.222421407699585
1.0684237480163574
1.0592138767242432
1.0437986850738525
1.037020206451416
1.1817517280578613
1.0270025730133057
1.1796207427978516
1.0458097457885742
1.0240976810455322
1.160391092300415
1.2085247039794922
1.0637867450714111
1.0542619228363037
1.0546529293060303
1.0284690856933594
1.169672966003418
1.0250208377838135
1.1836671829223633
1.0438728332519531
1.015716314315796
1.1476271152496338
1.203336477279663
1.0591497421264648
1.0526483058929443
1.0434141159057617
1.0291011333465576
1.1702229976654053
1.030501127243042
1.1839799880981445
1.039053201675415
1.0312550067901611
1.1625432968139648
1.2045390605926514
1.0735876560211182
1.0520553588867188
1.058656930923462
1.0275511741638184
1.1685411930084229
1.0334315299987793
1.1856422424316406
1.0444676876068115
1.0241124629974365
1.159081220626831
1.2176508903503418
1.133467674255371
1.097571611404419
1.0669310092926025
1.0440983772277832
1.1949701309204102
1.0365214347839355
1.1922426223754883
1.0414478778839111
1.024580717086792
1.169044017791748
1.2106685638427734
1.0754306316375732
1.0616428852081299
1.044158935546875
1.0294630527496338
1.168142318725586
1.0308477878570557
1.1814820766448975
1.040848970413208
1.0155158042907715
1.1490957736968994
1.2082993984222412
1.0591726303100586
1.0504286289215088
1.0500295162200928
1.0241057872772217
1.1783676147460938
1.0286986827850342
1.183187484741211
1.0340313911437988
1.0118095874786377
1.1665973663330078
1.2041418552398682
1.0747952461242676
1.0736503601074219
1.044600486755371
1.0264403820037842
1.1907038688659668
1.0457651615142822
1.2216992378234863
1.0503289699554443
1.014474868774414
1.1597700119018555
1.2094273567199707
1.063162088394165
1.0536565780639648
1.0466392040252686
1.05012845993042
1.1624104976654053
1.0287971496582031
1.1874198913574219
1.0501136779785156
1.0263879299163818
1.1566517353057861
1.2174372673034668
1.0667312145233154
1.056419849395752
1.0389378070831299
1.0258347988128662
1.171863079071045
1.032172679901123
1.185394525527954
1.0526447296142578
1.0241005420684814
1.1569621562957764
1.2035109996795654
1.061859369277954
1.0683188438415527
1.060535192489624
1.032766342163086
1.172504186630249
1.026940107345581
1.1866881847381592
1.0375220775604248
1.022815465927124
1.1714532375335693
1.2046535015106201
1.063594102859497
1.0573556423187256
1.047851800918579
1.0293359756469727
1.1861426830291748
1.0313241481781006
1.1791043281555176
1.0432562828063965
1.0131409168243408
1.167940616607666
1.2099363803863525
1.065183401107788
1.086045742034912
1.0554070472717285
1.0291061401367188
1.1719610691070557
1.031958818435669
1.198901653289795
1.039257287979126
1.0243189334869385
1.153583288192749
1.2151751518249512
1.069389820098877
1.0570473670959473
1.0446670055389404
1.037008285522461
1.1901750564575195
1.0433528423309326
1.1799426078796387
1.0702261924743652
1.0303750038146973
1.1625893115997314
1.2051079273223877
1.0630638599395752
1.0816333293914795
1.047781229019165
1.0285356044769287
1.1727290153503418
1.0351603031158447
1.1863574981689453
1.045870065689087
1.019355297088623
1.1635985374450684
1.2114527225494385
1.0659022331237793
1.0619707107543945
1.041517734527588
1.0401244163513184
1.1774418354034424
1.038400411605835
1.1838994026184082
1.056835412979126
1.0284450054168701
1.1646778583526611
1.2065436840057373
1.0764758586883545
1.0617611408233643
1.047684669494629
1.0276906490325928
1.1681525707244873
1.0315601825714111
1.1757023334503174
1.0349171161651611
1.030754804611206
1.18060302734375
1.2131776809692383
1.065309762954712
1.0534894466400146
1.0531489849090576
1.0256297588348389
1.1767117977142334
1.0278289318084717
1.1913115978240967
1.043609619140625
1.0242197513580322
1.165917158126831
1.2087838649749756
1.0620639324188232
1.058406114578247
1.0616559982299805
1.034388542175293
1.1746995449066162
1.0458786487579346
1.1863658428192139
1.049870491027832
1.02398681640625
1.1605660915374756
1.2116260528564453
1.0675172805786133
1.0588524341583252
1.0505540370941162
1.0294249057769775
1.1862428188323975
1.0424995422363281
1.187222957611084
1.0449531078338623
1.0156545639038086
1.1580731868743896
1.2158432006835938
1.0753469467163086
1.069859504699707
1.056593418121338
1.03175950050354
1.1656947135925293
1.0330872535705566
1.1897263526916504
1.0484657287597656
1.0614585876464844
1.1515991687774658
1.2111585140228271
1.0700721740722656
1.0589573383331299
1.0493583679199219
1.02640700340271
1.1717631816864014
1.0502126216888428
1.2022078037261963
1.041147232055664
1.0237960815429688
1.1711392402648926
1.2127947807312012
1.071314811706543
1.0663518905639648
1.0445713996887207
1.0254185199737549
1.166135549545288
1.0341970920562744
1.1822056770324707
1.0572748184204102
1.029952049255371
1.1809477806091309
1.2155177593231201
1.0681548118591309
1.0659751892089844
1.0409841537475586
1.0284678936004639
1.1800806522369385
1.032193660736084
1.1931838989257812
1.0382156372070312
1.024954080581665
1.1590652465820312
1.2047529220581055
1.076589584350586
1.0604746341705322
1.0684640407562256
1.0523416996002197
1.1672437191009521
1.0291714668273926
1.183863878250122
1.0452635288238525
1.01869535446167
1.1534264087677002
1.2131249904632568
1.0630090236663818
1.062835693359375
1.0396742820739746
1.0302586555480957
1.1887059211730957
1.0258584022521973
