1.039736270904541
1.0398945808410645
1.1277809143066406
1.0684821605682373
1.0944769382476807
1.0975265502929688
1.0857341289520264
1.0718774795532227
1.0947864055633545
1.0339312553405762
1.0760116577148438
1.0960314273834229
1.0435433387756348
1.124901294708252
1.105245590209961
1.0448594093322754
1.1059489250183105
1.0995819568634033
1.0495140552520752
1.0910365581512451
1.1055469512939453
1.0550880432128906
1.0958540439605713
1.106672763824463
1.0317590236663818
1.1488525867462158
1.0616528987884521
1.1010692119598389
1.1103568077087402
1.055194616317749
1.125356674194336
1.1243748664855957
1.0522277355194092
1.1146130561828613
1.116866111755371
1.0670287609100342
1.100440502166748
1.1147053241729736
1.0515632629394531
1.15423583984375
1.083059310913086
1.1137068271636963
1.125706434249878
1.0630338191986084
1.0997891426086426
1.1246118545532227
