0.06301403045654297
0.004009246826171875
0.00800180435180664
0.004991769790649414
0.008021354675292969
0.028176307678222656
0.027011394500732422
0.0050013065338134766
0.0040094852447509766
0.005020856857299805
0.0049936771392822266
0.00400090217590332
0.005007743835449219
0.0050013065338134766
0.01669597625732422
0.026987314224243164
0.006000995635986328
0.005006313323974609
0.0070018768310546875
0.005994558334350586
0.00399470329284668
0.02598738670349121
0.02601146697998047
0.02718353271484375
0.0050203800201416016
0.026024580001831055
0.0260009765625
0.02602410316467285
0.009015798568725586
0.016277074813842773
0.02800607681274414
0.017998933792114258
0.015576362609863281
0.016988754272460938
0.00400090217590332
0.028011560440063477
0.0040013790130615234
0.02715611457824707
0.025992870330810547
0.026011228561401367
0.026999950408935547
0.005002737045288086
0.02601790428161621
0.02599191665649414
0.005006313323974609
0.06202054023742676
