0.7347097396850586
0.7363014221191406
0.7394270896911621
0.8521218299865723
1.113292932510376
1.0889794826507568
1.105241060256958
1.125878095626831
1.0923244953155518
1.1578326225280762
1.128460168838501
1.0597705841064453
1.1045801639556885
1.111182689666748
1.1218667030334473
1.100395917892456
1.1139240264892578
1.125556468963623
1.0727958679199219
1.1131846904754639
1.136268138885498
1.1358916759490967
1.0770697593688965
1.1154868602752686
1.1419901847839355
1.1003036499023438
1.1543447971343994
1.1262481212615967
1.1534483432769775
1.0814387798309326
1.1177914142608643
1.128054141998291
1.0983810424804688
1.1956226825714111
1.17008638381958
1.1894068717956543
1.10257887840271
1.1554782390594482
1.2673389911651611
1.1550111770629883
1.2110421657562256
1.148252010345459
1.1582670211791992
1.2287302017211914
1.1052112579345703
1.1491844654083252
1.1459333896636963
1.1178007125854492
1.1918435096740723
1.1165621280670166
1.217303991317749
1.1691522598266602
1.146451711654663
