1.1473824977874756
1.020517110824585
1.011833667755127
1.1787331104278564
1.027125358581543
1.0024480819702148
1.1261637210845947
1.1652917861938477
1.0470044612884521
1.0706384181976318
1.0284457206726074
1.1701993942260742
1.0345633029937744
1.0327138900756836
1.0184781551361084
1.2110235691070557
1.021824836730957
1.177736759185791
1.061823844909668
1.519817590713501
1.5690209865570068
1.2469725608825684
1.0667164325714111
1.0483837127685547
1.1806433200836182
1.2732715606689453
1.1043853759765625
1.0741634368896484
1.093153715133667
1.0840442180633545
1.189007043838501
1.0675575733184814
1.1799468994140625
1.237440824508667
1.1527860164642334
1.1408040523529053
1.0340595245361328
1.0061235427856445
1.1720759868621826
1.0132660865783691
1.1687030792236328
1.1812431812286377
1.041837453842163
1.0447862148284912
1.0275356769561768
1.0125510692596436
1.1393656730651855
1.0438768863677979
1.140554428100586
1.057511329650879
1.1525077819824219
1.0650205612182617
1.0723457336425781
1.1635165214538574
1.0293159484863281
1.171959638595581
1.1783158779144287
1.069183111190796
1.0936074256896973
1.178084373474121
1.068277359008789
1.1823627948760986
