1.203516960144043
1.2059602737426758
1.0835809707641602
1.1119804382324219
1.0477724075317383
1.1623106002807617
1.2661330699920654
1.1832165718078613
1.0861985683441162
1.0931766033172607
1.0773701667785645
1.1932158470153809
1.070164442062378
1.2419085502624512
1.2070245742797852
1.1101973056793213
1.0903079509735107
1.0936288833618164
1.1038131713867188
1.1798698902130127
1.0302386283874512
1.1615543365478516
1.0315284729003906
1.2036159038543701
1.0819368362426758
1.0247421264648438
1.1462810039520264
1.1960828304290771
1.0601587295532227
1.053358554840088
1.0455563068389893
1.0609607696533203
1.1572973728179932
1.0247774124145508
1.144195795059204
1.1913537979125977
1.0674779415130615
1.0808968544006348
1.0447707176208496
1.0750746726989746
1.1663117408752441
1.0386784076690674
1.1504786014556885
1.1928610801696777
1.071558952331543
1.0593950748443604
1.0492353439331055
1.0365309715270996
1.1669878959655762
1.0281972885131836
1.2005302906036377
1.0374362468719482
1.1800651550292969
1.0457520484924316
1.0736422538757324
1.1781401634216309
1.0529663562774658
1.2373402118682861
1.064152479171753
1.0843689441680908
1.0451760292053223
1.206310510635376
