1.1948671340942383
1.1208977699279785
1.176543951034546
1.2036387920379639
1.107358694076538
1.1599278450012207
1.2043230533599854
1.1066699028015137
1.1457226276397705
1.1588959693908691
1.2443461418151855
1.2410428524017334
1.1568031311035156
1.1564574241638184
1.2046725749969482
1.1472766399383545
1.1751794815063477
1.180699348449707
1.1726529598236084
1.1644690036773682
1.166210412979126
1.217555046081543
1.156346321105957
1.2857728004455566
1.2196168899536133
1.1300709247589111
1.1564233303070068
1.1613051891326904
1.212336540222168
1.1063714027404785
1.166264295578003
1.1810309886932373
1.1915092468261719
1.187079906463623
1.220435380935669
1.1896531581878662
1.1495704650878906
1.1801297664642334
1.17502760887146
1.1904079914093018
1.1209940910339355
1.2001712322235107
1.179821252822876
1.1360149383544922
1.1757864952087402
1.2359423637390137
1.2024390697479248
1.1536426544189453
1.2088985443115234
1.1917052268981934
1.1584796905517578
1.1665513515472412
1.21661376953125
