0.0
0.0010008811950683594
0.001001119613647461
0.0009989738464355469
0.0
0.0010008811950683594
0.00099945068359375
0.0009999275207519531
0.0010018348693847656
0.0
0.0010099411010742188
0.0010008811950683594
0.0005230903625488281
0.0
0.0010008811950683594
0.0010008811950683594
0.0009999275207519531
0.001004934310913086
0.001001596450805664
0.0010025501251220703
0.0010006427764892578
0.0010123252868652344
0.0
0.0010068416595458984
0.0010001659393310547
0.0009918212890625
0.0010030269622802734
0.000997781753540039
0.0010001659393310547
0.0009989738464355469
0.0009932518005371094
0.0010082721710205078
0.0009961128234863281
0.0009999275207519531
0.0010075569152832031
0.001998424530029297
0.0010089874267578125
0.0009932518005371094
0.0010006427764892578
0.0010063648223876953
0.0010006427764892578
0.0010056495666503906
0.0010006427764892578
0.0019996166229248047
0.0019903182983398438
0.002013683319091797
0.0009927749633789062
0.001007080078125
0.0019936561584472656
0.002004861831665039
0.0019865036010742188
0.0019860267639160156
0.0009999275207519531
0.0010008811950683594
0.001993894577026367
0.0010004043579101562
0.0020003318786621094
0.001999378204345703
0.0020008087158203125
0.0020062923431396484
0.0019998550415039062
0.0010075569152832031
