0.0
0.0009942054748535156
0.0
0.0010080337524414062
0.0
0.000995635986328125
0.0010018348693847656
0.0009584426879882812
0.0
0.0009884834289550781
0.0010023117065429688
0.0
0.00099945068359375
0.0010006427764892578
0.0
0.0010023117065429688
0.0010001659393310547
0.0
0.0009899139404296875
0.0010004043579101562
0.0009999275207519531
0.0010013580322265625
0.0010001659393310547
0.0010004043579101562
0.0010001659393310547
0.001986980438232422
0.0009937286376953125
0.0010063648223876953
0.001999378204345703
0.0010006427764892578
0.0010006427764892578
0.001987457275390625
0.0009999275207519531
0.0010077953338623047
0.001985311508178711
0.001001119613647461
0.0010004043579101562
0.0019927024841308594
0.0009882450103759766
0.0009930133819580078
0.001001596450805664
0.0020055770874023438
0.0010077953338623047
0.001999378204345703
0.002007722854614258
0.001001596450805664
0.0010073184967041016
0.0010025501251220703
0.001999378204345703
0.0010001659393310547
0.0009999275207519531
0.0010006427764892578
0.001999378204345703
0.0020003318786621094
0.001993417739868164
0.0016388893127441406
0.0019986629486083984
0.0020003318786621094
0.0017096996307373047
0.0019922256469726562
0.0020148754119873047
0.002000570297241211
