0.0
0.0009989738464355469
0.0010008811950683594
0.0010006427764892578
0.0
0.00104522705078125
0.0
0.0009984970092773438
0.0
0.0009989738464355469
0.0009999275207519531
0.0010085105895996094
0.0010058879852294922
0.0009999275207519531
0.0009946823120117188
0.0010190010070800781
0.0009999275207519531
0.001001119613647461
0.0009992122650146484
0.0010001659393310547
0.0010027885437011719
0.0010006427764892578
0.0009930133819580078
0.0010004043579101562
0.001001596450805664
0.002000570297241211
0.0010004043579101562
0.0010001659393310547
0.001993894577026367
0.0009949207305908203
0.0010008811950683594
0.0010008811950683594
0.00099945068359375
0.0010008811950683594
0.0010097026824951172
0.0009980201721191406
0.0009992122650146484
0.0009992122650146484
0.002000093460083008
0.0010018348693847656
0.0010073184967041016
0.0009968280792236328
0.0019989013671875
0.0010001659393310547
0.0020008087158203125
0.0010068416595458984
0.0019998550415039062
0.0010085105895996094
0.0010008811950683594
0.001995563507080078
0.0020051002502441406
0.002013683319091797
0.0020003318786621094
