0.0
0.0010006427764892578
0.0009996891021728516
0.0
0.0010077953338623047
0.0009999275207519531
0.0010023117065429688
0.0009949207305908203
0.0
0.0
0.0009992122650146484
0.0010004043579101562
0.0019936561584472656
0.0
0.0009875297546386719
0.0009944438934326172
0.001007080078125
0.0010001659393310547
0.0009953975677490234
0.0009996891021728516
0.0010001659393310547
0.001008749008178711
0.0009999275207519531
0.001001119613647461
0.0009953975677490234
0.0010066032409667969
0.002005338668823242
0.001001119613647461
0.0010027885437011719
0.0010008811950683594
0.001985311508178711
0.0010013580322265625
0.001008749008178711
0.0010001659393310547
0.0020143985748291016
0.002032041549682617
0.0009989738464355469
0.00060272216796875
0.0010006427764892578
0.0009996891021728516
0.0019998550415039062
0.001999378204345703
0.002513885498046875
0.0010023117065429688
0.0010004043579101562
0.002000570297241211
0.0010020732879638672
0.0019981861114501953
0.002007007598876953
0.0019998550415039062
0.0015254020690917969
0.0019860267639160156
0.00200653076171875
