0.0050008296966552734
0.0040013790130615234
0.0040149688720703125
0.03220248222351074
0.004003047943115234
0.00500178337097168
0.03400754928588867
0.00400090217590332
0.004001617431640625
0.00400090217590332
0.003999471664428711
0.03300786018371582
0.0050106048583984375
0.00400090217590332
0.004001617431640625
0.0040073394775390625
0.004001617431640625
0.003998279571533203
0.041014671325683594
0.004015207290649414
0.005001068115234375
0.00500035285949707
0.00400853157043457
0.03400158882141113
0.038994789123535156
0.004006624221801758
0.004014492034912109
0.005013704299926758
0.0040051937103271484
0.004001617431640625
0.003998994827270508
0.040083885192871094
0.00501251220703125
0.003608226776123047
0.003988504409790039
0.00400090217590332
0.004998445510864258
0.03300738334655762
0.003995656967163086
0.0390019416809082
0.0040073394775390625
0.006003141403198242
0.003993988037109375
0.004007577896118164
0.004001140594482422
0.0040090084075927734
0.004004240036010742
0.00400090217590332
0.004019975662231445
0.004007101058959961
0.03899431228637695
0.0040149688720703125
0.004012584686279297
0.003999471664428711
0.0400087833404541
0.004995822906494141
0.005000591278076172
0.04000592231750488
0.005002260208129883
0.03200674057006836
0.0050013065338134766
0.032007694244384766
