1.1666383743286133
1.0846104621887207
1.1420085430145264
1.1424741744995117
1.0759508609771729
1.1276040077209473
1.141711950302124
1.0756628513336182
1.1137089729309082
1.1263346672058105
1.1975009441375732
1.1770734786987305
1.1247813701629639
1.1244492530822754
1.173130750656128
1.1153061389923096
1.140171766281128
1.1486902236938477
1.1020417213439941
1.1323182582855225
1.1342008113861084
1.156540870666504
1.0907700061798096
1.249765396118164
1.187920331954956
1.0980613231658936
1.1244149208068848
1.1292963027954102
1.1407711505889893
1.0730373859405518
1.133683443069458
1.1480090618133545
1.1281459331512451
1.1540701389312744
1.1506297588348389
1.1544857025146484
1.1165640354156494
1.14613676071167
1.141479253768921
1.158398151397705
1.0894443988800049
1.1316137313842773
1.1458065509796143
1.102949857711792
1.141777515411377
1.1653730869293213
1.1663494110107422
1.1196398735046387
1.1399133205413818
1.1576249599456787
1.0962274074554443
1.132537603378296
1.153510332107544
