0.004996538162231445
0.00398707389831543
0.0040013790130615234
0.03502225875854492
0.005007743835449219
0.003990888595581055
0.003989458084106445
0.005009174346923828
0.0040013790130615234
0.03300666809082031
0.005143880844116211
0.005001068115234375
0.00501561164855957
0.005009651184082031
0.004007816314697266
0.03402090072631836
0.00400090217590332
0.006001472473144531
0.005561351776123047
0.005002021789550781
0.004283428192138672
0.004013538360595703
0.003995656967163086
0.004987478256225586
0.004000425338745117
0.0400080680847168
0.0050013065338134766
0.004015684127807617
0.004001140594482422
0.0040018558502197266
0.004000663757324219
0.003995180130004883
0.04100346565246582
0.04100394248962402
0.03579115867614746
0.03999471664428711
0.007002830505371094
0.0039942264556884766
0.003999471664428711
0.035010576248168945
0.040021419525146484
0.0049877166748046875
0.036008596420288086
0.04100918769836426
0.0059833526611328125
0.005531787872314453
0.004008769989013672
0.00400233268737793
0.00400090217590332
0.004000663757324219
0.0040013790130615234
0.039008140563964844
0.032007455825805664
