1.126688003540039
0.9945096969604492
0.9848275184631348
1.122706413269043
0.9980297088623047
0.9736804962158203
1.098095417022705
1.1367251873016357
1.0190114974975586
1.0146257877349854
0.9994299411773682
1.1401960849761963
1.0063810348510742
1.0047063827514648
0.9904718399047852
1.1530098915100098
0.9928104877471924
1.1467223167419434
1.032827377319336
1.4718058109283447
1.5380139350891113
1.2139670848846436
1.0357167720794678
1.0115301609039307
1.1459755897521973
1.197134256362915
1.071385383605957
1.0441138744354248
1.0601460933685303
1.0533182621002197
1.156951665878296
1.032562255859375
1.1509404182434082
1.2044308185577393
1.0863864421844482
1.0742380619049072
1.0040521621704102
0.9761238098144531
1.112069845199585
0.9812436103820801
1.1036162376403809
1.1502292156219482
1.0126800537109375
1.0145668983459473
0.997438907623291
0.9838294982910156
1.1093575954437256
0.9858481884002686
1.1105480194091797
0.993065595626831
1.1225001811981201
1.0050067901611328
1.0052824020385742
1.1325113773345947
0.9970672130584717
1.1403207778930664
1.147308111190796
1.0381836891174316
1.059781789779663
1.1470956802368164
1.0006885528564453
1.1232120990753174
