0.004013776779174805
0.004007577896118164
0.003999948501586914
0.03200697898864746
0.004015684127807617
0.005000591278076172
0.0040018558502197266
0.004003047943115234
0.002994060516357422
0.032000064849853516
0.00400853157043457
0.004988193511962891
0.0040018558502197266
0.003994464874267578
0.003999948501586914
0.03400778770446777
0.003993988037109375
0.007004261016845703
0.0039958953857421875
0.007004261016845703
0.00400090217590332
0.0060062408447265625
0.004999399185180664
0.006001949310302734
0.007001399993896484
0.04412961006164551
0.004000186920166016
0.004023313522338867
0.007008552551269531
0.004000186920166016
0.005003690719604492
0.0039899349212646484
0.0040018558502197266
0.004002571105957031
0.0383915901184082
0.040023088455200195
0.004001617431640625
0.00500798225402832
0.03399348258972168
0.00500178337097168
0.040008544921875
0.00400233268737793
0.004579305648803711
0.0040013790130615234
0.00400090217590332
0.0038688182830810547
0.003999948501586914
0.03300619125366211
0.004001140594482422
0.038382768630981445
0.004001617431640625
0.0340116024017334
0.04005765914916992
0.004998445510864258
0.006001472473144531
0.004003047943115234
0.003999948501586914
0.004997968673706055
0.006078481674194336
0.004983425140380859
0.04057598114013672
0.03216385841369629
