0.005006074905395508
0.004002094268798828
0.004001140594482422
0.034159183502197266
0.003981590270996094
0.004013776779174805
0.03500938415527344
0.003987550735473633
0.00400090217590332
0.004000186920166016
0.005000591278076172
0.034932613372802734
0.004007577896118164
0.004001617431640625
0.004547119140625
0.003946065902709961
0.005000114440917969
0.003986358642578125
0.04159092903137207
0.004015445709228516
0.004001140594482422
0.03301191329956055
0.03702259063720703
0.003999948501586914
0.003681659698486328
0.004007816314697266
0.004014730453491211
0.004001140594482422
0.04155921936035156
0.004884481430053711
0.004988431930541992
0.0040013790130615234
0.03400731086730957
0.0040013790130615234
0.03979182243347168
0.005002498626708984
0.0040018558502197266
0.003992557525634766
0.004002094268798828
0.004015207290649414
0.00400233268737793
0.04054713249206543
0.004014492034912109
0.0039997100830078125
0.004000186920166016
0.0415494441986084
0.005240917205810547
0.004002094268798828
0.038942813873291016
0.004019975662231445
0.03307533264160156
0.004007101058959961
0.033102989196777344
