0.7097041606903076
0.707294225692749
0.7104337215423584
0.7901055812835693
1.082277774810791
1.058985948562622
1.0752599239349365
1.0947701930999756
1.0583105087280273
1.0988132953643799
1.0981407165527344
1.0287621021270752
1.0725653171539307
1.0802693367004395
1.0908653736114502
1.0383739471435547
1.082916498184204
1.0935490131378174
1.0412216186523438
1.0821771621704102
1.1056129932403564
1.1048781871795654
1.0470619201660156
1.0834782123565674
1.1104283332824707
1.0322818756103516
1.1218085289001465
1.096240758895874
1.1224479675292969
1.0504310131072998
1.0857696533203125
1.0980448722839355
1.0263705253601074
1.1266067028045654
1.1059739589691162
1.12135910987854
1.0655696392059326
1.122889518737793
1.2353284358978271
1.0904450416564941
1.1410274505615234
1.1152443885803223
1.0937116146087646
1.1597135066986084
1.0712034702301025
1.111630916595459
1.1139233112335205
1.0857868194580078
1.1588363647460938
1.0845544338226318
1.185227870941162
1.1021373271942139
1.0864379405975342
