1.1775076389312744
1.1739535331726074
1.0535731315612793
1.0529487133026123
1.0167646408081055
1.131302833557129
1.2040040493011475
1.1502101421356201
1.0566024780273438
1.0616629123687744
1.0463550090789795
1.1332001686096191
1.0366156101226807
1.2099006175994873
1.1760168075561523
1.0793414115905762
1.0603013038635254
1.063589096069336
1.036224126815796
1.1488597393035889
0.999000072479248
1.1295373439788818
1.0005218982696533
1.143601655960083
1.0159289836883545
0.9947433471679688
1.1152722835540771
1.1650753021240234
1.0300350189208984
1.02235746383667
1.0135366916656494
0.9949467182159424
1.125758171081543
0.9941608905792236
1.1131870746612549
1.1609222888946533
1.0354716777801514
1.0208885669708252
1.0137619972229004
1.0090148448944092
1.1343119144439697
1.0055592060089111
1.1194705963134766
1.1618549823760986
1.0403215885162354
1.0283808708190918
1.0182385444641113
1.005523443222046
1.1359813213348389
0.9971778392791748
1.1338577270507812
1.0044286251068115
1.1484215259552002
1.0141887664794922
1.0066323280334473
1.144559621810913
1.0199601650238037
1.169325351715088
1.0301449298858643
1.024343490600586
1.0111687183380127
1.1462490558624268
