3.045795202255249
2.360795736312866
2.3259358406066895
2.580271005630493
2.338716506958008
2.676844358444214
2.4313623905181885
3.26865816116333
2.882268190383911
2.8254828453063965
2.5297389030456543
3.040046453475952
2.5232088565826416
2.826331853866577
2.536714792251587
2.7313246726989746
2.4626896381378174
2.4156994819641113
2.656808853149414
2.43821120262146
2.6915009021759033
2.4347872734069824
2.683577060699463
2.361445426940918
2.596996545791626
2.3451695442199707
2.5829553604125977
2.3480355739593506
2.603209972381592
2.352008819580078
2.654189348220825
2.3676111698150635
2.317737340927124
2.568876028060913
2.317746162414551
2.523686408996582
2.56648850440979
2.3428843021392822
2.5460846424102783
2.5906386375427246
2.3522825241088867
2.630086898803711
2.352267026901245
2.3133389949798584
2.5575497150421143
2.348810911178589
2.551791191101074
2.608323812484741
2.3422341346740723
2.6179375648498535
2.353248357772827
2.33396315574646
2.577683448791504
2.358398199081421
2.791111946105957
2.6001455783843994
2.386782169342041
2.60638689994812
2.369285821914673
2.321234941482544
2.567974090576172
2.314443826675415
2.5353217124938965
2.6049890518188477
2.34399676322937
2.672391891479492
2.4619247913360596
2.484038829803467
2.648754596710205
2.328864574432373
2.58566951751709
2.637946128845215
2.438462972640991
2.6738502979278564
2.3944177627563477
2.416914939880371
2.6488308906555176
2.3919894695281982
2.5651345252990723
2.704585313796997
2.5264620780944824
2.8203630447387695
2.7073428630828857
2.615471124649048
2.9378628730773926
2.4764347076416016
2.6441338062286377
2.9167098999023438
2.472541570663452
2.7361104488372803
2.444671869277954
2.4780519008636475
2.685382604598999
2.4626660346984863
2.6852829456329346
2.7345807552337646
2.5097923278808594
2.8151488304138184
2.436112642288208
2.4180030822753906
2.802427291870117
2.410992383956909
2.726490020751953
2.7595131397247314
2.4025700092315674
2.6951494216918945
2.423870086669922
2.4539875984191895
2.7249786853790283
2.515773296356201
2.6592392921447754
2.668151378631592
2.374258041381836
2.6725893020629883
2.472548246383667
2.561742067337036
2.8271617889404297
2.5012314319610596
2.6848700046539307
2.6971921920776367
2.4110372066497803
2.6673779487609863
2.4804577827453613
2.3948709964752197
2.6995060443878174
2.41210675239563
2.6777586936950684
2.674182176589966
2.4748594760894775
2.726907253265381
2.428640604019165
2.387209892272949
2.65478777885437
2.4923033714294434
2.6373648643493652
2.7689812183380127
2.4068686962127686
2.7071452140808105
2.4195334911346436
2.4019575119018555
2.6053147315979004
2.356818914413452
2.625878095626831
2.692302942276001
2.4370250701904297
2.7241578102111816
2.4252851009368896
2.4614546298980713
2.6816797256469727
2.4007527828216553
2.66440749168396
2.6937367916107178
2.529161214828491
2.986650228500366
2.4522907733917236
2.4297637939453125
2.6592483520507812
2.42797589302063
2.6041030883789062
2.693014621734619
2.414767026901245
2.7365591526031494
2.4286930561065674
2.3982441425323486
2.6895275115966797
2.415740728378296
2.618727445602417
2.7082815170288086
2.448124885559082
2.782625913619995
2.4204723834991455
2.4580204486846924
2.6988556385040283
2.4168732166290283
2.6075191497802734
2.6758079528808594
2.501323938369751
2.6908047199249268
2.4647092819213867
2.4122631549835205
2.680819511413574
2.428116798400879
2.617553472518921
2.707789182662964
2.4594757556915283
2.690167188644409
2.4264912605285645
2.416419744491577
2.674020290374756
2.404144287109375
2.6149606704711914
2.702162981033325
2.3975632190704346
2.727794885635376
2.5243451595306396
2.4743263721466064
2.6582016944885254
2.4162087440490723
2.6167709827423096
2.6957614421844482
2.432055711746216
2.726793050765991
2.500394582748413
2.4109206199645996
2.6612801551818848
2.415473699569702
2.621764898300171
2.7637317180633545
2.4294049739837646
2.7297439575195312
2.4353132247924805
2.366812229156494
2.622208833694458
2.393787384033203
2.6183083057403564
2.7113654613494873
2.43764328956604
2.6780831813812256
2.4714887142181396
2.457521677017212
2.654345750808716
2.4214084148406982
2.7288222312927246
2.6817381381988525
2.4313459396362305
2.6942296028137207
2.4840757846832275
2.407102584838867
2.6833183765411377
2.373821258544922
2.645218849182129
2.688692092895508
2.3988583087921143
2.7389724254608154
2.4355409145355225
2.423250913619995
2.6802289485931396
2.3859200477600098
2.582854747772217
2.7111945152282715
2.409627676010132
2.6969029903411865
2.4791247844696045
2.443711519241333
2.6856255531311035
2.438934564590454
2.6743500232696533
2.6758055686950684
2.5028834342956543
2.7350666522979736
2.454181671142578
2.47566819190979
2.79109525680542
2.4043521881103516
2.604621648788452
2.6508710384368896
2.5001943111419678
2.860184907913208
2.436523675918579
2.4153974056243896
2.6612088680267334
2.4192373752593994
2.6593732833862305
2.695645332336426
2.420825719833374
2.748509407043457
2.457075357437134
2.38942289352417
2.6435906887054443
2.4579389095306396
2.7199108600616455
2.745124101638794
2.4892659187316895
2.6783952713012695
2.4453656673431396
2.388923168182373
2.716291666030884
2.417126178741455
2.627166986465454
2.741105079650879
2.429082155227661
2.726223945617676
2.4687376022338867
2.4577956199645996
2.6553421020507812
2.422386407852173
2.6365108489990234
2.656769275665283
2.4589710235595703
2.835484504699707
2.472527027130127
2.4577317237854004
2.6457343101501465
2.4105420112609863
2.652202606201172
2.723480463027954
2.467743396759033
2.7356956005096436
2.4702775478363037
2.405977487564087
2.6278624534606934
2.405205488204956
2.6263551712036133
2.7140512466430664
2.4188575744628906
2.7439229488372803
2.4276537895202637
2.459989309310913
2.6671462059020996
2.4326257705688477
2.6103720664978027
2.7278895378112793
2.4762301445007324
2.7302396297454834
2.473789691925049
2.4361732006073
2.752575397491455
2.4324092864990234
2.6842916011810303
2.74613618850708
2.476234197616577
2.6957621574401855
2.4286820888519287
2.3947274684906006
2.637800931930542
2.4269802570343018
2.652864933013916
2.7196879386901855
2.44765305519104
2.7054600715637207
2.453435182571411
2.410701036453247
2.6744418144226074
2.4063942432403564
2.9074912071228027
2.8223748207092285
2.470973014831543
2.716508388519287
2.5066890716552734
2.4040122032165527
2.7097549438476562
2.4340739250183105
2.639162063598633
2.6922731399536133
2.42244291305542
2.7783255577087402
2.4348304271698
2.3774473667144775
2.678478717803955
2.449490785598755
2.6654772758483887
2.748502254486084
