2.6028802394866943
2.739873170852661
2.4141931533813477
2.387253999710083
2.651392936706543
2.3700125217437744
2.6261441707611084
2.667219638824463
2.4315476417541504
2.6564459800720215
2.760064125061035
2.4512336254119873
2.7134530544281006
2.4715025424957275
2.6516048908233643
2.7071597576141357
2.476835250854492
2.8484160900115967
2.4203388690948486
2.6806137561798096
2.568798780441284
2.698493242263794
2.4528770446777344
2.6971936225891113
2.3911473751068115
2.649947166442871
2.3806493282318115
2.7210922241210938
2.451267719268799
2.7087149620056152
2.510601282119751
2.7551627159118652
2.4654507637023926
2.6090941429138184
2.7395288944244385
2.4302380084991455
2.74108624458313
2.4138216972351074
2.728900194168091
2.4731996059417725
2.7160956859588623
2.4836385250091553
2.726034641265869
2.431546926498413
2.719909191131592
2.4583349227905273
2.7371671199798584
2.466259241104126
2.421254873275757
2.6050097942352295
2.715334177017212
2.473036766052246
2.718916893005371
2.519496202468872
2.4957592487335205
3.9756970405578613
2.461106538772583
2.4295806884765625
2.6458449363708496
2.452599287033081
2.664030075073242
2.7380053997039795
2.4752705097198486
2.6891937255859375
2.762357473373413
2.4634644985198975
2.799926280975342
2.5270419120788574
2.435106039047241
2.7034881114959717
3.2755613327026367
3.2564234733581543
2.8454177379608154
2.678117036819458
3.000711441040039
2.939628839492798
2.657388210296631
2.8512396812438965
2.6009397506713867
2.803927183151245
2.7861688137054443
2.5439612865448
2.821523666381836
2.5348572731018066
2.5598673820495605
2.7422330379486084
2.4839046001434326
2.6857991218566895
2.7591755390167236
2.471742630004883
2.804959774017334
2.537236213684082
2.485085964202881
2.784053325653076
2.4756972789764404
2.7081093788146973
2.7820546627044678
2.4921305179595947
2.893162965774536
2.7796051502227783
2.5899863243103027
2.850677251815796
2.4134812355041504
2.7232539653778076
2.7924230098724365
2.500566005706787
2.6986076831817627
2.517141342163086
2.9794766902923584
3.139998435974121
2.8373095989227295
2.920732021331787
2.9131197929382324
2.8598215579986572
3.335404634475708
2.754150390625
2.5717175006866455
2.8518829345703125
2.4892020225524902
2.6879172325134277
2.772991895675659
2.6038970947265625
2.8012208938598633
2.4456822872161865
2.454697608947754
3.205681800842285
2.514456272125244
2.7480826377868652
2.931849479675293
2.5820505619049072
2.8566105365753174
2.5575437545776367
2.6392297744750977
2.8911421298980713
2.5902302265167236
3.037980556488037
3.0480334758758545
2.545358657836914
2.862236738204956
2.5651209354400635
2.567737579345703
2.76997709274292
2.5076770782470703
2.6363797187805176
2.6814305782318115
2.6002562046051025
2.760120391845703
2.5106489658355713
2.471325159072876
2.717637777328491
2.896198272705078
2.8843603134155273
2.7713069915771484
2.7716104984283447
3.0038111209869385
2.5505688190460205
2.5170233249664307
2.7052969932556152
2.458285331726074
2.922398567199707
2.9821228981018066
2.779322624206543
3.0771286487579346
2.6147122383117676
2.530000686645508
3.0161385536193848
2.5061044692993164
2.658560037612915
2.69266414642334
2.5686194896698
2.840376377105713
2.7628402709960938
2.507254123687744
2.7018089294433594
2.4275591373443604
2.7991673946380615
3.1406655311584473
2.55741286277771
2.8608946800231934
2.5092878341674805
2.54325270652771
2.7797744274139404
2.539217948913574
3.0480337142944336
3.095663070678711
2.5556492805480957
2.854048490524292
2.636434555053711
2.522672176361084
2.7711150646209717
2.518174886703491
2.6892054080963135
2.8538293838500977
2.511324405670166
2.7426533699035645
2.5073673725128174
2.461815595626831
2.6805975437164307
2.4524435997009277
2.6939492225646973
2.7820136547088623
2.5916366577148438
2.954188346862793
2.5568106174468994
2.533740758895874
2.741492986679077
2.3974215984344482
2.736537456512451
2.6967720985412598
2.483632802963257
2.764207601547241
2.487351179122925
2.4379708766937256
2.7375712394714355
2.4647741317749023
2.693662166595459
2.730156898498535
2.452702283859253
2.768267869949341
2.4739580154418945
2.4192450046539307
2.6990439891815186
2.4690091609954834
2.684523820877075
2.7850730419158936
2.634765625
3.0194785594940186
2.6667802333831787
2.64439058303833
2.896505355834961
2.6671652793884277
2.8787496089935303
2.9553911685943604
2.6411147117614746
2.938598871231079
2.6404571533203125
2.6037704944610596
2.8344783782958984
2.607039213180542
2.8155357837677
2.9190893173217773
2.6499977111816406
2.941492795944214
2.6788501739501953
2.6605498790740967
2.8780031204223633
2.6036455631256104
2.869034767150879
2.9065704345703125
2.409724473953247
2.69834303855896
2.427976608276367
2.385908365249634
2.8674724102020264
2.5862839221954346
2.6964402198791504
2.7351462841033936
2.4577949047088623
2.738406181335449
2.5131945610046387
2.516995429992676
2.730031728744507
2.4665119647979736
2.65085768699646
2.7560973167419434
2.501924753189087
2.7767679691314697
2.4915037155151367
2.523721218109131
2.662033796310425
2.4805335998535156
2.689502477645874
2.8111982345581055
2.4859538078308105
2.7613606452941895
2.5269107818603516
2.437264919281006
2.6659698486328125
2.383852958679199
2.6506094932556152
2.7211947441101074
2.508619546890259
2.758533477783203
2.5266711711883545
2.541563034057617
2.7952756881713867
2.506340980529785
2.7907567024230957
2.730905771255493
2.4512524604797363
2.796394109725952
2.5134079456329346
2.5023818016052246
2.9384970664978027
2.390138864517212
2.6367833614349365
2.686375141143799
2.4407742023468018
2.699130058288574
2.4450817108154297
2.453038215637207
2.6526143550872803
2.4116365909576416
2.629767894744873
2.6992578506469727
2.428609609603882
2.709935188293457
2.4535140991210938
2.3965206146240234
2.66860032081604
2.395787477493286
2.6198036670684814
2.685757875442505
2.417355537414551
2.7054059505462646
2.4465725421905518
2.4037046432495117
2.6519832611083984
2.3975749015808105
2.6197125911712646
2.6875431537628174
2.4936070442199707
2.7818758487701416
2.5444560050964355
2.52829909324646
2.704738140106201
2.529202699661255
2.7121357917785645
2.7635765075683594
2.5047495365142822
2.8322882652282715
2.543576717376709
2.504824161529541
2.736569404602051
2.4876251220703125
2.715449810028076
2.722207546234131
2.49630069732666
2.7825098037719727
