2.5812437534332275
2.59912371635437
2.7025039196014404
2.6210551261901855
2.613860607147217
2.700312614440918
2.5500242710113525
2.6209449768066406
2.584691286087036
2.6229400634765625
2.735607147216797
2.611161947250366
2.7278645038604736
2.633641481399536
2.670295000076294
2.6623761653900146
2.6612229347229004
2.759608745574951
2.6505887508392334
2.6750564575195312
2.548377513885498
2.6445834636688232
2.6339662075042725
2.8081955909729004
2.615540027618408
2.8423047065734863
2.688106060028076
2.4939422607421875
2.7995455265045166
2.704383134841919
2.922886848449707
2.7649927139282227
2.6429290771484375
2.796539545059204
2.5756537914276123
2.6971259117126465
2.729254961013794
2.6816139221191406
2.7511277198791504
2.6672592163085938
2.7300162315368652
2.574144124984741
2.7035293579101562
2.6949527263641357
2.68652606010437
2.7963972091674805
2.7308197021484375
2.7326643466949463
2.5835397243499756
2.7172112464904785
2.6799800395965576
2.8063206672668457
2.603850841522217
2.7637977600097656
2.698627471923828
2.4775028228759766
2.9152002334594727
2.606321096420288
2.9353127479553223
2.700305223464966
2.8308284282684326
2.8640875816345215
2.633732557296753
2.717637538909912
2.709764003753662
2.7024106979370117
2.9956111907958984
2.6678049564361572
2.742837429046631
2.661546468734741
2.7200419902801514
2.7215576171875
2.691023588180542
2.813399314880371
2.7081010341644287
2.6945412158966064
2.5656321048736572
2.7075750827789307
2.691891670227051
2.8361263275146484
2.6931395530700684
2.796600103378296
2.7045459747314453
2.5102267265319824
2.749924659729004
2.596752405166626
2.7583510875701904
2.6996114253997803
2.677564859390259
2.7237069606781006
2.639586925506592
2.724062442779541
2.700857400894165
2.6897058486938477
2.865861654281616
2.706681728363037
2.716275930404663
2.6057260036468506
2.684697151184082
2.7113261222839355
2.698122501373291
2.7561252117156982
2.755018472671509
2.8151869773864746
2.632025718688965
2.7347066402435303
2.717427968978882
2.819204092025757
2.6419105529785156
2.855501174926758
2.6763956546783447
2.511422634124756
2.8093559741973877
2.653559446334839
2.8221912384033203
2.7465271949768066
2.783618450164795
2.76723575592041
2.6527369022369385
2.701676368713379
2.703062057495117
2.720891237258911
2.799210786819458
2.7242023944854736
2.7365643978118896
2.6007237434387207
2.676612615585327
2.721764087677002
2.756335973739624
2.7576394081115723
2.720010757446289
2.7402327060699463
2.6201870441436768
2.7564122676849365
2.6591291427612305
2.809514045715332
2.6865127086639404
2.8647985458374023
2.6966586112976074
2.4930315017700195
2.768990993499756
2.6589410305023193
2.797548770904541
2.7023918628692627
2.7220451831817627
2.7219364643096924
2.6283328533172607
2.724720001220703
2.708401679992676
2.6976091861724854
2.796992063522339
2.7437703609466553
2.773411273956299
2.705203056335449
2.9796009063720703
2.7406318187713623
2.7960007190704346
3.0700013637542725
2.721956491470337
2.7571182250976562
2.626096725463867
2.7539455890655518
2.7004480361938477
2.817807197570801
2.603809118270874
2.799180507659912
2.7287447452545166
2.61491060256958
2.780487060546875
2.6843438148498535
2.833935022354126
2.6929094791412354
2.7109181880950928
2.6935441493988037
2.6411471366882324
2.740673303604126
2.725133180618286
2.8670144081115723
2.840574264526367
2.747607707977295
2.7350075244903564
2.614382266998291
2.695690393447876
2.7366442680358887
2.6908302307128906
2.81722354888916
2.7197065353393555
2.7586495876312256
2.644303321838379
2.7050530910491943
2.7759525775909424
2.875070571899414
2.640474796295166
2.8058738708496094
2.674064874649048
2.5297629833221436
2.7706658840179443
2.6573829650878906
2.7724087238311768
2.7048559188842773
2.714301824569702
2.7872631549835205
2.6151885986328125
2.7479796409606934
2.7675869464874268
2.71585750579834
2.8193235397338867
2.74310564994812
2.7393975257873535
2.6177802085876465
2.788618326187134
2.692319631576538
2.717207431793213
2.8426899909973145
2.712036609649658
2.7397773265838623
2.6240177154541016
2.7457754611968994
2.7041547298431396
2.87358021736145
2.7600386142730713
2.8442635536193848
2.7326488494873047
2.546161413192749
2.7820887565612793
2.6542165279388428
2.816862106323242
2.7160768508911133
2.812047004699707
2.796351909637451
2.637878179550171
2.7350656986236572
2.7027482986450195
2.661862850189209
2.832413673400879
2.777350664138794
2.7264134883880615
2.592296838760376
2.728912591934204
2.720991849899292
2.7225515842437744
2.7831387519836426
2.7277636528015137
2.7565109729766846
2.614833354949951
2.7060799598693848
2.690119981765747
2.8889482021331787
2.6426656246185303
2.791577100753784
2.7258338928222656
2.541679859161377
2.809950113296509
2.6798408031463623
2.8087942600250244
2.716094493865967
2.7311618328094482
2.7862884998321533
2.638921022415161
2.754028558731079
2.8257381916046143
2.839124917984009
3.1671009063720703
2.833040475845337
2.805968761444092
2.63997483253479
2.702157497406006
2.7846269607543945
2.8070287704467773
2.874393939971924
2.8130550384521484
2.7704546451568604
2.629790782928467
2.731173515319824
2.721513509750366
2.902205467224121
2.6767027378082275
2.8413681983947754
2.7007973194122314
2.5973477363586426
2.8331947326660156
2.68060040473938
2.9170196056365967
2.7538650035858154
2.737001895904541
2.7847201824188232
2.6506361961364746
2.799633026123047
2.797913074493408
2.688095808029175
2.8348376750946045
2.701918840408325
2.71733021736145
2.5852396488189697
2.6955277919769287
2.68247127532959
2.6637773513793945
2.774249792098999
2.7184181213378906
2.8015849590301514
2.6571569442749023
2.796938896179199
2.810911178588867
2.88728404045105
2.659964084625244
2.944427013397217
2.7330949306488037
2.5344808101654053
2.8803863525390625
2.703235626220703
2.8783671855926514
2.733635187149048
2.8137381076812744
2.8034229278564453
2.7046396732330322
2.76664137840271
2.7828757762908936
2.7595813274383545
2.827225685119629
2.704454183578491
2.819207191467285
2.6619961261749268
2.7506630420684814
2.7904632091522217
2.714498281478882
2.8267710208892822
2.8053951263427734
2.7790653705596924
2.6921064853668213
2.7439401149749756
2.7801008224487305
