2.4536592960357666
2.490597724914551
2.5512654781341553
2.54331636428833
2.597358465194702
2.446324348449707
2.5861473083496094
2.492767810821533
2.5322694778442383
2.537259340286255
2.420050621032715
2.533815383911133
2.5618176460266113
2.5944292545318604
2.677894353866577
2.6050126552581787
2.5739054679870605
2.447678565979004
2.578995943069458
2.5665671825408936
2.660335063934326
2.5341649055480957
2.5472068786621094
2.5445845127105713
2.655435800552368
2.526010751724243
2.536113739013672
2.612278699874878
2.354275941848755
2.6169824600219727
2.571747303009033
2.568439245223999
2.6176435947418213
2.4841690063476562
2.597856283187866
2.485291004180908
2.592557668685913
2.5809342861175537
2.5192410945892334
2.545922040939331
2.4587199687957764
2.594344139099121
2.5918045043945312
2.580761194229126
2.679259777069092
2.648341178894043
2.672809600830078
2.4755821228027344
2.5974016189575195
2.6254093647003174
2.618757963180542
2.6982977390289307
2.6292154788970947
2.624436378479004
2.5383219718933105
2.6070921421051025
2.6257264614105225
2.7293498516082764
2.578187942504883
2.6718947887420654
2.3998289108276367
2.686368465423584
2.544894218444824
2.5901825428009033
2.6057000160217285
2.5874648094177246
2.672450542449951
2.5488479137420654
2.6576335430145264
2.54766845703125
2.707651376724243
2.6451590061187744
2.5803260803222656
2.614454507827759
2.50116229057312
2.637376546859741
2.643624782562256
2.59257173538208
2.7146999835968018
2.580083131790161
2.6100502014160156
2.5250515937805176
2.620590925216675
2.6455068588256836
2.579965829849243
2.6626169681549072
2.6304826736450195
2.893974542617798
2.5012030601501465
2.6044344902038574
2.8609867095947266
2.9221885204315186
2.9085936546325684
2.883376121520996
2.4528379440307617
2.769282102584839
2.5235066413879395
2.680887460708618
2.6495296955108643
2.6402134895324707
2.716071605682373
2.640319585800171
2.7315101623535156
2.5909929275512695
2.729720115661621
2.6563243865966797
2.6682817935943604
2.6390573978424072
2.5624425411224365
2.624652147293091
2.63527250289917
2.6476216316223145
2.821624994277954
2.6302576065063477
2.5971944332122803
2.553184747695923
2.638716220855713
2.7059414386749268
2.6557867527008057
2.780363082885742
2.7128732204437256
2.7105355262756348
2.579967737197876
2.646540641784668
2.634384870529175
2.6962623596191406
2.5828540325164795
2.6790499687194824
2.48523211479187
2.6515591144561768
2.5041556358337402
2.588261842727661
2.5702109336853027
2.577993869781494
2.645240545272827
2.6064035892486572
2.688706636428833
2.649868965148926
2.7004380226135254
2.7730112075805664
2.6957545280456543
2.6866135597229004
2.558067560195923
2.6576220989227295
2.683694839477539
2.5891451835632324
2.72839617729187
2.6612048149108887
2.8135597705841064
2.6888809204101562
2.7796099185943604
2.8444364070892334
2.804091453552246
2.712045431137085
2.5859415531158447
2.6255736351013184
2.494553804397583
2.7068450450897217
2.7606678009033203
2.8149423599243164
2.608044147491455
2.7536075115203857
2.427647352218628
2.754542112350464
2.6075291633605957
2.6993305683135986
2.6785058975219727
2.6855828762054443
2.78751802444458
2.5780277252197266
2.717346429824829
2.601757764816284
2.636789083480835
2.6630749702453613
2.548234224319458
2.6501388549804688
2.6997690200805664
2.6340389251708984
2.7280726432800293
2.64732027053833
2.650717258453369
2.5872855186462402
2.6481075286865234
2.6341209411621094
2.707972526550293
2.570028066635132
2.770587682723999
2.4522011280059814
2.689013719558716
2.5426552295684814
2.62644362449646
2.626871347427368
2.6743242740631104
2.729783773422241
2.58781361579895
2.711752414703369
2.6449923515319824
2.612443685531616
2.63747501373291
2.5039474964141846
2.6102449893951416
2.591480016708374
2.7287795543670654
2.767354965209961
2.670797824859619
2.604234218597412
2.540473461151123
2.7640910148620605
2.6762261390686035
2.798527956008911
2.5810818672180176
2.759807586669922
2.4220714569091797
2.7669811248779297
2.415276288986206
2.780674457550049
2.430027484893799
2.792106866836548
2.4459667205810547
2.659888505935669
2.6398181915283203
2.6549558639526367
2.6776254177093506
2.573551893234253
2.6736390590667725
2.624279737472534
2.6694788932800293
2.655644416809082
2.6508023738861084
2.8820464611053467
2.7738144397735596
2.7526657581329346
2.741173505783081
2.726377248764038
2.652252197265625
2.547234296798706
2.7032620906829834
2.6853933334350586
2.800976037979126
2.6408565044403076
2.624009132385254
2.5507893562316895
2.7112631797790527
2.731193780899048
2.6998214721679688
2.841247320175171
2.5012669563293457
2.9240944385528564
2.5253098011016846
2.831897258758545
2.7456893920898438
2.7483513355255127
2.76896333694458
2.7123231887817383
3.0450730323791504
2.7065577507019043
2.6817502975463867
2.680687427520752
2.6029703617095947
2.7606217861175537
2.963573932647705
2.8136637210845947
2.9226293563842773
3.0785815715789795
2.7685205936431885
2.6226909160614014
2.640331268310547
2.849116563796997
2.873128652572632
2.6982407569885254
2.733428716659546
2.619910955429077
2.839380979537964
2.6513054370880127
2.648165702819824
2.9642560482025146
2.584507465362549
3.1288347244262695
2.540178060531616
2.7621042728424072
2.71708607673645
2.698293685913086
2.851724624633789
2.743112802505493
2.7475502490997314
2.6858625411987305
2.6363868713378906
2.6359291076660156
2.6104650497436523
2.692038059234619
2.780130624771118
2.738109827041626
2.9270851612091064
2.7902541160583496
2.7636287212371826
2.695279121398926
2.8560831546783447
2.8428521156311035
2.825178623199463
2.7696101665496826
2.7080271244049072
2.5993003845214844
2.8899471759796143
2.7665772438049316
2.662804126739502
2.8851354122161865
2.6200199127197266
2.949352502822876
2.4926328659057617
2.7522547245025635
2.844003438949585
2.8388679027557373
2.709099292755127
2.7098517417907715
2.804464101791382
2.7459781169891357
2.7504940032958984
2.7884600162506104
2.6790382862091064
2.747624158859253
2.774155855178833
2.8938939571380615
2.927917718887329
2.766791820526123
2.778437376022339
2.6018855571746826
2.824481725692749
2.894155263900757
2.9970602989196777
2.7649013996124268
2.7725744247436523
2.721766948699951
2.8882083892822266
2.61122727394104
2.626002550125122
2.6885323524475098
2.482130289077759
2.936678647994995
