0.0010042190551757812
0.0009999275207519531
0.001001119613647461
0.001001119613647461
0.0010058879852294922
0.0
0.0010023117065429688
0.0010004043579101562
0.0009996891021728516
0.001001119613647461
0.0010781288146972656
0.0010077953338623047
0.0010001659393310547
0.001001119613647461
0.0019998550415039062
0.0031461715698242188
0.0032286643981933594
0.0030007362365722656
0.003993511199951172
0.004003047943115234
0.003998994827270508
0.0029897689819335938
0.003995180130004883
0.0039942264556884766
0.004001140594482422
0.004000186920166016
0.0040073394775390625
0.004002094268798828
0.005002498626708984
0.004012584686279297
0.0040013790130615234
0.0039937496185302734
0.003993988037109375
0.004008054733276367
0.004008054733276367
0.003998517990112305
0.00500035285949707
0.005002021789550781
0.0040013790130615234
0.004999399185180664
0.003994464874267578
0.0050013065338134766
0.00400090217590332
0.005001544952392578
0.0050013065338134766
0.004994869232177734
0.005001544952392578
0.005002021789550781
0.004908084869384766
0.004575490951538086
0.005000114440917969
0.004002094268798828
0.00500178337097168
0.005988597869873047
0.005026578903198242
0.00499415397644043
0.005016326904296875
0.00500798225402832
0.004999637603759766
0.005585193634033203
0.005002260208129883
0.005000591278076172
0.005997180938720703
0.005988121032714844
0.006007194519042969
0.006001472473144531
0.006014823913574219
0.004994869232177734
0.0050008296966552734
0.006558418273925781
0.006001710891723633
0.006002187728881836
0.006001472473144531
0.0060024261474609375
0.005882740020751953
0.006002902984619141
0.005988359451293945
0.006009578704833984
0.006001949310302734
0.007996082305908203
0.006995201110839844
0.007008552551269531
0.006982088088989258
0.007999658584594727
0.008008003234863281
0.005987882614135742
0.006182193756103516
0.007002830505371094
0.0070002079010009766
0.0069925785064697266
0.007001399993896484
0.006988048553466797
0.008002281188964844
0.007561445236206055
0.009000539779663086
0.006999492645263672
0.007002592086791992
0.007002353668212891
0.006550312042236328
0.006993293762207031
0.007992982864379883
0.00800013542175293
0.007003068923950195
0.008002519607543945
0.008000850677490234
0.007000923156738281
0.008016347885131836
0.009003162384033203
0.00800323486328125
0.008989334106445312
0.009002447128295898
0.009001493453979492
0.009002208709716797
0.007999658584594727
0.010003089904785156
0.009005546569824219
0.00798177719116211
0.008002281188964844
0.009001016616821289
0.008002519607543945
0.00899815559387207
0.009004831314086914
0.009016990661621094
0.010002374649047852
0.009001970291137695
0.009002447128295898
0.00899505615234375
0.010002374649047852
0.009002447128295898
0.008513212203979492
0.009013175964355469
0.008534431457519531
0.009102344512939453
0.010861635208129883
0.010495185852050781
0.010001897811889648
0.010016679763793945
0.009983539581298828
0.010001897811889648
0.010003805160522461
0.010015249252319336
0.009552240371704102
0.011002302169799805
0.010528564453125
0.009998083114624023
0.010000944137573242
0.0110015869140625
0.010001659393310547
0.009905099868774414
0.009979724884033203
0.011001825332641602
0.010001897811889648
0.011002779006958008
0.010994911193847656
0.011006355285644531
0.012000322341918945
0.009999990463256836
0.011092662811279297
0.011009931564331055
0.010010719299316406
0.011014938354492188
0.011002540588378906
0.011003494262695312
0.010994195938110352
0.012003183364868164
0.013009309768676758
0.012002706527709961
0.011001825332641602
0.013010740280151367
0.012995243072509766
0.011995553970336914
0.012004613876342773
0.012003183364868164
0.012555360794067383
0.012009859085083008
0.011003494262695312
0.011067390441894531
0.013680219650268555
0.013009309768676758
0.012002229690551758
0.012002229690551758
0.013017416000366211
0.01300048828125
0.014003753662109375
0.013028621673583984
0.012995481491088867
0.013003349304199219
0.013996124267578125
0.014003276824951172
0.014003276824951172
0.013003349304199219
0.013989686965942383
0.013015270233154297
0.013997316360473633
0.012529850006103516
0.015002727508544922
0.013527154922485352
0.012001514434814453
0.01301717758178711
0.014006614685058594
0.014002799987792969
0.015005826950073242
0.013002395629882812
0.014003753662109375
0.013990163803100586
0.015005826950073242
0.013988971710205078
0.013885736465454102
0.015003204345703125
0.013988971710205078
0.014003753662109375
0.016004562377929688
0.01300954818725586
0.014017343521118164
0.013994932174682617
0.014001846313476562
0.014003992080688477
0.014996051788330078
0.015003442764282227
0.016991376876831055
0.015002012252807617
0.015002727508544922
0.014002799987792969
0.016008615493774414
0.01400303840637207
0.017988920211791992
0.01790928840637207
0.016003131866455078
0.015002965927124023
0.016004085540771484
0.0190126895904541
0.017087936401367188
0.01654672622680664
0.01600360870361328
0.016820430755615234
0.019008159637451172
0.017565488815307617
0.0169980525970459
0.018002986907958984
0.01898479461669922
0.018996477127075195
0.01901721954345703
0.01998758316040039
0.01898789405822754
0.01899099349975586
0.018003225326538086
0.01976799964904785
0.018002033233642578
0.019007205963134766
0.018990516662597656
0.018877029418945312
0.01900482177734375
0.01900482177734375
0.019003868103027344
0.01900506019592285
0.019005775451660156
0.020004987716674805
0.020003080368041992
0.020004987716674805
0.0200042724609375
0.023005247116088867
0.020004987716674805
0.022003650665283203
0.0200040340423584
0.021005868911743164
0.021543502807617188
0.021004676818847656
0.021004438400268555
0.022012948989868164
0.023004531860351562
0.023997783660888672
0.021661996841430664
0.02100539207458496
0.021013259887695312
0.022019386291503906
0.021004915237426758
0.022005081176757812
0.01999831199645996
0.02099895477294922
0.02300548553466797
0.022005796432495117
0.02003026008605957
0.02099919319152832
0.02200460433959961
0.023006200790405273
0.022006511688232422
0.021802186965942383
0.023006200790405273
0.023009061813354492
0.021991252899169922
0.022572994232177734
0.02301311492919922
0.023003578186035156
0.02199864387512207
0.02307438850402832
0.022106170654296875
0.022998332977294922
0.023004770278930664
0.023990392684936523
0.024991512298583984
0.02252793312072754
0.02299785614013672
0.024004220962524414
0.023531198501586914
0.024005651473999023
0.023574352264404297
0.024991273880004883
0.023964405059814453
0.024006128311157227
0.02500605583190918
0.024017810821533203
0.023999452590942383
0.024010419845581055
0.023990869522094727
0.025003910064697266
0.024011611938476562
0.025005817413330078
0.02482295036315918
0.023363828659057617
0.024001359939575195
0.02501845359802246
0.025023460388183594
0.02500605583190918
0.02717447280883789
0.02600550651550293
0.02498602867126465
0.02453899383544922
0.025791406631469727
0.02700662612915039
0.024776458740234375
0.025005102157592773
