0.0009868144989013672
0.0010001659393310547
0.0009987354278564453
0.001001596450805664
0.0
0.0010001659393310547
0.000993967056274414
0.0005328655242919922
0.0009915828704833984
0.0
0.0009992122650146484
0.0009987354278564453
0.001001119613647461
0.0010001659393310547
0.001575469970703125
0.0020074844360351562
0.0010013580322265625
0.004013776779174805
0.002988576889038086
0.002981901168823242
0.0029935836791992188
0.004011869430541992
0.004000663757324219
0.004000425338745117
0.002981424331665039
0.0040073394775390625
0.003001689910888672
0.0039997100830078125
0.004006862640380859
0.003996372222900391
0.005002021789550781
0.0059888362884521484
0.003995656967163086
0.005003452301025391
0.00400233268737793
0.00400233268737793
0.002997875213623047
0.003007650375366211
0.004001140594482422
0.005001068115234375
0.004001140594482422
0.004002571105957031
0.004982948303222656
0.0040166378021240234
0.005007505416870117
0.005002021789550781
0.00400090217590332
0.0039942264556884766
0.005002260208129883
0.005007505416870117
0.0040013790130615234
0.004983425140380859
0.004002809524536133
0.005014657974243164
0.005000114440917969
0.004522562026977539
0.0050046443939208984
0.005510807037353516
0.005002737045288086
0.0060002803802490234
0.004994869232177734
0.005995750427246094
0.006004810333251953
0.006182670593261719
0.005002260208129883
0.0050013065338134766
0.006000995635986328
0.006006956100463867
0.005988359451293945
0.0049936771392822266
0.21495962142944336
0.005002737045288086
0.007000923156738281
0.006000995635986328
0.006002187728881836
0.008004426956176758
0.0069921016693115234
0.007542610168457031
0.006575107574462891
0.007001161575317383
0.0070018768310546875
0.005993843078613281
0.0059909820556640625
0.007009029388427734
0.008001327514648438
0.007004499435424805
0.008002758026123047
0.0065500736236572266
0.00780797004699707
0.006000518798828125
0.006570577621459961
0.007001638412475586
0.008000373840332031
0.007508039474487305
0.007002592086791992
0.007994651794433594
0.009001970291137695
0.010001659393310547
0.00799107551574707
0.009002447128295898
0.008002042770385742
0.009273290634155273
0.007997751235961914
0.007983684539794922
0.008546113967895508
0.008984088897705078
0.010129451751708984
0.01100301742553711
0.010572671890258789
0.009002685546875
0.01000070571899414
0.008995771408081055
0.009001731872558594
0.010002374649047852
0.009510278701782227
0.00998997688293457
0.011002779006958008
0.009999990463256836
0.010553598403930664
0.011002302169799805
0.010002613067626953
0.011003732681274414
0.010539531707763672
0.010992050170898438
0.010002374649047852
0.011002063751220703
0.011044025421142578
0.010561227798461914
0.012000560760498047
0.0120086669921875
0.012009143829345703
0.011601448059082031
0.011002063751220703
0.013016700744628906
0.01257944107055664
0.012542486190795898
0.011990070343017578
0.013016939163208008
0.01299595832824707
0.01199483871459961
0.014004230499267578
0.013004541397094727
0.012009382247924805
0.014001846313476562
0.013015508651733398
0.01200246810913086
0.013899564743041992
0.01300358772277832
0.014003992080688477
0.013996601104736328
0.02200484275817871
0.013009786605834961
0.014003753662109375
0.01600480079650879
0.01398468017578125
0.014004230499267578
0.013001680374145508
0.013650894165039062
0.014084339141845703
0.015004396438598633
0.018006324768066406
0.01599597930908203
0.015656471252441406
0.015003204345703125
0.016004562377929688
0.015004158020019531
0.01706838607788086
0.014003515243530273
0.015073060989379883
0.016004085540771484
0.016536951065063477
0.016585350036621094
0.015003442764282227
0.015011072158813477
0.015005350112915039
0.015557289123535156
0.015146732330322266
0.0159909725189209
0.015003204345703125
0.01400136947631836
0.023003816604614258
0.016002893447875977
0.016524553298950195
0.01601123809814453
0.01600360870361328
0.016004085540771484
0.01600337028503418
0.01600337028503418
0.017002105712890625
0.016002178192138672
0.015528440475463867
0.01501154899597168
0.017012596130371094
0.016559839248657227
0.016630887985229492
0.01654982566833496
0.01600337028503418
0.015987873077392578
0.01901102066040039
0.01667475700378418
0.017004013061523438
0.017050743103027344
0.01600360870361328
0.017005443572998047
0.018007278442382812
0.018001794815063477
0.018004417419433594
0.01813364028930664
0.018003225326538086
0.0185244083404541
0.017003774642944336
0.01739811897277832
0.0179898738861084
0.020006179809570312
0.017933130264282227
0.017899513244628906
0.020919322967529297
0.01800370216369629
0.018005847930908203
0.01701068878173828
0.01906442642211914
0.01800370216369629
0.01810169219970703
0.01900458335876465
0.01900458335876465
0.018526792526245117
0.019548416137695312
0.01900196075439453
0.019869327545166016
0.01900315284729004
0.020004749298095703
0.01900315284729004
0.0200040340423584
0.02000260353088379
0.018990278244018555
0.019995689392089844
0.021005868911743164
0.0190122127532959
0.020006418228149414
0.021010160446166992
0.020004749298095703
0.020004987716674805
0.02115941047668457
0.024068832397460938
0.02100396156311035
0.02100396156311035
0.023079872131347656
0.02099442481994629
0.0210113525390625
0.019968509674072266
0.020991086959838867
0.021019935607910156
0.02098560333251953
0.02333235740661621
0.023003816604614258
0.021003246307373047
0.022005796432495117
0.022095203399658203
0.021575212478637695
0.0205380916595459
0.022004365921020508
0.022012948989868164
0.02399158477783203
0.022004127502441406
0.02200484275817871
0.023005008697509766
0.021003007888793945
0.02300548553466797
0.024044513702392578
0.02298903465270996
0.021989822387695312
0.023006439208984375
0.02300286293029785
0.02300572395324707
0.022007226943969727
0.023510217666625977
0.02205348014831543
0.023018360137939453
0.023003578186035156
0.023005008697509766
0.021569013595581055
0.024004697799682617
0.02300572395324707
0.023260831832885742
0.024005651473999023
0.023004770278930664
0.02500319480895996
0.02300548553466797
0.02299642562866211
0.023998498916625977
0.023991107940673828
0.024999618530273438
0.02399897575378418
0.02401137351989746
0.025011539459228516
0.0279996395111084
0.0291597843170166
0.028012990951538086
0.026992082595825195
0.027367830276489258
0.028051137924194336
0.027019977569580078
0.028112411499023438
0.02801227569580078
0.029012441635131836
0.02799844741821289
0.027998685836791992
0.028134584426879883
0.029006242752075195
0.03000640869140625
0.029654979705810547
0.029011249542236328
0.029011964797973633
0.029987096786499023
0.029165029525756836
0.029900074005126953
0.030006885528564453
0.030248403549194336
0.03000664710998535
0.03199934959411621
0.029992103576660156
0.03100752830505371
0.03200960159301758
0.0310060977935791
0.03000020980834961
0.03200674057006836
0.031587839126586914
0.0300137996673584
0.030745506286621094
0.03213858604431152
0.03173661231994629
0.031008005142211914
0.032053232192993164
0.030547142028808594
0.03107166290283203
0.03152203559875488
0.031005859375
0.03000617027282715
0.03246021270751953
