0.0010001659393310547
0.0019998550415039062
0.0010018348693847656
0.0020008087158203125
0.002001047134399414
0.002000093460083008
0.002998828887939453
0.002987384796142578
0.003140687942504883
0.002987384796142578
0.0040018558502197266
0.002991914749145508
0.003987789154052734
0.003993511199951172
0.0040149688720703125
0.0040013790130615234
0.005001544952392578
0.004250764846801758
0.003999948501586914
0.00499415397644043
0.004000663757324219
0.004001140594482422
0.004001617431640625
0.005001544952392578
0.00406646728515625
0.00500035285949707
0.005002021789550781
0.005009651184082031
0.004987239837646484
0.005617380142211914
0.00499272346496582
0.0050013065338134766
0.006011962890625
0.006001949310302734
0.004000425338745117
0.004987955093383789
0.005001068115234375
0.0049877166748046875
0.005007505416870117
0.00600123405456543
0.00599217414855957
0.0059926509857177734
0.006000041961669922
0.006002664566040039
0.006001949310302734
0.006005525588989258
0.006001472473144531
0.00700068473815918
0.006997585296630859
0.00600123405456543
0.005995035171508789
0.005988359451293945
0.006551027297973633
0.006009340286254883
0.006001949310302734
0.007003307342529297
0.00600123405456543
0.008000850677490234
0.007532596588134766
0.0070037841796875
0.006003379821777344
0.007003307342529297
0.007002353668212891
0.0070073604583740234
0.005993843078613281
0.0060007572174072266
0.006002902984619141
0.006510257720947266
0.0065538883209228516
0.0070018768310546875
0.00700831413269043
0.008435964584350586
0.0070073604583740234
0.007995367050170898
0.007989645004272461
0.011003255844116211
0.009552478790283203
0.00898432731628418
0.008002519607543945
0.008512258529663086
0.008996009826660156
0.010002374649047852
0.009001016616821289
0.009000062942504883
0.010006904602050781
0.006999015808105469
0.006994962692260742
0.006672859191894531
0.006924152374267578
0.007002115249633789
0.0070002079010009766
0.008544206619262695
0.007002830505371094
0.0075664520263671875
0.007001638412475586
0.007002115249633789
0.007008075714111328
0.0070002079010009766
0.007973194122314453
0.007619619369506836
0.007002830505371094
0.007983684539794922
0.0070002079010009766
0.008008718490600586
0.008001327514648438
0.008000850677490234
0.0069963932037353516
0.006994485855102539
0.008991003036499023
0.007999181747436523
0.00800180435180664
0.008002758026123047
0.008016109466552734
0.007002830505371094
0.00800180435180664
0.008000850677490234
0.007984638214111328
0.008002042770385742
0.008530616760253906
0.008018732070922852
0.009003162384033203
0.008011102676391602
0.007996082305908203
0.008003950119018555
0.008001089096069336
0.00799417495727539
0.008008241653442383
0.007999181747436523
0.009522438049316406
0.00815892219543457
0.008039236068725586
0.008994102478027344
0.009077310562133789
0.009009599685668945
0.00800013542175293
0.009003400802612305
0.009004592895507812
0.009903192520141602
0.010001659393310547
0.011004447937011719
0.009987831115722656
0.009003162384033203
0.008995771408081055
0.013004064559936523
0.013002634048461914
0.012995719909667969
0.013002157211303711
0.015001058578491211
0.013005733489990234
0.015003442764282227
0.01400303840637207
0.014996051788330078
0.015006065368652344
0.017224550247192383
0.014989376068115234
0.014009952545166016
0.017003297805786133
0.015990018844604492
0.016003131866455078
0.015997648239135742
0.016002655029296875
0.015025138854980469
0.016927719116210938
0.013995647430419922
0.015995025634765625
0.015003681182861328
0.014580726623535156
0.013996601104736328
0.014660358428955078
0.01600337028503418
0.014294624328613281
0.01500248908996582
0.01600480079650879
0.015549898147583008
0.014004230499267578
0.013002872467041016
0.013528585433959961
0.015006542205810547
0.014003515243530273
0.014004945755004883
0.014574289321899414
0.01500558853149414
0.013994932174682617
0.011002063751220703
0.014003515243530273
0.013001680374145508
0.009000778198242188
0.010988712310791016
0.010994195938110352
0.014004230499267578
0.01299595832824707
0.011002779006958008
0.011994123458862305
0.01100301742553711
0.013003110885620117
0.01052236557006836
0.01000666618347168
0.011002540588378906
0.011002063751220703
0.010996103286743164
0.012004375457763672
0.011988401412963867
0.011008262634277344
0.014004230499267578
0.013030052185058594
0.010988950729370117
0.012002706527709961
0.014005422592163086
0.012002944946289062
0.011002302169799805
0.012003421783447266
0.011425971984863281
0.011002779006958008
0.010996103286743164
0.012002944946289062
0.014001846313476562
0.012001514434814453
0.012002944946289062
0.012016773223876953
0.012007713317871094
0.0110015869140625
0.012003660202026367
0.014976978302001953
0.012004375457763672
0.011995077133178711
0.012008190155029297
0.01400136947631836
0.013004541397094727
0.012002706527709961
0.013425588607788086
0.01101064682006836
0.012002706527709961
0.012927532196044922
0.015532970428466797
0.011989831924438477
0.016002893447875977
0.012005090713500977
0.014004945755004883
0.012003421783447266
0.012546539306640625
0.020335912704467773
0.01772165298461914
0.016997575759887695
0.016122102737426758
0.01800370216369629
0.014984130859375
0.015003204345703125
0.015623807907104492
0.017477750778198242
0.01539921760559082
0.01500248908996582
0.014599323272705078
0.01400303840637207
0.014486312866210938
0.015540361404418945
0.014558792114257812
0.017005205154418945
0.015003442764282227
0.015005350112915039
0.0215303897857666
0.023579120635986328
0.02109980583190918
0.01992034912109375
0.019184350967407227
0.017273426055908203
0.020992279052734375
0.020004987716674805
0.018004417419433594
0.018011093139648438
0.01300358772277832
0.015003204345703125
0.015002012252807617
0.013001203536987305
0.012995004653930664
0.013002157211303711
0.014000654220581055
0.014077425003051758
0.014005184173583984
0.013490915298461914
0.020783424377441406
0.01800394058227539
0.013003826141357422
0.015004396438598633
0.015573740005493164
0.017003536224365234
0.014561891555786133
0.013009071350097656
0.014003276824951172
0.016086578369140625
0.013000965118408203
0.019514083862304688
0.016004323959350586
0.017688274383544922
0.016210556030273438
0.032857656478881836
0.01398324966430664
0.014000892639160156
0.02161264419555664
0.018336772918701172
0.01738905906677246
0.014426469802856445
0.014004230499267578
0.021006345748901367
0.01700305938720703
0.015455961227416992
0.021597862243652344
0.02401137351989746
0.022006988525390625
0.021721363067626953
0.021003246307373047
0.02100515365600586
0.017993927001953125
0.015018939971923828
0.024167537689208984
0.024005889892578125
0.024548053741455078
0.025986433029174805
0.027981281280517578
0.023002147674560547
0.021202564239501953
0.04264211654663086
0.06519341468811035
0.07136893272399902
0.06701445579528809
0.06582117080688477
0.04100847244262695
0.06801486015319824
0.11855578422546387
0.134110689163208
0.051152706146240234
0.13316130638122559
0.12302708625793457
0.12508940696716309
0.04207301139831543
0.04102611541748047
0.04100751876831055
0.04374575614929199
0.11807131767272949
