0.000993490219116211
0.0010008811950683594
0.002000570297241211
0.0009984970092773438
0.0010013580322265625
0.0010039806365966797
0.0010001659393310547
0.0030012130737304688
0.0019996166229248047
0.0030012130737304688
0.0050013065338134766
0.003003358840942383
0.004002571105957031
0.0040013790130615234
0.004001140594482422
0.004001140594482422
0.004007101058959961
0.0040013790130615234
0.004001617431640625
0.004000425338745117
0.003993988037109375
0.003994464874267578
0.00400090217590332
0.004537105560302734
0.004012107849121094
0.00399327278137207
0.005000591278076172
0.005030393600463867
0.0040013790130615234
0.005000114440917969
0.005015850067138672
0.005002260208129883
0.0039942264556884766
0.005001544952392578
0.005014896392822266
0.004993915557861328
0.004001140594482422
0.004524946212768555
0.004002809524536133
0.00400233268737793
0.00500035285949707
0.00500178337097168
0.005002021789550781
0.005002260208129883
0.004987478256225586
0.006001949310302734
0.004987955093383789
0.005001544952392578
0.0060083866119384766
0.005995750427246094
0.006000995635986328
0.006002664566040039
0.00600743293762207
0.005996227264404297
0.0070037841796875
0.006002902984619141
0.007001399993896484
0.005990266799926758
0.007005453109741211
0.006016254425048828
0.0070073604583740234
0.006619691848754883
0.00600886344909668
0.007993459701538086
0.008007526397705078
0.008028984069824219
0.008002519607543945
0.009004831314086914
0.00600123405456543
0.00598907470703125
0.009002208709716797
0.006001710891723633
0.006001472473144531
0.006992816925048828
0.006995677947998047
0.006001949310302734
0.0063037872314453125
0.006001949310302734
0.006989955902099609
0.0060079097747802734
0.009001493453979492
0.006299018859863281
0.0069963932037353516
0.006999492645263672
0.00681757926940918
0.007007598876953125
0.007001638412475586
0.00701594352722168
0.008002519607543945
0.007000923156738281
0.008001327514648438
0.007007122039794922
0.007244586944580078
0.0069997310638427734
0.007001638412475586
0.008001565933227539
0.008002042770385742
0.007001399993896484
0.008002042770385742
0.008001565933227539
0.007001161575317383
0.007437467575073242
0.00741124153137207
0.009003400802612305
0.00699615478515625
0.008001089096069336
0.008002519607543945
0.009018659591674805
0.013004064559936523
0.009003877639770508
0.009003162384033203
0.009001731872558594
0.009001016616821289
0.00800323486328125
0.0070018768310546875
0.009004831314086914
0.008008480072021484
0.009002447128295898
0.008981943130493164
0.008995294570922852
0.009002685546875
0.009002447128295898
0.008002758026123047
0.007987737655639648
0.008003473281860352
0.008998870849609375
0.009000778198242188
0.00898289680480957
0.009001016616821289
0.007999897003173828
0.007995843887329102
0.008002996444702148
0.009002685546875
0.009001731872558594
0.009015798568725586
0.01000356674194336
0.009001731872558594
0.01006627082824707
0.00998997688293457
0.009001970291137695
0.010001182556152344
0.010977983474731445
0.010001897811889648
0.00998377799987793
0.009002685546875
0.012001514434814453
0.009004592895507812
0.00899505615234375
0.01000356674194336
0.01000523567199707
0.010001897811889648
0.009530305862426758
0.010001182556152344
0.010122299194335938
0.01000213623046875
0.009002447128295898
0.009000301361083984
0.010007143020629883
0.010032176971435547
0.009001970291137695
0.010308265686035156
0.010017633438110352
0.010003089904785156
0.010994195938110352
0.009995698928833008
0.010009050369262695
0.011004924774169922
0.011003732681274414
0.011005163192749023
0.011992216110229492
0.011010169982910156
0.009995698928833008
0.010994672775268555
0.010001182556152344
0.010618209838867188
0.012004375457763672
0.011036396026611328
0.013002634048461914
0.010444164276123047
0.010003805160522461
0.010999917984008789
0.011002302169799805
0.009996414184570312
0.01127004623413086
0.009994983673095703
0.010002851486206055
0.010983943939208984
0.011999845504760742
0.010001659393310547
0.010994672775268555
0.010002613067626953
0.011001348495483398
0.011001825332641602
0.010004520416259766
0.011003732681274414
0.012991666793823242
0.012001752853393555
0.01300191879272461
0.01100301742553711
0.01298379898071289
0.013003110885620117
0.012002229690551758
0.012004375457763672
0.014004945755004883
0.014001607894897461
0.01300191879272461
0.013004779815673828
0.012000799179077148
0.013087034225463867
0.013016462326049805
0.012001514434814453
0.013601541519165039
0.012989282608032227
0.013004064559936523
0.013635873794555664
0.01459813117980957
0.013002395629882812
0.014003276824951172
0.01199650764465332
0.013004064559936523
0.013002634048461914
0.011988162994384766
0.01200413703918457
0.013003349304199219
0.012003421783447266
0.015002727508544922
0.013006210327148438
0.017005443572998047
0.02007293701171875
0.01201772689819336
0.01199793815612793
0.012004375457763672
0.012302398681640625
0.013947248458862305
0.01300501823425293
0.012995243072509766
0.015001296997070312
0.013003349304199219
0.01200103759765625
0.015002965927124023
0.01299285888671875
0.01351022720336914
0.017004013061523438
0.016991138458251953
0.013901948928833008
0.014003992080688477
0.013732433319091797
0.016004085540771484
0.014001607894897461
0.01354837417602539
0.01300048828125
0.014365196228027344
0.014003276824951172
0.013003110885620117
0.01599717140197754
0.015001058578491211
0.016002655029296875
0.014003515243530273
0.013991594314575195
0.016004085540771484
0.013998031616210938
0.014004707336425781
0.014521598815917969
0.014004230499267578
0.013988018035888672
0.014574766159057617
0.014003753662109375
0.01500391960144043
0.016004085540771484
0.014014720916748047
0.015001773834228516
0.01400303840637207
0.014001131057739258
0.013994455337524414
0.012988805770874023
0.014005661010742188
0.013995885848999023
0.013004541397094727
0.013997316360473633
0.015003681182861328
0.013990163803100586
0.012989997863769531
0.016005277633666992
0.015005350112915039
0.014994621276855469
0.015029191970825195
0.013996362686157227
0.014994382858276367
0.01700305938720703
0.016005754470825195
0.015003442764282227
0.01500391960144043
0.013001441955566406
0.014002799987792969
0.014993906021118164
0.014254093170166016
0.017003774642944336
0.014002561569213867
0.013998031616210938
0.014995336532592773
0.01400303840637207
0.014003276824951172
0.01401376724243164
0.015004396438598633
0.015003204345703125
0.014004230499267578
0.015002012252807617
0.01494288444519043
0.013989686965942383
0.01500558853149414
0.013984918594360352
0.016002178192138672
0.014529705047607422
0.014003515243530273
0.015002965927124023
0.01500391960144043
0.013998270034790039
0.014542579650878906
0.014001846313476562
0.015002250671386719
0.014997482299804688
0.015004873275756836
0.014542579650878906
0.016005516052246094
0.015003204345703125
0.015005350112915039
0.01700425148010254
0.01500391960144043
0.016007184982299805
0.015002965927124023
0.014001131057739258
0.01600170135498047
0.01500391960144043
0.014978408813476562
0.015002727508544922
0.015004873275756836
0.015002250671386719
0.016567230224609375
0.016005992889404297
0.015003681182861328
0.01601266860961914
0.014772415161132812
0.015555858612060547
0.015168190002441406
0.018004417419433594
0.016041278839111328
0.015003204345703125
0.01601696014404297
0.015003204345703125
0.016005277633666992
0.016003131866455078
0.015000581741333008
