0.16417837142944336
0.010002851486206055
0.010002374649047852
0.012002229690551758
0.011990785598754883
0.010002374649047852
0.011002540588378906
0.023989200592041016
0.010003328323364258
0.01200246810913086
0.010628223419189453
0.011008739471435547
0.014005184173583984
0.011002779006958008
0.03500652313232422
0.010007858276367188
0.011001825332641602
0.01800251007080078
0.018005847930908203
0.027992963790893555
0.02723217010498047
0.0279843807220459
0.009016036987304688
0.008008241653442383
0.009009361267089844
0.011002302169799805
0.010002374649047852
0.008995294570922852
0.008995771408081055
0.009003639221191406
0.028007030487060547
0.010001897811889648
0.010015249252319336
0.011002779006958008
0.010009527206420898
0.008734941482543945
0.009015798568725586
0.03299379348754883
0.008998870849609375
0.010002613067626953
0.010002374649047852
0.009006023406982422
0.008988380432128906
0.010001897811889648
0.009002208709716797
0.0470123291015625
0.02659773826599121
0.02802586555480957
0.012001752853393555
0.01001429557800293
0.009012699127197266
0.010008811950683594
0.008995532989501953
0.012008905410766602
0.048004865646362305
0.00888967514038086
0.06100726127624512
0.010046720504760742
0.009008646011352539
0.009003162384033203
0.011002779006958008
0.011989593505859375
0.009003162384033203
0.009020805358886719
0.010002374649047852
0.010078191757202148
0.04804253578186035
0.06301522254943848
0.009003162384033203
0.008008480072021484
0.01099538803100586
0.009547233581542969
0.012002706527709961
0.009001016616821289
0.01099538803100586
0.010003089904785156
0.011000633239746094
0.01253509521484375
0.010019540786743164
0.011001348495483398
0.011001825332641602
0.010499238967895508
0.05701565742492676
0.01100611686706543
0.058414459228515625
0.009002685546875
0.011008977890014648
0.014001846313476562
0.011002779006958008
0.008002758026123047
0.00900411605834961
0.013003349304199219
0.01000356674194336
0.062064170837402344
0.011003494262695312
0.01300358772277832
0.014656305313110352
0.011002540588378906
0.009003400802612305
0.009991168975830078
0.010009527206420898
0.0480191707611084
0.06201457977294922
0.010003328323364258
0.00800180435180664
0.008001565933227539
0.01100301742553711
0.02800273895263672
0.020321369171142578
0.028540611267089844
0.011003255844116211
0.01900458335876465
0.00998830795288086
0.01200246810913086
0.028012514114379883
0.015004158020019531
0.018705368041992188
0.009001970291137695
0.012013912200927734
0.027020692825317383
0.009989738464355469
0.010001897811889648
0.008996009826660156
0.010953903198242188
0.04801177978515625
0.027759790420532227
0.027219772338867188
0.0300137996673584
0.030869483947753906
0.010002851486206055
0.010001897811889648
0.01100778579711914
0.0290069580078125
0.04856228828430176
0.009995460510253906
0.027103662490844727
0.00900888442993164
0.01001596450805664
0.01799607276916504
0.009999752044677734
0.011992454528808594
0.009988784790039062
0.010989189147949219
0.009001493453979492
0.010004520416259766
0.05100369453430176
0.009002208709716797
0.009435176849365234
0.011670112609863281
0.009001731872558594
0.011002540588378906
0.009997367858886719
0.01000356674194336
0.010543107986450195
0.04799771308898926
0.011000394821166992
0.01900506019592285
0.010002613067626953
0.010001659393310547
0.011129140853881836
0.008014917373657227
0.008004903793334961
0.011977195739746094
0.009578704833984375
0.04701876640319824
0.06501579284667969
0.011015176773071289
0.018875837326049805
0.011002779006958008
0.01200246810913086
0.009016275405883789
0.010010480880737305
0.01000213623046875
0.018004417419433594
0.010574102401733398
0.012054443359375
0.009993314743041992
0.010002374649047852
0.010015726089477539
0.00900125503540039
0.011006355285644531
0.049010276794433594
0.011002540588378906
0.010011672973632812
0.012006759643554688
0.01001596450805664
0.011015892028808594
0.011003971099853516
0.012001514434814453
0.010001182556152344
0.009994983673095703
0.010001659393310547
0.010995864868164062
0.02900552749633789
0.031213045120239258
0.0270078182220459
0.01000356674194336
0.010002613067626953
0.009999752044677734
0.009008169174194336
0.009560585021972656
0.027081727981567383
0.011045694351196289
0.009996652603149414
0.009001970291137695
0.012002706527709961
0.008986949920654297
0.06256723403930664
0.011017799377441406
0.008002281188964844
0.01200246810913086
0.011775970458984375
0.010988235473632812
0.018004894256591797
0.009003162384033203
0.01100301742553711
0.02800750732421875
0.009537458419799805
0.009029865264892578
0.049010515213012695
0.009001970291137695
0.009002685546875
0.010000228881835938
0.010007619857788086
0.008001327514648438
0.010988950729370117
0.028006553649902344
0.011002779006958008
0.010001659393310547
0.008018255233764648
0.008555412292480469
0.00899505615234375
0.027552366256713867
0.028005599975585938
0.008986949920654297
0.013003110885620117
0.012009143829345703
0.009996652603149414
0.011003255844116211
0.01007843017578125
0.008982419967651367
0.029006481170654297
0.011996030807495117
0.04851675033569336
0.0292661190032959
0.011002063751220703
0.027530908584594727
0.012002706527709961
0.04801011085510254
0.009003162384033203
0.028008222579956055
0.009991168975830078
0.048403024673461914
0.011002779006958008
0.026012897491455078
0.00800943374633789
0.02786731719970703
0.0290071964263916
0.009003162384033203
0.03300762176513672
0.009002685546875
0.012003660202026367
0.010601997375488281
0.011001348495483398
0.00901031494140625
0.011989116668701172
0.01000213623046875
0.00801539421081543
0.011998653411865234
0.027987957000732422
0.0490117073059082
0.029007434844970703
0.02800774574279785
0.02701282501220703
0.028080224990844727
0.010982751846313477
0.028012990951538086
0.01000356674194336
0.02810978889465332
0.04701399803161621
0.04801583290100098
0.02701878547668457
0.01100301742553711
0.04853630065917969
0.04801797866821289
0.049139976501464844
0.009998559951782227
0.010009765625
0.02400493621826172
0.009994745254516602
0.010003328323364258
0.012003421783447266
0.010001897811889648
0.008901119232177734
0.034996747970581055
0.03401446342468262
0.012003421783447266
0.008989334106445312
0.026534557342529297
0.012002706527709961
0.012002944946289062
0.010001897811889648
0.034008026123046875
0.030007123947143555
0.013008832931518555
0.01000213623046875
0.010502338409423828
0.012012004852294922
0.010002613067626953
0.01900482177734375
0.01000070571899414
0.009988546371459961
0.011005401611328125
0.027005434036254883
0.014003992080688477
0.012682914733886719
0.01102304458618164
0.009988546371459961
0.01100301742553711
0.011007547378540039
0.011008501052856445
0.009995460510253906
0.012001276016235352
0.011007547378540039
0.012001752853393555
0.010003328323364258
0.011003971099853516
0.011531591415405273
0.012003183364868164
0.009002685546875
0.009000778198242188
0.010995149612426758
0.028014183044433594
0.012002944946289062
0.009003162384033203
0.009002208709716797
0.009002923965454102
0.010001420974731445
0.011004209518432617
0.010001659393310547
0.01101231575012207
0.010001420974731445
0.02799391746520996
0.02801966667175293
0.011001825332641602
0.04802107810974121
0.010454177856445312
0.011001825332641602
0.010001897811889648
0.009002208709716797
0.012005805969238281
0.012542247772216797
