2.4137561321258545
2.681328535079956
2.3541784286499023
2.329254627227783
2.5933921337127686
2.31000018119812
2.567131757736206
2.607461929321289
2.372528314590454
2.5944321155548096
2.6880502700805664
2.3912158012390137
2.651911497116089
2.410489082336426
2.579768180847168
2.6461448669433594
2.3957412242889404
2.7864036560058594
2.359262228012085
2.6182727813720703
2.5057919025421143
2.6354727745056152
2.3908185958862305
2.6331238746643066
2.3291330337524414
2.586932897567749
2.3186352252960205
2.6585545539855957
2.388261079788208
2.6470463275909424
2.444791555404663
2.6901469230651855
2.4003050327301025
2.544079065322876
2.675520658493042
2.36580491065979
2.677550792694092
2.351818561553955
2.6610724925994873
2.40165114402771
2.6515347957611084
2.419623374938965
2.6600208282470703
2.3684847354888916
2.6531896591186523
2.3946592807769775
2.6721527576446533
2.3962464332580566
2.354485511779785
2.5420024394989014
2.651334762573242
2.4090232849121094
2.65436053276062
2.4524662494659424
2.4301230907440186
3.9116811752319336
2.3935775756835938
2.364056348800659
2.579843044281006
2.388103485107422
2.590012550354004
2.6696486473083496
2.409254312515259
2.6240036487579346
2.691354274749756
2.38901948928833
2.734919548034668
2.46101975440979
2.366413116455078
2.6358680725097656
2.848553419113159
3.186406135559082
2.7694027423858643
2.607111692428589
2.9326844215393066
2.8630623817443848
2.5863728523254395
2.7756946086883545
2.5069642066955566
2.727365493774414
2.7171530723571777
2.4663631916046143
2.7555091381073
2.467852830886841
2.488294839859009
2.6722233295440674
2.414886236190796
2.6176917552948
2.6813580989837646
2.3927249908447266
2.7372682094573975
2.463589668273926
2.4181463718414307
2.7168450355529785
2.406679630279541
2.6371071338653564
2.713054895401001
2.418893337249756
2.8225739002227783
2.693247079849243
2.518867254257202
2.776224374771118
2.3434700965881348
2.655256748199463
2.7238707542419434
2.431563138961792
2.628451108932495
2.43351411819458
2.8970704078674316
3.0596635341644287
2.7583436965942383
2.850482702255249
2.841111183166504
2.767087697982788
3.25834059715271
2.683131217956543
2.4977004528045654
2.777726888656616
2.418822765350342
2.615887403488159
2.699052572250366
2.532879590988159
2.7286674976348877
2.3741233348846436
2.3846755027770996
3.1330583095550537
2.442399263381958
2.6755080223083496
2.858832836151123
2.5080208778381348
2.78460431098938
2.4849677085876465
2.5655338764190674
2.8170955181121826
2.511955976486206
2.964423179626465
2.974301338195801
2.471343755722046
2.7836763858795166
2.4925196170806885
2.4937219619750977
2.6958112716674805
2.4356608390808105
2.5622494220733643
2.609178304672241
2.5272409915924072
2.6862075328826904
2.4364614486694336
2.3956120014190674
2.643615484237671
2.782729148864746
2.810776710510254
2.696288824081421
2.6835954189300537
2.927800178527832
2.4742462635040283
2.442007541656494
2.6305696964263916
2.3831868171691895
2.845426082611084
2.8883841037750244
2.703317642211914
2.988933801651001
2.5358870029449463
2.4509894847869873
2.941134452819824
2.427029609680176
2.585902690887451
2.617577314376831
2.492601156234741
2.74882173538208
2.6821582317352295
2.432248830795288
2.6257870197296143
2.3525407314300537
2.722892999649048
3.0635805130004883
2.4810667037963867
2.7846593856811523
2.434238910675049
2.431993246078491
2.7027690410614014
2.4610676765441895
2.9680135250091553
3.0191166400909424
2.4790892601013184
2.775031805038452
2.558405637741089
2.444068670272827
2.694098711013794
2.44163179397583
2.6141793727874756
2.7738029956817627
2.432203531265259
2.6650054454803467
2.4288010597229004
2.3836894035339355
2.6055946350097656
2.371007204055786
2.6152663230895996
2.7049970626831055
2.5105702877044678
2.8706231117248535
2.4792206287384033
2.452177047729492
2.6584763526916504
2.3203976154327393
2.657890796661377
2.6202170848846436
2.4030792713165283
2.6861796379089355
2.404052972793579
2.357952117919922
2.6585659980773926
2.385840654373169
2.6161837577819824
2.6461570262908936
2.3731577396392822
2.68924880027771
2.394940137863159
2.3384790420532227
2.6190404891967773
2.3892552852630615
2.6045074462890625
2.7040562629699707
2.5502209663391113
2.9339160919189453
2.5847620964050293
2.5604166984558105
2.8123250007629395
2.5821447372436523
2.793731212615967
2.871370553970337
2.558546543121338
2.8580739498138428
2.556438684463501
2.520218849182129
2.754453420639038
2.524010419845581
2.7319672107696533
2.8350670337677
2.566978931427002
2.857328176498413
2.589890956878662
2.572531223297119
2.793984889984131
2.516998767852783
2.7840170860290527
2.8254945278167725
2.328014612197876
2.618333101272583
2.346956729888916
2.3057336807250977
2.780123233795166
2.5021543502807617
2.6120901107788086
2.6521265506744385
2.376143455505371
2.6549108028411865
2.4315900802612305
2.432429790496826
2.64738392829895
2.3824334144592285
2.568308115005493
2.6735458374023438
2.4176831245422363
2.695749521255493
2.407957077026367
2.4376628398895264
2.5780234336853027
2.398597002029419
2.605483293533325
2.7261788845062256
2.4009344577789307
2.6768651008605957
2.4404144287109375
2.3532049655914307
2.582380533218384
2.300389051437378
2.5665903091430664
2.638612747192383
2.4236021041870117
2.6749541759490967
2.442892074584961
2.456542730331421
2.707672357559204
2.419175624847412
2.7057368755340576
2.647737741470337
2.366478681564331
2.7120189666748047
2.4288296699523926
2.4177706241607666
2.855483293533325
2.3051199913024902
2.548741102218628
2.597201347351074
2.3526110649108887
2.6115705966949463
2.3566997051239014
2.3658902645111084
2.5655312538146973
2.324761390686035
2.541748285293579
2.60866379737854
2.3405816555023193
2.6197519302368164
2.364973306655884
2.3075082302093506
2.5790369510650635
2.3071115016937256
2.5307724475860596
2.597731590270996
2.326781749725342
2.6162211894989014
2.3566465377807617
2.3136723041534424
2.5619819164276123
2.3085687160491943
2.5267062187194824
2.5975372791290283
2.399966239929199
2.684319257736206
2.445896863937378
2.438271999359131
2.6107163429260254
2.4365954399108887
2.622109889984131
2.670806646347046
2.412597179412842
2.7389144897460938
2.4514780044555664
2.409691095352173
2.645014762878418
2.3945508003234863
2.6239211559295654
2.6311933994293213
2.4032793045043945
2.6900429725646973
