2.2565624713897705
2.4285826683044434
2.492264986038208
2.481245517730713
2.536344051361084
2.3843114376068115
2.523470878601074
2.4316132068634033
2.4690520763397217
2.4733996391296387
2.354149103164673
2.4698150157928467
2.4812633991241455
2.5304148197174072
2.5763144493103027
2.523993730545044
2.499671697616577
2.38244366645813
2.475893259048462
2.5009915828704834
2.59432053565979
2.469149589538574
2.462188243865967
2.474508762359619
2.581416606903076
2.4600048065185547
2.4692840576171875
2.5430288314819336
2.289268732070923
2.5119247436523438
2.5057408809661865
2.50042462348938
2.5514562129974365
2.399608850479126
2.5338385105133057
2.4202754497528076
2.5255422592163086
2.46172833442688
2.4521045684814453
2.478914976119995
2.391712188720703
2.5263280868530273
2.524266242980957
2.513744354248047
2.610670566558838
2.5803279876708984
2.5791592597961426
2.408566474914551
2.527381181716919
2.5033206939697266
2.550205707550049
2.6302807331085205
2.562650680541992
2.557426929473877
2.467747211456299
2.539077043533325
2.5347063541412354
2.661752700805664
2.452666759490967
2.6027183532714844
2.3298215866088867
2.600980520248413
2.4732117652893066
2.5211665630340576
2.535684108734131
2.5202722549438477
2.6054341793060303
2.4777379035949707
2.589402914047241
2.4755306243896484
2.6396350860595703
2.524691104888916
2.5115530490875244
2.5434539318084717
2.432157278060913
2.5521087646484375
2.5692217350006104
2.5225276947021484
2.605170249938965
2.510939121246338
2.5404367446899414
2.449958086013794
2.5450453758239746
2.5564873218536377
2.5089430809020996
2.591193437576294
2.5614657402038574
2.82438063621521
2.4328219890594482
2.4974024295806885
2.7745401859283447
2.840569019317627
2.8365895748138428
2.7967941761016846
2.3648250102996826
2.69926381111145
2.454939603805542
2.5923380851745605
2.5424253940582275
2.5715746879577637
2.648329973220825
2.5467336177825928
2.662006378173828
2.5029666423797607
2.619640827178955
2.5765390396118164
2.597184181213379
2.5520224571228027
2.4894192218780518
2.55497407913208
2.5622575283050537
2.576247215270996
2.746593952178955
2.558192729949951
2.5283477306365967
2.4819018840789795
2.567768096923828
2.626751184463501
2.5852417945861816
2.7107093334198
2.6164727210998535
2.639650821685791
2.469935894012451
2.5749623775482178
2.5613765716552734
2.6202595233917236
2.5118982791900635
2.608034372329712
2.3531012535095215
2.5823919773101807
2.4325063228607178
2.508249521255493
2.499228000640869
2.5050203800201416
2.5736989974975586
2.533311367034912
2.6163651943206787
2.577134847640991
2.6264212131500244
2.691990852355957
2.6236813068389893
2.6139299869537354
2.4860661029815674
2.5800187587738037
2.605677604675293
2.513742446899414
2.6516854763031006
2.5631837844848633
2.7185370922088623
2.608504056930542
2.6940438747406006
2.762505531311035
2.7230725288391113
2.631805896759033
2.5069358348846436
2.5318546295166016
2.4144740104675293
2.6098368167877197
2.6596455574035645
2.6953935623168945
2.5283124446868896
2.674286365509033
2.3475935459136963
2.6785247325897217
2.5295467376708984
2.6227610111236572
2.6003596782684326
2.591548204421997
2.711207389831543
2.5014803409576416
2.6377334594726562
2.5257391929626465
2.5547690391540527
2.584510564804077
2.4532132148742676
2.5480828285217285
2.5872035026550293
2.5186195373535156
2.629511594772339
2.5324387550354004
2.5553479194641113
2.4727327823638916
2.5340816974639893
2.5210955142974854
2.631955862045288
2.4900095462799072
2.699570894241333
2.37892746925354
2.616455554962158
2.4626362323760986
2.527427911758423
2.5553176403045654
2.5963265895843506
2.6567671298980713
2.5109314918518066
2.63661789894104
2.5479955673217773
2.5226359367370605
2.546229124069214
2.429401397705078
2.5162222385406494
2.5184707641601562
2.602736711502075
2.6893208026885986
2.594733953475952
2.531230926513672
2.463876247406006
2.67807936668396
2.60020112991333
2.6995017528533936
2.5035204887390137
2.6833505630493164
2.3484272956848145
2.6929574012756348
2.340266704559326
2.7044947147369385
2.338872194290161
2.7097973823547363
2.3329336643218994
2.548496723175049
2.5467567443847656
2.541919469833374
2.5990285873413086
2.4975337982177734
2.5996220111846924
2.5284550189971924
2.536450147628784
2.5786256790161133
2.5766348838806152
2.7994019985198975
2.6977906227111816
2.6763741970062256
2.6636531352996826
2.6474814414978027
2.559614419937134
2.4672226905822754
2.6272432804107666
2.606132745742798
2.7230427265167236
2.5651886463165283
2.540426254272461
2.469618320465088
2.632164716720581
2.648925304412842
2.6045687198638916
2.725149154663086
2.4205257892608643
2.841479539871216
2.440436601638794
2.751375436782837
2.6656715869903564
2.6334054470062256
2.670941114425659
2.621771812438965
2.924891471862793
2.627969980239868
2.5856897830963135
2.6026554107666016
2.5198936462402344
2.6697514057159424
2.834459066390991
2.6815149784088135
2.819258451461792
2.99025297164917
2.6508495807647705
2.539669990539551
2.5563125610351562
2.757261037826538
2.786102533340454
2.6026790142059326
2.654397487640381
2.5369114875793457
2.743318796157837
2.5756547451019287
2.566932201385498
2.853351593017578
2.4980790615081787
3.0112686157226562
2.4620611667633057
2.6670050621032715
2.6180567741394043
2.6212751865386963
2.768627405166626
2.658989667892456
2.6664695739746094
2.606105089187622
2.5236928462982178
2.5493783950805664
2.5314862728118896
2.6104907989501953
2.69527530670166
2.656292200088501
2.842477560043335
2.7085983753204346
2.6602396965026855
2.605368137359619
2.757643461227417
2.7395167350769043
2.7428271770477295
2.6499154567718506
2.6109416484832764
2.5222151279449463
2.798079013824463
2.6401994228363037
2.575615644454956
2.78599214553833
2.531987428665161
2.859161615371704
2.4062721729278564
2.66105318069458
2.719942808151245
2.739861011505127
2.631028413772583
2.6206226348876953
2.7169179916381836
2.659416913986206
2.647052049636841
2.695988893508911
2.5908725261688232
2.657067060470581
2.66892147064209
2.720855712890625
2.789583444595337
2.637763023376465
2.596705675125122
2.4973323345184326
2.640963077545166
2.6537959575653076
2.7973084449768066
2.6487343311309814
2.5773568153381348
2.536151885986328
2.6984140872955322
2.5081214904785156
2.5208890438079834
2.5859217643737793
2.3738746643066406
2.7112185955047607
