2.8386075496673584
2.3057820796966553
2.2679240703582764
2.5222575664520264
2.280728340148926
2.617845296859741
2.372357130050659
3.163076639175415
2.8156239986419678
2.7614684104919434
2.4544787406921387
2.973933696746826
2.452186346054077
2.7581310272216797
2.4506824016571045
2.6703128814697266
2.4006595611572266
2.3451390266418457
2.58473539352417
2.3582074642181396
2.612602710723877
2.3558030128479004
2.623549699783325
2.301429510116577
2.5379748344421387
2.2815372943878174
2.52042818069458
2.286999464035034
2.542203187942505
2.29042911529541
2.5741710662841797
2.3059189319610596
2.255723237991333
2.5058484077453613
2.2567903995513916
2.4626688957214355
2.5034732818603516
2.258026599884033
2.486065149307251
2.5286922454833984
2.2912678718566895
2.5700395107269287
2.2902581691741943
2.2507567405700684
2.496534585952759
2.249241590499878
2.4729714393615723
2.5282936096191406
2.2781050205230713
2.555913209915161
2.2913689613342285
2.271378517150879
2.5156760215759277
2.294377565383911
2.6901001930236816
2.537540912628174
2.2717626094818115
2.543799638748169
2.302274465560913
2.259207010269165
2.5013911724090576
2.248265504837036
2.473966598510742
2.539968729019165
2.2798354625701904
2.607074022293091
2.356684684753418
2.360011100769043
2.586167097091675
2.2665514945983887
2.5176613330841064
2.575392723083496
2.371448040008545
2.611288070678711
2.329658031463623
2.353886365890503
2.5823452472686768
2.323435068130493
2.500563144683838
2.639563798904419
2.4454433917999268
2.7551612854003906
2.5786211490631104
2.5485332012176514
2.818552255630493
2.41385555267334
2.578568696975708
2.847681999206543
2.4033830165863037
2.672096014022827
2.378908395767212
2.4114644527435303
2.620727300643921
2.344588279724121
2.6192657947540283
2.662018299102783
2.4373092651367188
2.747295379638672
2.3726606369018555
2.352001667022705
2.737658977508545
2.3065009117126465
2.6090338230133057
2.689497470855713
2.3386194705963135
2.6301355361938477
2.353853940963745
2.369954824447632
2.6344053745269775
2.429222345352173
2.590649366378784
2.5931344032287598
2.3071634769439697
2.604572296142578
2.387530565261841
2.489722490310669
2.7537519931793213
2.4346816539764404
2.6168627738952637
2.6141769886016846
2.345830202102661
2.6003618240356445
2.4144504070281982
2.328857421875
2.595482349395752
2.3283305168151855
2.5955278873443604
2.589064836502075
2.3819775581359863
2.6577625274658203
2.3626327514648438
2.3211896419525146
2.568768262863159
2.387721061706543
2.570343017578125
2.684598922729492
2.338853597640991
2.639922857284546
2.3449628353118896
2.3354029655456543
2.5363142490386963
2.287841320037842
2.557948112487793
2.620945453643799
2.3697733879089355
2.611600637435913
2.3602681159973145
2.3940017223358154
2.609822988510132
2.3331918716430664
2.5942986011505127
2.6262049674987793
2.460491895675659
2.9146294593811035
2.3472790718078613
2.359748601913452
2.583169460296631
2.3599612712860107
2.535372257232666
2.6238718032836914
2.3488564491271973
2.6700050830841064
2.358708620071411
2.3316667079925537
2.585495948791504
2.291712760925293
2.5491445064544678
2.6311755180358887
2.3765616416931152
2.711622714996338
2.3514480590820312
2.39050555229187
2.630841016769409
2.3418562412261963
2.5382654666900635
2.604198932647705
2.4332146644592285
2.621788501739502
2.3915040493011475
2.3435893058776855
2.6108038425445557
2.319577217102051
2.5464296340942383
2.6359691619873047
2.389606237411499
2.623138427734375
2.3572463989257812
2.346402645111084
2.60300612449646
2.3345940113067627
2.5469541549682617
2.6325385570526123
2.3293027877807617
2.63977313041687
2.4331181049346924
2.3859593868255615
2.588186264038086
2.3406622409820557
2.5482192039489746
2.62675404548645
2.3624813556671143
2.640697717666626
2.429333448410034
2.3399102687835693
2.590695858001709
2.3413517475128174
2.5527615547180176
2.6410391330718994
2.3582637310028076
2.6602065563201904
2.362212896347046
2.2954275608062744
2.5515449047088623
2.315770149230957
2.547659158706665
2.63779878616333
2.3496241569519043
2.6060290336608887
2.402344226837158
2.3464956283569336
2.582717180252075
2.35186767578125
2.6548478603363037
2.6076107025146484
2.3625807762145996
2.619685649871826
2.393390655517578
2.3310844898223877
2.6061055660247803
2.304805040359497
2.575650930404663
2.6186819076538086
2.3114371299743652
2.6479740142822266
2.365537643432617
2.3492343425750732
2.606220245361328
2.3153655529022217
2.5108373165130615
2.637012481689453
2.341019630432129
2.604372978210449
2.4011149406433105
2.3298165798187256
2.5936713218688965
2.3669190406799316
2.5846810340881348
2.598240375518799
2.392333984375
2.6585044860839844
2.3651623725891113
2.4023499488830566
2.680677890777588
2.330801486968994
2.514601469039917
2.5802018642425537
2.406787395477295
2.767573595046997
2.3645055294036865
2.317807197570801
2.5901896953582764
2.3456757068634033
2.5862321853637695
2.6226284503936768
2.3478167057037354
2.6729280948638916
2.385472297668457
2.31640625
2.5670340061187744
2.3639395236968994
2.5968821048736572
2.651102066040039
2.398244619369507
2.588864326477051
2.3562726974487305
2.3157522678375244
2.626718282699585
2.3458170890808105
2.537607431411743
2.631452798843384
2.319070816040039
2.636223793029785
2.390610694885254
2.345242738723755
2.5443177223205566
2.3111913204193115
2.561396837234497
2.583721876144409
2.3526217937469482
2.7604734897613525
2.3975095748901367
2.3804538249969482
2.5741019248962402
2.340078115463257
2.5541999340057373
2.6262245178222656
2.3892877101898193
2.6650707721710205
2.3807151317596436
2.330967903137207
2.5518434047698975
2.3311879634857178
2.5293219089508057
2.62150502204895
2.3428397178649902
2.669905662536621
2.354438304901123
2.384251356124878
2.5951433181762695
2.350825071334839
2.537355661392212
2.653202533721924
2.3976876735687256
2.6412198543548584
2.3967716693878174
2.354487657546997
2.6784632205963135
2.358766555786133
2.611274480819702
2.672119379043579
2.400217056274414
2.6217591762542725
2.354112148284912
2.318711042404175
2.5614356994628906
2.350959300994873
2.5758469104766846
2.645141839981079
2.3716330528259277
2.6314430236816406
2.381420612335205
2.336599349975586
2.583418846130371
2.3301265239715576
2.8345160484313965
2.7503581047058105
2.3942692279815674
2.6408703327178955
2.4316678047180176
2.327932596206665
2.6346778869628906
2.3597018718719482
2.548030376434326
2.60097336769104
2.3448851108551025
2.664057970046997
2.359790563583374
2.3028318881988525
2.6054627895355225
2.37650990486145
2.5879297256469727
2.6709442138671875
