2.386110782623291
2.536297082901001
2.6410276889801025
2.5530714988708496
2.552182912826538
2.637237071990967
2.4878923892974854
2.5574042797088623
2.520051956176758
2.557932138442993
2.6719276905059814
2.54813289642334
2.6607563495635986
2.5684683322906494
2.606736898422241
2.597203254699707
2.5956573486328125
2.6925737857818604
2.582573890686035
2.6086347103118896
2.4833641052246094
2.5785024166107178
2.565943956375122
2.7398128509521484
2.548722267150879
2.7742879390716553
2.6214537620544434
2.4253432750701904
2.7305285930633545
2.6353485584259033
2.852872848510742
2.695984363555908
2.5753674507141113
2.72843599319458
2.5092039108276367
2.630073070526123
2.662504196166992
2.6115989685058594
2.6841206550598145
2.59969425201416
2.662994384765625
2.5041210651397705
2.6359848976135254
2.6253163814544678
2.6175124645233154
2.7293736934661865
2.659803628921509
2.6636013984680176
2.5152342319488525
2.6446361541748047
2.611621618270874
2.740305185317993
2.536102294921875
2.6947948932647705
2.631511926651001
2.4078195095062256
2.8461101055145264
2.538299560546875
2.865703582763672
2.6317014694213867
2.753276824951172
2.793320655822754
2.562159299850464
2.649635076522827
2.6404495239257812
2.6323962211608887
2.926839590072632
2.5982253551483154
2.6717498302459717
2.591742992401123
2.649040699005127
2.651554822921753
2.62100887298584
2.7433831691741943
2.636026620864868
2.6239147186279297
2.4966232776641846
2.637558937072754
2.6207337379455566
2.765123128890991
2.616135358810425
2.7255685329437256
2.634995698928833
2.4386637210845947
2.6788761615753174
2.5277438163757324
2.685265064239502
2.628594398498535
2.607753276824951
2.6534006595611572
2.5692787170410156
2.6530466079711914
2.6298484802246094
2.6196863651275635
2.790287971496582
2.635683298110962
2.646258592605591
2.53318190574646
2.6111319065093994
2.6402456760406494
2.6281206607818604
2.684117078781128
2.681791305541992
2.742023229598999
2.559009552001953
2.661691188812256
2.647420883178711
2.7472007274627686
2.5689003467559814
2.7833943367004395
2.6043789386749268
2.4394071102142334
2.7333385944366455
2.5805423259735107
2.746180772781372
2.6734728813171387
2.707066535949707
2.6941068172454834
2.581796169281006
2.62965989112854
2.631051778793335
2.646871328353882
2.7261877059936523
2.648183584213257
2.663142204284668
2.527719736099243
2.6046102046966553
2.6481127738952637
2.6842994689941406
2.6835737228393555
2.6469428539276123
2.6671483516693115
2.546199083328247
2.6804795265197754
2.5850701332092285
2.736496925354004
2.611976385116577
2.7896578311920166
2.6206419467926025
2.4170334339141846
2.6969621181488037
2.5847527980804443
2.7221550941467285
2.6278553009033203
2.649043321609497
2.6489272117614746
2.5546715259552
2.650737762451172
2.634812355041504
2.6226067543029785
2.721989631652832
2.6697537899017334
2.6978721618652344
2.6251533031463623
2.9045794010162354
2.665630578994751
2.7189834117889404
2.9918971061706543
2.647928237915039
2.68009614944458
2.5481224060058594
2.6787822246551514
2.6272151470184326
2.7437922954559326
2.5266237258911133
2.718064546585083
2.6511850357055664
2.536892890930176
2.7017624378204346
2.6073195934295654
2.757917642593384
2.6168901920318604
2.635038375854492
2.61696720123291
2.5651235580444336
2.6636576652526855
2.6480231285095215
2.789775848388672
2.7629952430725098
2.6710140705108643
2.6579906940460205
2.538365125656128
2.618521213531494
2.65596342086792
2.613232135772705
2.7400758266448975
2.640699625015259
2.6806323528289795
2.5651872158050537
2.627934455871582
2.6984128952026367
2.7950515747070312
2.5644631385803223
2.726853609085083
2.5984885692596436
2.450484275817871
2.6925711631774902
2.5788376331329346
2.6963562965393066
2.626850128173828
2.635284185409546
2.7082412242889404
2.539172649383545
2.667886257171631
2.6895880699157715
2.636732816696167
2.741319417953491
2.664205312728882
2.660378932952881
2.5394632816314697
2.7095754146575928
2.612741470336914
2.63919997215271
2.7626078128814697
2.634316921234131
2.6607673168182373
2.544443130493164
2.6672139167785645
2.6260268688201904
2.79097580909729
2.679021120071411
2.7657079696655273
2.653630495071411
2.4665427207946777
2.705073833465576
2.573197841644287
2.735110282897949
2.6315040588378906
2.732058525085449
2.715771436691284
2.553865432739258
2.6479744911193848
2.6231870651245117
2.58331036567688
2.7501907348632812
2.694329023361206
2.6452581882476807
2.51041579246521
2.644893169403076
2.6389875411987305
2.6399712562561035
2.700538158416748
2.636040210723877
2.674325704574585
2.531827688217163
2.6230692863464355
2.6060492992401123
2.8069252967834473
2.5566372871398926
2.709581136703491
2.64103364944458
2.45866060256958
2.72693133354187
2.595686435699463
2.7257752418518066
2.6329784393310547
2.647141695022583
2.7012710571289062
2.5536248683929443
2.666473150253296
2.7324652671813965
2.7551045417785645
3.0660781860351562
2.7480289936065674
2.7200090885162354
2.5535874366760254
2.618138313293457
2.6999306678771973
2.721266984939575
2.778372049331665
2.7270867824554443
2.683690309524536
2.545370578765869
2.6451516151428223
2.634481191635132
2.816033363342285
2.5901572704315186
2.755803108215332
2.614788770675659
2.5077919960021973
2.7467899322509766
2.5965261459350586
2.8325631618499756
2.6658456325531006
2.646630048751831
2.6966984272003174
2.5624961853027344
2.713627576828003
2.7083442211151123
2.603095054626465
2.747636318206787
2.614906072616577
2.6313610076904297
2.5002198219299316
2.608469009399414
2.5957412719726562
2.5777580738067627
2.6862313747406006
2.6312191486358643
2.708033800125122
2.5690722465515137
2.710520029067993
2.7197186946868896
2.7981934547424316
2.570411443710327
2.854832887649536
2.6440751552581787
2.4457671642303467
2.790302038192749
2.6144537925720215
2.7906267642974854
2.6440274715423584
2.7241644859313965
2.714404344558716
2.6116161346435547
2.677903652191162
2.694847345352173
2.6697030067443848
2.7394888401031494
2.617431640625
2.7311744689941406
2.5719807147979736
2.660642147064209
2.6951489448547363
2.6234779357910156
2.734750986099243
2.714841604232788
2.690260171890259
2.600085496902466
2.652653932571411
2.687080144882202
