0.14711880683898926
0.007999658584594727
0.008002281188964844
0.007995128631591797
0.008002042770385742
0.007001399993896484
0.008993148803710938
0.007995843887329102
0.008003950119018555
0.008059024810791016
0.013004541397094727
0.008007049560546875
0.008984565734863281
0.009002208709716797
0.008835792541503906
0.007990121841430664
0.010001182556152344
0.007994890213012695
0.008008241653442383
0.00829935073852539
0.008008718490600586
0.007994651794433594
0.008001327514648438
0.007008552551269531
0.008010149002075195
0.007989883422851562
0.008002519607543945
0.0075321197509765625
0.007002830505371094
0.00765681266784668
0.009002685546875
0.007001638412475586
0.009002447128295898
0.008002042770385742
0.007994651794433594
0.008533716201782227
0.008002519607543945
0.007001638412475586
0.010983467102050781
0.008001565933227539
0.008550882339477539
0.008002519607543945
0.008014917373657227
0.007692575454711914
0.010075092315673828
0.006985902786254883
0.008002281188964844
0.008009195327758789
0.008025169372558594
0.007994890213012695
0.007999897003173828
0.008007049560546875
0.008020162582397461
0.008002758026123047
0.008002281188964844
0.008566856384277344
0.00798797607421875
0.009003162384033203
0.008002042770385742
0.00701594352722168
0.01200413703918457
0.007995128631591797
0.008000612258911133
0.008002519607543945
0.009997844696044922
0.012996435165405273
0.007998228073120117
0.007009029388427734
0.007679462432861328
0.00800776481628418
0.06401562690734863
0.00800180435180664
0.008000612258911133
0.00900578498840332
0.009016275405883789
0.008001089096069336
0.01001739501953125
0.008989810943603516
0.010009288787841797
0.010988712310791016
0.008016586303710938
0.008992910385131836
0.008019685745239258
0.009008646011352539
0.008002758026123047
0.008002281188964844
0.010003089904785156
0.008002042770385742
0.01200246810913086
0.009002447128295898
0.008002519607543945
0.008087635040283203
0.007995367050170898
0.00700688362121582
0.008002996444702148
0.007988214492797852
0.007994890213012695
0.0069997310638427734
0.008539915084838867
0.01299905776977539
0.010013580322265625
0.009537696838378906
0.009002447128295898
0.007993459701538086
0.008001565933227539
0.007988452911376953
0.008001089096069336
0.009002447128295898
0.012041568756103516
0.008002758026123047
0.009003162384033203
0.00805974006652832
0.00800180435180664
0.013001203536987305
0.012002229690551758
0.008002281188964844
0.008003473281860352
0.009003877639770508
0.00900125503540039
0.009011268615722656
0.009003877639770508
0.008002042770385742
0.008002758026123047
0.009988784790039062
0.008015155792236328
0.008466005325317383
0.008002281188964844
0.009995222091674805
0.008002996444702148
0.010003328323364258
0.008002042770385742
0.008003473281860352
0.008002519607543945
0.008002042770385742
0.009001493453979492
0.008002996444702148
0.008008241653442383
0.008014440536499023
0.008008241653442383
0.00801229476928711
0.008001327514648438
0.00799417495727539
0.008995294570922852
0.007994413375854492
0.0070116519927978516
0.008002996444702148
0.00800180435180664
0.008000612258911133
0.008564472198486328
0.008014440536499023
0.011770486831665039
0.00798797607421875
0.008003711700439453
0.009998559951782227
0.007988691329956055
0.008001565933227539
0.008002519607543945
0.009012222290039062
0.009004354476928711
0.0070078372955322266
0.010002613067626953
0.007997274398803711
0.009001016616821289
0.008768796920776367
0.008996248245239258
0.007989168167114258
0.008002758026123047
0.007635354995727539
0.008002758026123047
0.008001565933227539
0.009001731872558594
0.008002042770385742
0.007991552352905273
0.008005857467651367
0.008001565933227539
0.008016824722290039
0.008609294891357422
0.008538246154785156
0.007508277893066406
0.009000539779663086
0.013004064559936523
0.007995128631591797
0.007769107818603516
0.008008480072021484
0.00900721549987793
0.008544206619262695
0.00900411605834961
0.009002923965454102
0.007008790969848633
0.00800180435180664
0.008002519607543945
0.007009267807006836
0.008002996444702148
0.010996818542480469
0.00899195671081543
0.008015871047973633
0.009002923965454102
0.006988525390625
0.0089874267578125
0.007996320724487305
0.008002042770385742
0.009000778198242188
0.009001970291137695
0.008995294570922852
0.008002996444702148
0.00900125503540039
0.008005619049072266
0.007008552551269531
0.00797271728515625
0.009003639221191406
0.007999897003173828
0.009002923965454102
0.009002685546875
0.007988452911376953
0.007990360260009766
0.008013486862182617
0.009229183197021484
0.00800323486328125
0.008003711700439453
0.00800323486328125
0.008000612258911133
0.008001327514648438
0.009002208709716797
0.008015871047973633
0.008002281188964844
0.009003162384033203
0.009002208709716797
0.008002519607543945
0.009001016616821289
0.009003400802612305
0.009006261825561523
0.009001970291137695
0.008002758026123047
0.008002519607543945
0.008002996444702148
0.00900411605834961
0.01000213623046875
0.008001327514648438
0.007994413375854492
0.00800013542175293
0.009002447128295898
0.008005619049072266
0.007993221282958984
0.008002519607543945
0.008003711700439453
0.00801849365234375
0.00800013542175293
0.007999897003173828
0.007995367050170898
0.00799703598022461
0.0070073604583740234
0.007988214492797852
0.008006811141967773
0.008002996444702148
0.008002758026123047
0.009001731872558594
0.0070040225982666016
0.007531166076660156
0.007912158966064453
0.008002281188964844
0.008002042770385742
0.00800323486328125
0.008009672164916992
0.007534027099609375
0.008535385131835938
0.008002758026123047
0.007001399993896484
0.00800180435180664
0.008002281188964844
0.009008169174194336
0.00800180435180664
0.008002519607543945
0.008003473281860352
0.008002281188964844
0.00900411605834961
0.009002685546875
0.008003473281860352
0.007001399993896484
0.007995128631591797
0.008002042770385742
0.00801396369934082
0.008012533187866211
0.008016109466552734
0.007995128631591797
0.0070018768310546875
0.008001565933227539
0.00800180435180664
0.008002996444702148
0.008166074752807617
0.008002758026123047
0.009008407592773438
0.007995367050170898
0.008016586303710938
0.007990598678588867
0.008002519607543945
0.00751042366027832
0.008009195327758789
0.008016347885131836
0.007989883422851562
0.007988452911376953
0.008054256439208984
0.007988691329956055
0.007822036743164062
0.008002042770385742
0.007994890213012695
0.007003307342529297
0.008578777313232422
0.00899052619934082
0.008002042770385742
0.008002281188964844
0.008008480072021484
0.008994579315185547
0.006995439529418945
0.008995294570922852
0.008001565933227539
0.00800013542175293
0.007999897003173828
0.007995128631591797
0.007001399993896484
0.007003068923950195
0.007988691329956055
0.00762176513671875
0.008535146713256836
0.008005619049072266
0.00801539421081543
0.008004903793334961
0.009000539779663086
0.007999420166015625
0.009057998657226562
0.007999658584594727
0.007905960083007812
0.008001565933227539
0.009001016616821289
0.008008241653442383
0.007997512817382812
0.008008480072021484
0.007996797561645508
0.008002758026123047
0.007995843887329102
