0.147979736328125
0.008041858673095703
0.006994962692260742
0.008970499038696289
0.006993293762207031
0.008015871047973633
0.00800943374633789
0.007989883422851562
0.008994579315185547
0.008007526397705078
0.007001399993896484
0.007002830505371094
0.00826573371887207
0.00822758674621582
0.007989168167114258
0.007999897003173828
0.007993459701538086
0.008034944534301758
0.006999969482421875
0.008059263229370117
0.007001161575317383
0.008987903594970703
0.008008241653442383
0.007853269577026367
0.00798797607421875
0.00800323486328125
0.007988452911376953
0.009003162384033203
0.00800180435180664
0.008001565933227539
0.008003473281860352
0.008002042770385742
0.007987260818481445
0.008212089538574219
0.007001399993896484
0.008994817733764648
0.007994890213012695
0.008000373840332031
0.007995128631591797
0.007996082305908203
0.00801539421081543
0.009008407592773438
0.00753021240234375
0.008002758026123047
0.008013486862182617
0.008004188537597656
0.008001089096069336
0.007508516311645508
0.008988618850708008
0.010993480682373047
0.0078084468841552734
0.007001161575317383
0.0077342987060546875
0.008002042770385742
0.007052421569824219
0.008540868759155273
0.008002758026123047
0.008008003234863281
0.008007049560546875
0.008008480072021484
0.010001182556152344
0.009004831314086914
0.007995128631591797
0.006989240646362305
0.008003950119018555
0.008001089096069336
0.00800943374633789
0.008578777313232422
0.00800180435180664
0.008002281188964844
0.006988048553466797
0.007995128631591797
0.009001493453979492
0.008002996444702148
0.008002519607543945
0.008611202239990234
0.008002042770385742
0.008002519607543945
0.008567094802856445
0.007002592086791992
0.008002519607543945
0.008002758026123047
0.008031129837036133
0.007535457611083984
0.008002996444702148
0.008010387420654297
0.011001825332641602
0.008002042770385742
0.008003950119018555
0.008047103881835938
0.008002519607543945
0.007002592086791992
0.008002281188964844
0.007242441177368164
0.008002281188964844
0.007982254028320312
0.00800180435180664
0.008002281188964844
0.008001565933227539
0.007996320724487305
0.00798940658569336
0.008002519607543945
0.0070018768310546875
0.007149457931518555
0.0070018768310546875
0.008000612258911133
0.00741124153137207
0.007002592086791992
0.008008003234863281
0.007989645004272461
0.008002281188964844
0.00800180435180664
0.008001565933227539
0.007002115249633789
0.007008552551269531
0.007002353668212891
0.00700068473815918
0.008000612258911133
0.0070018768310546875
0.008001089096069336
0.008002281188964844
0.008002519607543945
0.008008956909179688
0.009002923965454102
0.008968114852905273
0.007988452911376953
0.00799560546875
0.008002042770385742
0.006989240646362305
0.007999420166015625
0.008002281188964844
0.0070073604583740234
0.008003473281860352
0.008006811141967773
0.008002281188964844
0.007002592086791992
0.008001565933227539
0.007988452911376953
0.008014917373657227
0.007985115051269531
0.0070002079010009766
0.0069997310638427734
0.009001970291137695
0.008010625839233398
0.007836103439331055
0.00700831413269043
0.007982969284057617
0.007002592086791992
0.00700068473815918
0.008008241653442383
0.007994651794433594
0.007000923156738281
0.00800180435180664
0.012003183364868164
0.008002996444702148
0.00799417495727539
0.009003400802612305
0.008002996444702148
0.008012533187866211
0.00900888442993164
0.007918357849121094
0.007002353668212891
0.007002353668212891
0.0070078372955322266
0.009010076522827148
0.010354042053222656
0.009015560150146484
0.008002996444702148
0.008012771606445312
0.007001399993896484
0.008003473281860352
0.008004188537597656
0.008001327514648438
0.007995128631591797
0.009003639221191406
0.0070002079010009766
0.00800323486328125
0.008029699325561523
0.008037090301513672
0.008014917373657227
0.008001565933227539
0.008002281188964844
0.008003473281860352
0.008002758026123047
0.010006189346313477
0.007987499237060547
0.00799107551574707
0.007015228271484375
0.008002519607543945
0.008009910583496094
0.007995843887329102
0.008002281188964844
0.007000446319580078
0.008009672164916992
0.0070149898529052734
0.007193565368652344
0.008016347885131836
0.008002281188964844
0.008002042770385742
0.007994890213012695
0.009003877639770508
0.00800943374633789
0.008002042770385742
0.00900125503540039
0.007990121841430664
0.007106781005859375
0.008999109268188477
0.008000612258911133
0.007003307342529297
0.009002923965454102
0.008013010025024414
0.007584810256958008
0.00899505615234375
0.008002519607543945
0.0070095062255859375
0.007993698120117188
0.009001970291137695
0.008009672164916992
0.007996797561645508
0.008001089096069336
0.008009672164916992
0.007016420364379883
0.00800180435180664
0.008008480072021484
0.007002353668212891
0.007988214492797852
0.008002042770385742
0.008013486862182617
0.007972478866577148
0.008001089096069336
0.008989810943603516
0.007982254028320312
0.007002830505371094
0.007016420364379883
0.008555173873901367
0.007002115249633789
0.006995439529418945
0.007796764373779297
0.010003805160522461
0.006988525390625
0.00800943374633789
0.007995367050170898
0.009002685546875
0.00798940658569336
0.00800180435180664
0.00700831413269043
0.009206771850585938
0.008014678955078125
0.00800180435180664
0.008015871047973633
0.00798797607421875
0.008003473281860352
0.008009672164916992
0.00800180435180664
0.007001161575317383
0.008000373840332031
0.008003950119018555
0.006998777389526367
0.008005142211914062
0.007001161575317383
0.009001493453979492
0.008010387420654297
0.010004520416259766
0.008002042770385742
0.007993459701538086
0.007689952850341797
0.007983207702636719
0.007665395736694336
0.007016658782958984
0.009002685546875
0.006856441497802734
0.008048772811889648
0.007996797561645508
0.007995128631591797
0.009019613265991211
0.008002758026123047
0.007528066635131836
0.00800323486328125
0.007996320724487305
0.008538246154785156
0.00800180435180664
0.007020473480224609
0.007918596267700195
0.008001327514648438
0.009004592895507812
0.008008480072021484
0.009003400802612305
0.00700068473815918
0.008002281188964844
0.00699615478515625
0.008002758026123047
0.006994962692260742
0.007358551025390625
0.007002353668212891
0.008008956909179688
0.007607936859130859
0.007001638412475586
0.007999897003173828
0.0070018768310546875
0.008004426956176758
0.0070018768310546875
0.007025480270385742
0.008000373840332031
0.009001970291137695
0.0075342655181884766
0.00701594352722168
0.008002281188964844
0.00901031494140625
0.009000301361083984
0.0077664852142333984
0.007145881652832031
0.009002447128295898
0.008000850677490234
0.008001565933227539
0.008413076400756836
0.007529735565185547
0.007998228073120117
0.008002042770385742
0.00854635238647461
0.007995128631591797
0.006995439529418945
0.008009672164916992
0.008000850677490234
0.008002281188964844
0.008002281188964844
0.008001327514648438
0.009001731872558594
0.00801396369934082
0.007001161575317383
0.008002042770385742
0.008002042770385742
