0.15503549575805664
0.011001825332641602
0.009996175765991211
0.011003255844116211
0.009015560150146484
0.010001659393310547
0.010097026824951172
0.01000213623046875
0.009998321533203125
0.010012626647949219
0.011888742446899414
0.011002302169799805
0.027005434036254883
0.009016036987304688
0.04702591896057129
0.027020931243896484
0.014995813369750977
0.010022163391113281
0.04809117317199707
0.010001897811889648
0.009002447128295898
0.009002208709716797
0.028006792068481445
0.008994340896606445
0.018004179000854492
0.009000062942504883
0.0110015869140625
0.011002779006958008
0.010004281997680664
0.04774069786071777
0.009995222091674805
0.009001970291137695
0.01000833511352539
0.028546810150146484
0.00904703140258789
0.00902104377746582
0.011004209518432617
0.06059694290161133
0.010527610778808594
0.009995222091674805
0.01000213623046875
0.009002685546875
0.009525299072265625
0.009003400802612305
0.010000467300415039
0.009995698928833008
0.03562426567077637
0.009001731872558594
0.01104736328125
0.0630345344543457
0.011001110076904297
0.010010719299316406
0.00800180435180664
0.009002685546875
0.010002613067626953
0.009002447128295898
0.033007144927978516
0.009015560150146484
0.06455731391906738
0.011002063751220703
0.010995149612426758
0.027102231979370117
0.009006261825561523
0.010002851486206055
0.011004924774169922
0.008000850677490234
0.009001970291137695
0.009855031967163086
0.009004592895507812
0.011339426040649414
0.00901341438293457
0.061005353927612305
0.009001970291137695
0.009994983673095703
0.008996248245239258
0.0099945068359375
0.01001596450805664
0.008897542953491211
0.047991275787353516
0.008015155792236328
0.00899958610534668
0.011999368667602539
0.012026786804199219
0.028007984161376953
0.010003089904785156
0.010676860809326172
0.010003328323364258
0.009002208709716797
0.010007143020629883
0.04802536964416504
0.018003225326538086
0.015005350112915039
0.009989738464355469
0.022003650665283203
0.02701401710510254
0.010002374649047852
0.010011434555053711
0.027005434036254883
0.047027587890625
0.008996248245239258
0.008997201919555664
0.028578758239746094
0.00956273078918457
0.02800464630126953
0.05005192756652832
0.013770103454589844
0.009982585906982422
0.0270688533782959
0.009911298751831055
0.009002447128295898
0.010002374649047852
0.009604215621948242
0.013002634048461914
0.010001182556152344
0.008702516555786133
0.010824918746948242
0.008965015411376953
0.011627435684204102
0.01000356674194336
0.009002447128295898
0.029007434844970703
0.00998830795288086
0.04801154136657715
0.010009050369262695
0.01000213623046875
0.01298975944519043
0.008941650390625
0.010003328323364258
0.07058382034301758
0.007995367050170898
0.009588956832885742
0.01799774169921875
0.009986400604248047
0.01098489761352539
0.010000944137573242
0.011004447937011719
0.00979161262512207
0.010017156600952148
0.012004375457763672
0.011003494262695312
0.01000213623046875
0.009008646011352539
0.01098775863647461
0.010002374649047852
0.010002613067626953
0.008828163146972656
0.009008646011352539
0.02800774574279785
0.028006315231323242
0.009198665618896484
0.017557621002197266
0.011010408401489258
0.009002208709716797
0.010996818542480469
0.01100468635559082
0.0269930362701416
0.009995698928833008
0.02800130844116211
0.031006813049316406
0.0475313663482666
0.010594367980957031
0.01010751724243164
0.010003805160522461
0.009001970291137695
0.009967803955078125
0.009001493453979492
0.010002613067626953
0.02773118019104004
0.0089874267578125
0.00900125503540039
0.011972188949584961
0.009002923965454102
0.011003971099853516
0.010001897811889648
0.027005910873413086
0.0360414981842041
0.04604697227478027
0.047774553298950195
0.030007600784301758
0.04702901840209961
0.027784347534179688
0.04753589630126953
0.04702949523925781
0.04801130294799805
0.01000523567199707
0.011003255844116211
0.009002447128295898
0.010426998138427734
0.00855708122253418
0.010002374649047852
0.034002065658569336
0.008001327514648438
0.011991739273071289
0.008002519607543945
0.01000070571899414
0.010405778884887695
0.033995628356933594
0.026267051696777344
0.027548551559448242
0.010003328323364258
0.02800750732421875
0.009002208709716797
0.06302881240844727
0.010009050369262695
0.010011434555053711
0.008995532989501953
0.009999990463256836
0.011508941650390625
0.011002302169799805
0.03400731086730957
0.011002779006958008
0.012002944946289062
0.010016441345214844
0.010001659393310547
0.01000833511352539
0.008994102478027344
0.02707648277282715
0.018004179000854492
0.048017024993896484
0.04639244079589844
0.028016328811645508
0.04799151420593262
0.009552955627441406
0.009002208709716797
0.009009838104248047
0.027687549591064453
0.06401538848876953
0.010002851486206055
0.008000612258911133
0.011005401611328125
0.011002779006958008
0.009016275405883789
0.009925603866577148
0.0095672607421875
0.027622461318969727
0.011002779006958008
0.011002540588378906
0.01100301742553711
0.01099085807800293
0.010210037231445312
0.010208606719970703
0.009613037109375
0.009985685348510742
0.010333538055419922
0.012003898620605469
0.04856085777282715
0.01172637939453125
0.009623050689697266
0.010999917984008789
0.009019613265991211
0.009001731872558594
0.047027587890625
0.027007102966308594
0.018074989318847656
0.049619197845458984
0.011003971099853516
0.011003971099853516
0.010002851486206055
0.013003349304199219
0.012822151184082031
0.04902768135070801
0.05642509460449219
0.02876734733581543
0.011002063751220703
0.04625844955444336
0.009001970291137695
0.010001897811889648
0.011404752731323242
0.011020898818969727
0.027005672454833984
0.011003494262695312
0.01056361198425293
0.027006149291992188
0.009988784790039062
0.00959324836730957
0.03663182258605957
0.010747194290161133
0.04856157302856445
0.009001016616821289
0.009002685546875
0.02601933479309082
0.01000213623046875
0.011088848114013672
0.011028051376342773
0.010989189147949219
0.0110015869140625
0.04601645469665527
0.018997907638549805
0.008989095687866211
0.011001825332641602
0.01100468635559082
0.009715080261230469
0.010003805160522461
0.010597705841064453
0.011003494262695312
0.015012025833129883
0.029086828231811523
0.02853703498840332
0.010001897811889648
0.04801058769226074
0.027004718780517578
0.009001493453979492
0.018087387084960938
0.05367159843444824
0.011870861053466797
0.014004945755004883
0.011015892028808594
0.014230966567993164
0.00959324836730957
0.014927387237548828
0.048575639724731445
0.028000593185424805
0.00999593734741211
0.009995460510253906
0.010004043579101562
0.00800776481628418
0.011132955551147461
0.010469913482666016
0.01017904281616211
0.013816595077514648
0.009002208709716797
0.05470085144042969
0.009078025817871094
0.009002208709716797
0.06074666976928711
0.009002447128295898
0.061192989349365234
0.06479024887084961
0.007999897003173828
0.011008739471435547
0.009002447128295898
0.009001731872558594
0.00901031494140625
0.007001638412475586
0.009002685546875
0.007989168167114258
0.009000778198242188
0.05339479446411133
