5.306440830230713
5.243524551391602
5.283791542053223
5.219304323196411
5.267992734909058
5.096053123474121
5.353959560394287
5.413791656494141
5.098263740539551
5.126065969467163
5.188517808914185
5.186366558074951
5.384103298187256
5.188529968261719
5.199158668518066
5.369541168212891
5.45366358757019
5.093888759613037
5.135639667510986
5.200680255889893
5.267787456512451
5.3813087940216064
5.204562425613403
5.214465856552124
5.370589733123779
5.427827835083008
5.1386964321136475
5.188547134399414
5.250099182128906
5.273136615753174
5.423178195953369
5.2272868156433105
5.237191915512085
5.409742832183838
5.4194488525390625
5.149608135223389
5.1754608154296875
5.20418906211853
5.360937833786011
5.356968879699707
5.200803518295288
5.2060582637786865
5.40438437461853
5.427412033081055
5.156360626220703
5.152291774749756
5.216591119766235
5.232514142990112
5.406308650970459
5.234459638595581
5.231367826461792
5.405679941177368
5.440700531005859
5.130576133728027
5.202600479125977
5.196590423583984
5.24548864364624
5.415351390838623
5.214319944381714
5.217912673950195
5.391817331314087
5.448129653930664
5.148574352264404
5.229926586151123
5.214510440826416
5.240588903427124
5.418996810913086
5.21721887588501
5.199950933456421
5.391135931015015
5.427666902542114
5.133374929428101
5.249085187911987
5.224332571029663
5.2312235832214355
5.4044413566589355
5.207344055175781
5.253140687942505
5.433043718338013
5.423058271408081
5.141329050064087
5.20864725112915
5.3380961418151855
5.315935373306274
5.473219633102417
5.22208309173584
5.24360990524292
5.470492601394653
5.477938890457153
5.178354024887085
5.199100971221924
5.242238759994507
5.265469312667847
5.464553594589233
5.252609014511108
5.285219669342041
5.436121463775635
5.480867147445679
5.180974721908569
5.208890914916992
5.268401145935059
5.2725489139556885
5.475856065750122
5.271462917327881
5.253114700317383
5.409999370574951
5.484208345413208
5.1713175773620605
5.238881587982178
5.259564161300659
5.270326852798462
5.53684401512146
5.246679782867432
5.253074407577515
5.423731565475464
5.5019543170928955
5.178553342819214
5.220985412597656
5.266394376754761
5.256288766860962
5.4321448802948
5.2472052574157715
5.283684492111206
5.432374715805054
5.462851524353027
5.181105852127075
5.210578441619873
5.251502275466919
5.266730785369873
5.506462574005127
5.229380369186401
5.2683327198028564
5.447633266448975
5.501649618148804
5.175711154937744
5.202499628067017
5.246692895889282
5.252573490142822
5.453524827957153
5.263472318649292
5.3077802658081055
5.4475367069244385
5.4856953620910645
5.167071104049683
5.274706602096558
5.2982447147369385
5.2797815799713135
5.454007387161255
5.316082000732422
5.3772828578948975
5.057402849197388
5.444460868835449
5.471543312072754
5.090315103530884
5.271393060684204
5.4433815479278564
5.464855670928955
5.315758943557739
5.278669595718384
5.456766128540039
5.333039999008179
5.402114391326904
5.07552695274353
5.5067667961120605
5.3383636474609375
5.3922600746154785
5.084320783615112
5.59308123588562
5.482990741729736
5.112690448760986
