4.995254755020142
4.7430739402771
5.0229332447052
4.954471588134766
4.925161600112915
5.1111297607421875
5.19362211227417
4.890784025192261
4.955950975418091
4.972749948501587
5.001911401748657
5.157388210296631
5.038522481918335
5.105196237564087
4.847447872161865
5.1920154094696045
5.225666522979736
4.953131198883057
4.988214015960693
5.0208258628845215
5.064945936203003
5.292802810668945
5.085360527038574
5.159041404724121
4.875227451324463
5.213658094406128
5.213590621948242
4.941259145736694
5.129613399505615
5.218906879425049
5.22631311416626
5.113837480545044
4.926368236541748
5.1747541427612305
5.135719537734985
5.219467639923096
4.905726671218872
5.271573781967163
5.118299245834351
5.181824207305908
4.887821197509766
5.538026332855225
5.414313316345215
5.028404951095581
5.190483808517456
5.245192766189575
5.229110479354858
5.124236583709717
4.959248304367065
5.190142869949341
5.167540550231934
5.185712099075317
4.921508312225342
5.2817816734313965
5.142859935760498
5.222572088241577
4.93353271484375
5.284983396530151
5.253825664520264
4.976019620895386
5.118598222732544
5.248653411865234
5.291582345962524
5.177002191543579
4.974149703979492
5.2073891162872314
5.188359975814819
5.240902662277222
4.943941831588745
5.298122882843018
5.1715240478515625
5.23069167137146
4.917408227920532
5.265841245651245
5.511254072189331
5.051089525222778
5.13915491104126
5.27344822883606
5.289904594421387
4.989872932434082
5.108382225036621
5.257081508636475
5.271993398666382
5.164166450500488
5.181486129760742
5.148616075515747
5.127384662628174
5.3520348072052
5.330803155899048
5.084439277648926
5.109012603759766
5.138453960418701
5.128852367401123
5.3394575119018555
5.207642316818237
5.255310297012329
4.97057843208313
5.329186201095581
5.328409433364868
5.07973051071167
5.212149143218994
5.303995609283447
5.332844972610474
5.010361433029175
5.157090663909912
5.447752237319946
5.519956111907959
5.355689287185669
5.192168235778809
5.1514503955841064
5.175858020782471
5.336606979370117
5.356089353561401
5.085683345794678
5.141850233078003
5.15065336227417
5.1666810512542725
5.358778715133667
5.184885025024414
5.280263662338257
5.029365301132202
5.319060802459717
5.347264289855957
5.058767318725586
5.196048736572266
5.318579912185669
5.345954179763794
5.0306079387664795
5.184057235717773
5.409794569015503
5.318955183029175
5.2126946449279785
5.134060621261597
5.15214991569519
5.162500619888306
5.344202280044556
5.385747671127319
5.105177640914917
5.132124185562134
5.172423362731934
5.180380821228027
5.3588151931762695
5.215581178665161
5.321843385696411
5.00369668006897
5.390420198440552
5.3852927684783936
5.125298738479614
5.132487535476685
5.179431438446045
5.195369005203247
5.3546154499053955
5.384906530380249
5.131376028060913
5.140976667404175
5.180988311767578
5.204004287719727
5.426246166229248
5.079490661621094
5.316970109939575
5.184404373168945
5.1943066120147705
5.344531297683716
5.202084064483643
5.172473430633545
5.406213283538818
5.115829706192017
5.331194877624512
5.180004596710205
5.205157995223999
5.317054986953735
5.3212010860443115
5.186521291732788
5.38668417930603
