5.354644060134888
5.094213247299194
5.161419868469238
4.757817983627319
5.124203205108643
5.257215738296509
4.871457815170288
4.815531015396118
5.251375913619995
4.834330797195435
5.262587308883667
4.9037511348724365
4.851235866546631
5.255873680114746
4.85958456993103
4.809755563735962
5.194542169570923
4.805700063705444
5.204486846923828
4.7947728633880615
5.200833559036255
4.820640563964844
5.228177070617676
4.838904857635498
5.336641788482666
4.879211664199829
4.841698169708252
5.261693716049194
4.846818208694458
4.80454683303833
5.147718667984009
5.244615316390991
4.831165313720703
5.3037497997283936
4.893414497375488
4.902411699295044
5.308379888534546
4.919727325439453
4.805292844772339
5.204617738723755
4.837395668029785
5.279325723648071
4.8747758865356445
4.853181600570679
5.253789901733398
4.842533349990845
4.780382394790649
5.1526219844818115
5.263195991516113
4.836116552352905
5.2659454345703125
4.886603832244873
4.811625003814697
5.2575459480285645
4.87698769569397
4.814995765686035
5.199943542480469
4.794250726699829
5.243495464324951
4.833343267440796
5.267610311508179
4.848493337631226
5.288779258728027
4.876866340637207
4.816915512084961
5.261608839035034
4.831299781799316
4.786930561065674
5.145940542221069
5.241974115371704
4.845177173614502
5.298785209655762
4.943066596984863
4.878872871398926
5.391057252883911
4.9208314418792725
4.804717540740967
5.173220872879028
5.241929292678833
4.8478546142578125
5.283478021621704
4.918735027313232
4.8268303871154785
5.295137882232666
4.976791858673096
4.823541641235352
5.272965908050537
4.8441243171691895
5.291926383972168
4.878477573394775
4.8607399463653564
5.2461771965026855
4.868473529815674
4.7988245487213135
5.176265478134155
5.251560926437378
4.866510629653931
5.286086082458496
5.043257474899292
4.852141618728638
5.3018715381622314
4.8808066844940186
4.81301474571228
5.220154762268066
4.806452989578247
5.2285332679748535
4.840313911437988
5.259270906448364
4.858133316040039
5.295862913131714
4.9383864402771
4.867075443267822
5.2356555461883545
4.876532793045044
4.78123140335083
5.174967527389526
5.247852087020874
4.832838773727417
5.348922252655029
4.924383163452148
4.857383489608765
5.260945558547974
4.903733730316162
4.772881746292114
5.144627571105957
5.255260467529297
4.851793050765991
5.294908761978149
4.879762887954712
4.824457883834839
5.311879634857178
4.874448299407959
4.8312907218933105
5.265600919723511
4.824268102645874
5.296967267990112
4.9311683177948
4.816604852676392
5.282715320587158
4.858533143997192
4.777804613113403
5.149974584579468
5.257123708724976
4.842640161514282
5.3387839794158936
4.932516813278198
4.826842308044434
5.315322637557983
4.865799903869629
4.812543153762817
5.233850717544556
4.818073272705078
5.2075111865997314
4.8266284465789795
5.284047603607178
4.835613965988159
5.316320419311523
4.88528037071228
4.813931703567505
5.256765842437744
4.843511581420898
4.784386873245239
5.163798570632935
5.239269018173218
4.8556599617004395
5.286053895950317
4.990964651107788
4.848271608352661
5.31579327583313
4.990684747695923
4.822265148162842
5.171715497970581
5.274468898773193
4.838133096694946
5.3006157875061035
4.901590347290039
4.939002990722656
5.338119029998779
4.9143266677856445
4.857013702392578
