5.483271598815918
4.843023300170898
5.281865119934082
4.9003448486328125
4.802326917648315
5.227838754653931
4.829462289810181
5.246964454650879
4.770948886871338
5.118115425109863
5.144759178161621
5.284255504608154
4.8584535121917725
5.298956632614136
4.9111328125
4.836486577987671
5.285784006118774
4.885961055755615
4.828277826309204
5.238027334213257
4.835010290145874
5.325168609619141
4.8961217403411865
5.257941007614136
4.8665876388549805
5.391732931137085
4.896337985992432
4.86694860458374
5.316230535507202
5.110527992248535
5.051905870437622
5.324219703674316
5.275895833969116
4.873041152954102
5.3211963176727295
5.035771608352661
4.887418746948242
5.337423324584961
4.916394233703613
4.83466911315918
5.221175670623779
5.3246376514434814
4.868478536605835
5.353453874588013
4.924243450164795
4.886615991592407
5.353309154510498
4.969171047210693
4.888095378875732
5.283494472503662
4.878190279006958
5.3399763107299805
4.920106410980225
4.8634443283081055
5.303934812545776
4.886105298995972
4.827373027801514
5.205639123916626
5.314646005630493
4.926374435424805
5.342696189880371
4.940743923187256
4.893902063369751
5.337713241577148
4.936304569244385
4.905362129211426
5.282399892807007
4.989412069320679
5.288198947906494
4.867208957672119
5.299471378326416
4.9092371463775635
5.3597187995910645
4.921998977661133
4.884341478347778
5.330629587173462
4.901304483413696
4.842480659484863
5.184215307235718
5.321288824081421
4.9122936725616455
5.348714113235474
4.923383712768555
4.907290935516357
5.361189603805542
4.932168483734131
4.853454828262329
5.1947021484375
5.334303140640259
4.902137994766235
5.366143226623535
4.951504468917847
4.888608694076538
5.346707105636597
4.920074224472046
4.9176554679870605
5.400018692016602
4.901777267456055
5.343364953994751
5.1690404415130615
5.0232155323028564
5.432133913040161
4.924409866333008
4.869642496109009
5.204074382781982
5.297893762588501
4.880169868469238
5.368585109710693
4.9560041427612305
4.936883926391602
5.372957944869995
4.931173324584961
4.870919704437256
5.418789386749268
4.860773324966431
5.314348220825195
4.869432210922241
5.311669588088989
4.900705337524414
5.3600664138793945
4.944561004638672
4.874616861343384
5.352897882461548
4.936603784561157
4.853217124938965
5.240813493728638
5.323847532272339
4.905455112457275
5.396488904953003
4.98141884803772
4.910085678100586
5.349234342575073
4.924822092056274
4.8503172397613525
5.248968124389648
5.3165788650512695
4.900557518005371
5.380541801452637
4.941364049911499
4.897330045700073
5.376605987548828
4.943552017211914
4.917823314666748
5.327672004699707
4.955719709396362
5.396276235580444
4.950192213058472
5.0640764236450195
5.36397647857666
4.923816204071045
4.859095573425293
5.243249893188477
5.337527275085449
4.907436847686768
5.419472932815552
4.9677674770355225
4.900108575820923
5.364189863204956
4.950677394866943
4.891836643218994
5.308290243148804
4.886586666107178
5.317691802978516
4.900698184967041
5.326694965362549
4.921269178390503
5.3749566078186035
4.9647979736328125
4.889421463012695
5.347123622894287
4.909762144088745
4.886887311935425
5.2391486167907715
5.330677032470703
4.942821741104126
5.4148383140563965
4.937439203262329
