0.0019927024841308594
0.0020067691802978516
0.0009999275207519531
0.0020055770874023438
0.0009932518005371094
0.0010018348693847656
0.0016131401062011719
0.002002239227294922
0.0010013580322265625
0.001993894577026367
0.0010080337524414062
0.0019931793212890625
0.002000570297241211
0.0010063648223876953
0.0019996166229248047
0.0009932518005371094
0.0019948482513427734
0.002000570297241211
0.002000093460083008
0.001992940902709961
0.0020008087158203125
0.0016088485717773438
0.0020084381103515625
0.003015756607055664
0.0020062923431396484
0.0019998550415039062
0.0029914379119873047
0.0030088424682617188
0.0030083656311035156
0.0019931793212890625
0.00299072265625
0.0029926300048828125
0.0039997100830078125
0.003014802932739258
0.003984928131103516
0.00500798225402832
0.004988908767700195
0.005009174346923828
0.005013227462768555
0.004984378814697266
0.005002260208129883
0.005006313323974609
0.0059893131256103516
0.008000373840332031
0.008002042770385742
0.009009122848510742
0.008009672164916992
0.008002281188964844
0.009001731872558594
0.00901341438293457
0.009008646011352539
0.009562015533447266
0.01000213623046875
0.010099649429321289
0.01001596450805664
0.010998249053955078
0.0099945068359375
0.011008024215698242
0.010988473892211914
0.011002540588378906
0.010997533798217773
0.010995626449584961
0.012017965316772461
0.011993408203125
0.011003971099853516
0.010988235473632812
0.011008977890014648
0.011744022369384766
0.012002706527709961
0.013003110885620117
0.013003349304199219
0.013995885848999023
0.014010190963745117
0.012995719909667969
0.014536857604980469
0.015004396438598633
0.01414632797241211
0.015005350112915039
0.014996528625488281
0.015996932983398438
0.015017986297607422
0.01600360870361328
0.01700282096862793
0.01601576805114746
0.015998125076293945
0.016008377075195312
0.016581058502197266
0.017997264862060547
0.017985820770263672
0.01800370216369629
0.019004106521606445
0.017995357513427734
0.0182497501373291
0.01900005340576172
0.01859450340270996
0.020035743713378906
0.018540143966674805
0.0200045108795166
0.017997026443481445
0.019998788833618164
0.01998448371887207
0.019016265869140625
0.020999670028686523
0.021992206573486328
0.02001190185546875
0.021012306213378906
0.02257370948791504
0.021991252899169922
0.02402019500732422
0.02199578285217285
0.023024559020996094
0.023005247116088867
0.022010326385498047
0.02099895477294922
0.023000001907348633
0.0240175724029541
0.02200603485107422
0.023020029067993164
0.02301788330078125
0.02501368522644043
0.025010347366333008
0.025007963180541992
0.024005651473999023
0.02500462532043457
0.025986433029174805
0.025014162063598633
0.025005102157592773
0.025054931640625
0.026005983352661133
0.026532649993896484
0.026012420654296875
0.026999235153198242
0.026190757751464844
0.026000261306762695
0.02601337432861328
0.027024030685424805
0.026586532592773438
0.02602529525756836
0.028992414474487305
0.029020309448242188
0.0289919376373291
0.027574777603149414
0.028998851776123047
0.028014183044433594
0.02970123291015625
0.02901148796081543
0.02900242805480957
0.030025005340576172
0.030999183654785156
0.030005931854248047
0.031022310256958008
0.03300738334655762
0.03200221061706543
0.03200793266296387
0.03400850296020508
0.03201484680175781
0.0349884033203125
0.03258371353149414
0.03151202201843262
0.033991336822509766
0.033805131912231445
0.031995534896850586
0.033538103103637695
0.03353404998779297
0.033179521560668945
0.03300046920776367
0.03510403633117676
0.034058570861816406
0.03458833694458008
0.03501391410827637
