0.012997865676879883
0.013013124465942383
0.011994600296020508
0.012998819351196289
0.013991117477416992
0.013046026229858398
0.013996362686157227
0.015003681182861328
0.015004158020019531
0.016143798828125
0.01799631118774414
0.016996145248413086
0.017604351043701172
0.016998767852783203
0.019010066986083984
0.019725561141967773
0.019004344940185547
0.018018007278442383
0.017982959747314453
0.019817113876342773
0.020004987716674805
0.019572973251342773
0.019984960556030273
0.019003629684448242
0.02001953125
0.020004987716674805
0.020000696182250977
0.020990610122680664
0.022010087966918945
0.021004438400268555
0.022049903869628906
0.023018360137939453
0.02202010154724121
0.024994373321533203
0.022994518280029297
0.022551536560058594
0.023986339569091797
0.0242307186126709
0.02299952507019043
0.024019479751586914
0.025020837783813477
0.02585458755493164
0.027006864547729492
0.0260012149810791
0.026527881622314453
0.026003122329711914
0.027057170867919922
0.028620243072509766
0.031007051467895508
0.028004884719848633
0.028007030487060547
0.028005123138427734
0.03002142906188965
0.03200817108154297
0.0305330753326416
0.030000925064086914
0.029000520706176758
0.029001235961914062
0.03100728988647461
0.03000807762145996
0.0294647216796875
0.03200173377990723
0.03819155693054199
0.035008907318115234
0.03600168228149414
0.034999847412109375
0.035057783126831055
0.03700757026672363
0.035991668701171875
0.03653597831726074
0.03601956367492676
0.03701162338256836
0.03699612617492676
0.03901100158691406
0.038008689880371094
0.03800821304321289
0.03858351707458496
0.038001060485839844
0.03899812698364258
0.03902077674865723
0.03957700729370117
0.038994789123535156
0.038564205169677734
0.03963327407836914
0.04002809524536133
0.03975725173950195
0.04101443290710449
0.04299616813659668
0.04600334167480469
0.04154396057128906
0.04467129707336426
0.04299473762512207
0.04199671745300293
0.04500293731689453
0.04200100898742676
0.04300975799560547
0.043010711669921875
0.04253864288330078
0.045029640197753906
0.04335808753967285
0.04299187660217285
0.04372859001159668
0.0449976921081543
0.04401445388793945
0.043650150299072266
0.04537606239318848
0.047003746032714844
0.04718160629272461
0.04504585266113281
0.04500722885131836
0.046011924743652344
0.047010183334350586
0.04701089859008789
0.04600358009338379
0.04860353469848633
0.046082258224487305
0.04771018028259277
0.05238533020019531
0.0520176887512207
0.053990840911865234
0.055732011795043945
0.05399918556213379
0.05710649490356445
0.06254696846008301
0.0630025863647461
0.055011749267578125
0.05916905403137207
0.061722517013549805
0.058181047439575195
0.05605053901672363
0.055011749267578125
0.06001114845275879
0.05602765083312988
0.056734561920166016
0.06201982498168945
0.06500887870788574
0.06710219383239746
0.06401348114013672
0.0615997314453125
0.06102609634399414
0.06101846694946289
0.06111931800842285
0.06399321556091309
0.06203460693359375
0.06102800369262695
0.06228470802307129
0.06501317024230957
0.0640268325805664
0.06211590766906738
0.0637362003326416
0.06275415420532227
0.06279420852661133
0.05276203155517578
0.05702471733093262
0.051079511642456055
0.0510103702545166
0.05236554145812988
0.05745267868041992
0.05109977722167969
0.05465579032897949
0.05201268196105957
0.051291704177856445
0.05100655555725098
0.05342268943786621
0.05301189422607422
0.05410003662109375
0.05299830436706543
0.05316662788391113
0.0570065975189209
0.05501413345336914
0.054010868072509766
0.05362391471862793
0.05401039123535156
0.05413508415222168
