0.0
0.0
0.0009937286376953125
0.0009999275207519531
0.001996755599975586
0.0009822845458984375
0.0009984970092773438
0.001990079879760742
0.002000570297241211
0.0009953975677490234
0.0010128021240234375
0.0010001659393310547
0.0019960403442382812
0.0010018348693847656
0.0020132064819335938
0.0019998550415039062
0.001992940902709961
0.002005338668823242
0.0020008087158203125
0.0020117759704589844
0.0020062923431396484
0.0020089149475097656
0.0020072460174560547
0.0019953250885009766
0.002124786376953125
0.0019996166229248047
0.0020008087158203125
0.002007007598876953
0.001986265182495117
0.002636432647705078
0.002007722854614258
0.0030019283294677734
0.0019998550415039062
0.002000093460083008
0.003007650375366211
0.002989053726196289
0.002011537551879883
0.003002166748046875
0.0029993057250976562
0.0030028820037841797
0.005008697509765625
0.00634765625
0.00600743293762207
0.006082296371459961
0.0059893131256103516
0.007017374038696289
0.0059964656829833984
0.007001638412475586
0.007001638412475586
0.007231950759887695
0.006989955902099609
0.0075299739837646484
0.007995367050170898
0.008991241455078125
0.008002281188964844
0.008008480072021484
0.00898885726928711
0.009002208709716797
0.009001016616821289
0.008993387222290039
0.009996414184570312
0.010003089904785156
0.010995626449584961
0.011002779006958008
0.009994983673095703
0.012002229690551758
0.010015726089477539
0.010010004043579102
0.011010408401489258
0.010016918182373047
0.010664701461791992
0.010512351989746094
0.011006593704223633
0.01201009750366211
0.01099705696105957
0.011003732681274414
0.011071205139160156
0.01201486587524414
0.011996030807495117
0.012004375457763672
0.013017416000366211
0.011530160903930664
0.012983083724975586
0.012003421783447266
0.012001752853393555
0.013213396072387695
0.012989521026611328
0.014001846313476562
0.014035463333129883
0.013993263244628906
0.01399540901184082
0.014562845230102539
0.014003992080688477
0.01502370834350586
0.01654219627380371
0.015509366989135742
0.01600360870361328
0.015998363494873047
0.016010046005249023
0.016026020050048828
0.017017364501953125
0.01720261573791504
0.017574071884155273
0.01699209213256836
0.01899433135986328
0.017010211944580078
0.01801156997680664
0.01901078224182129
0.019095420837402344
0.018999099731445312
0.019006013870239258
0.01799917221069336
0.021364927291870117
0.019006013870239258
0.021007776260375977
0.021004676818847656
0.0200040340423584
0.020990610122680664
0.020934343338012695
0.021998882293701172
0.02101588249206543
0.020858049392700195
0.02303314208984375
0.02189183235168457
0.025012731552124023
0.02301645278930664
0.022997617721557617
0.0230104923248291
0.023248672485351562
0.02445054054260254
0.02625751495361328
0.02770519256591797
0.023663997650146484
0.025005817413330078
0.02401590347290039
0.025003910064697266
0.025048255920410156
0.025516510009765625
0.0249936580657959
0.02663564682006836
0.025005817413330078
0.026418209075927734
0.027985572814941406
0.025997638702392578
0.026969194412231445
0.02800154685974121
0.027020931243896484
0.02898883819580078
0.027631759643554688
0.0290069580078125
0.029001712799072266
0.029006481170654297
0.02952718734741211
0.02968144416809082
0.029001235961914062
0.0290071964263916
0.029999494552612305
0.03000164031982422
0.029001474380493164
0.028658390045166016
0.030359983444213867
0.03000617027282715
0.031014204025268555
0.03200888633728027
0.03101372718811035
0.031113147735595703
0.030013322830200195
0.03199505805969238
0.031006574630737305
0.03357672691345215
0.034055471420288086
0.03299570083618164
0.03458905220031738
0.03200793266296387
0.03600001335144043
0.03599214553833008
0.034587860107421875
