0.018004179000854492
0.01745891571044922
0.017003774642944336
0.018004655838012695
0.017992258071899414
0.01799774169921875
0.01857733726501465
0.018552303314208984
0.019419431686401367
0.019599199295043945
0.018997907638549805
0.01955699920654297
0.01900315284729004
0.02101898193359375
0.020212888717651367
0.02056097984313965
0.020991086959838867
0.019612550735473633
0.020999431610107422
0.020997047424316406
0.021012306213378906
0.021018505096435547
0.020997285842895508
0.02200913429260254
0.024011850357055664
0.024005651473999023
0.024999141693115234
0.026637792587280273
0.02801370620727539
0.026570796966552734
0.0270082950592041
0.026014328002929688
0.02501964569091797
0.027001142501831055
0.02404952049255371
0.024999380111694336
0.025994539260864258
0.025528669357299805
0.025005817413330078
0.024999141693115234
0.026012420654296875
0.02702474594116211
0.025986194610595703
0.0270078182220459
0.026012182235717773
0.02852654457092285
0.028027057647705078
0.027997970581054688
0.027528047561645508
0.02800154685974121
0.028006315231323242
0.0279998779296875
0.028139114379882812
0.028002262115478516
0.029011964797973633
0.027988433837890625
0.0279998779296875
0.03000044822692871
0.03200817108154297
0.03154897689819336
0.03048110008239746
0.031007051467895508
0.031569719314575195
0.03008866310119629
0.03099989891052246
0.0320124626159668
0.03199505805969238
0.03212618827819824
0.03200697898864746
0.03153085708618164
0.03401827812194824
0.03300809860229492
0.03299593925476074
0.03315567970275879
0.03700852394104004
0.03300023078918457
0.03255009651184082
0.03500819206237793
0.03402233123779297
0.033004045486450195
0.03400015830993652
0.03404045104980469
0.03461885452270508
0.035013675689697266
0.03401446342468262
0.03502035140991211
0.036020517349243164
0.03600192070007324
0.034653425216674805
0.03501415252685547
0.034169673919677734
0.03571295738220215
0.03498983383178711
0.034012556076049805
0.03473520278930664
0.035019874572753906
0.035017967224121094
0.035001516342163086
0.03601646423339844
0.03500652313232422
0.03798842430114746
0.03801107406616211
0.03600168228149414
0.03500771522521973
0.036022186279296875
0.036008596420288086
0.036089181900024414
0.03698849678039551
0.03800654411315918
0.03800630569458008
0.04024982452392578
0.03698873519897461
0.0380096435546875
0.0370020866394043
0.038999080657958984
0.03902888298034668
0.038990020751953125
0.03899574279785156
0.0406491756439209
0.03860807418823242
0.04155588150024414
0.03902125358581543
0.03746438026428223
0.04001617431640625
0.04000067710876465
0.04102349281311035
0.039022207260131836
0.040042877197265625
0.040009260177612305
0.0390017032623291
0.040758371353149414
0.040102481842041016
0.04067420959472656
0.04111433029174805
0.04201078414916992
0.04098367691040039
0.04156160354614258
0.04302358627319336
0.04502129554748535
0.04199790954589844
0.04200243949890137
0.04401826858520508
0.04302406311035156
0.04421210289001465
0.042539358139038086
0.04201102256774902
0.043019771575927734
0.046019792556762695
0.04300808906555176
0.04399561882019043
0.04299736022949219
0.0449986457824707
0.04555559158325195
0.04501032829284668
0.0430757999420166
0.04601025581359863
0.04600334167480469
0.04416942596435547
0.04602408409118652
0.04802227020263672
0.04500937461853027
0.047046661376953125
0.04600405693054199
0.04500842094421387
0.048996686935424805
0.04713010787963867
0.04764533042907715
0.04700422286987305
0.04801130294799805
0.04904317855834961
0.0470120906829834
0.04957699775695801
0.048596858978271484
0.04716014862060547
0.049016475677490234
0.05000162124633789
0.05186057090759277
0.0490109920501709
0.04911613464355469
0.051116943359375
