0.27999329566955566
0.013018369674682617
0.013028144836425781
0.01298975944519043
0.012989521026611328
0.012014627456665039
0.012995719909667969
0.013004064559936523
0.013008356094360352
0.013017654418945312
0.014511585235595703
0.012007713317871094
0.012996435165405273
0.012932300567626953
0.013010025024414062
0.013380289077758789
0.012988805770874023
0.013986349105834961
0.013011455535888672
0.015008211135864258
0.014001846313476562
0.013015031814575195
0.014995098114013672
0.015003442764282227
0.012991189956665039
0.013013839721679688
0.014005899429321289
0.011982917785644531
0.013991117477416992
0.01301121711730957
0.01399540901184082
0.01201939582824707
0.013021230697631836
0.012517929077148438
0.012996196746826172
0.013015270233154297
0.013004541397094727
0.013017654418945312
0.01355600357055664
0.012995004653930664
0.01299738883972168
0.014007806777954102
0.012995481491088867
0.012590885162353516
0.012982845306396484
0.012540340423583984
0.012997150421142578
0.013004779815673828
0.015011310577392578
0.012990713119506836
0.01401519775390625
0.014002084732055664
0.012920141220092773
0.014003753662109375
0.013023614883422852
0.011994600296020508
0.012996196746826172
0.013752222061157227
0.013021230697631836
0.012588024139404297
0.01399683952331543
0.012008428573608398
0.013010263442993164
0.013516426086425781
0.014202117919921875
0.01401376724243164
0.01300668716430664
0.013002634048461914
0.012675046920776367
0.012006998062133789
0.011991500854492188
0.012007474899291992
0.012002944946289062
0.014003515243530273
0.014002799987792969
0.013008832931518555
0.013059854507446289
0.012996673583984375
0.012988567352294922
0.012995243072509766
0.013007640838623047
0.014022350311279297
0.01365971565246582
0.012554407119750977
0.013021707534790039
0.013002157211303711
0.01399087905883789
0.01300191879272461
0.013011932373046875
0.013012886047363281
0.011998653411865234
0.013019084930419922
0.012991189956665039
0.013988733291625977
0.013666868209838867
0.013002395629882812
0.013022661209106445
0.013003110885620117
0.013993024826049805
0.01301717758178711
0.013996124267578125
0.013004302978515625
0.012998819351196289
0.01300954818725586
0.014204025268554688
0.011996269226074219
0.01299738883972168
0.014017343521118164
0.014011144638061523
0.014002799987792969
0.013002395629882812
0.013475656509399414
0.01300811767578125
0.014002561569213867
0.012841463088989258
0.015010356903076172
0.013556241989135742
0.012002706527709961
0.013014793395996094
0.013120889663696289
0.014011621475219727
0.012996196746826172
0.013009786605834961
0.012003183364868164
0.013002634048461914
0.014009714126586914
0.012999296188354492
0.013014078140258789
0.012016057968139648
0.012998819351196289
0.012027978897094727
0.014001607894897461
0.013997793197631836
0.013995885848999023
0.012995004653930664
0.01302194595336914
0.013014793395996094
0.012997865676879883
0.013007402420043945
0.012526988983154297
0.011997461318969727
0.013002872467041016
0.012998104095458984
0.011995553970336914
0.012556791305541992
0.012990713119506836
0.013008356094360352
0.013002872467041016
0.013047456741333008
0.013003110885620117
0.012990951538085938
0.0130157470703125
0.011986970901489258
0.012995719909667969
0.012984037399291992
0.013570785522460938
0.012996912002563477
0.013004541397094727
0.014003515243530273
0.014536142349243164
0.014016866683959961
0.012010335922241211
0.012992382049560547
0.01301717758178711
0.013997793197631836
0.013000965118408203
0.012996196746826172
0.014410018920898438
0.016861677169799805
0.013023138046264648
