4.6280601024627686
4.636534214019775
4.916893005371094
4.849619626998901
4.817144870758057
5.003714561462402
5.0823211669921875
4.781217813491821
4.842924356460571
4.858047246932983
4.887887001037598
5.0452423095703125
4.925305128097534
4.992621183395386
4.733842134475708
5.0777268409729
5.110487222671509
4.838761568069458
4.871587038040161
4.902132034301758
4.946919202804565
5.173092603683472
4.967967987060547
5.040851593017578
4.757188558578491
5.09494686126709
5.098384380340576
4.82323431968689
5.010564565658569
5.098356008529663
5.105505704879761
4.991791009902954
4.8069257736206055
5.052607536315918
5.014708518981934
5.094872236251831
4.78571891784668
5.15068793296814
4.993764877319336
5.058181047439575
4.7649455070495605
5.408159017562866
5.283561706542969
4.904784440994263
5.065933704376221
5.116482496261597
5.104975700378418
4.995934724807739
4.829174041748047
5.0655834674835205
5.042538166046143
5.059445142745972
4.788010120391846
5.150686740875244
5.0112903118133545
5.091554403305054
4.806360244750977
5.158358097076416
5.122252941131592
4.845779895782471
4.989324331283569
5.117494583129883
5.152388095855713
5.040327072143555
4.837576627731323
5.069736003875732
5.05120587348938
5.101263046264648
4.808929920196533
5.162085771560669
5.036890983581543
5.094240427017212
4.781053066253662
5.128193378448486
5.374193906784058
4.909860134124756
4.997863054275513
5.134350776672363
5.150346755981445
4.8508288860321045
4.966173410415649
5.119065999984741
5.134344577789307
5.023690223693848
5.043900966644287
5.009019136428833
4.986362457275391
5.208965063095093
5.180788516998291
4.939880847930908
4.960489749908447
4.991422891616821
4.986017942428589
5.1923298835754395
5.060623645782471
5.106293678283691
4.822557687759399
5.1830949783325195
5.180846691131592
4.93583345413208
5.068533182144165
5.1575517654418945
5.18878698348999
4.861312627792358
5.011707544326782
5.301437854766846
5.365671157836914
5.207941770553589
5.048093795776367
5.003347158432007
5.029590368270874
5.190948009490967
5.209506273269653
4.937510967254639
4.9927356243133545
5.004546165466309
5.015181303024292
5.208373308181763
5.03376030921936
5.124631643295288
4.871034622192383
5.161721706390381
5.186524868011475
4.892184495925903
5.029942274093628
5.1625518798828125
5.184223413467407
4.866177797317505
5.025084972381592
5.2533698081970215
5.163776874542236
5.045529127120972
4.97892165184021
4.992398262023926
5.00087833404541
5.177170515060425
5.2182393074035645
4.939053297042847
4.966182470321655
5.011383295059204
5.019339561462402
5.196673154830933
5.0525593757629395
5.158779621124268
4.841671705245972
5.225667476654053
5.219714879989624
4.961365222930908
4.971519470214844
5.015434741973877
5.032023191452026
5.191623210906982
5.231121778488159
4.9711973667144775
4.988887548446655
5.028968572616577
5.052553653717041
5.269179582595825
4.923052072525024
5.1635847091674805
5.029847621917725
5.044283866882324
5.192959547042847
5.0456862449646
5.020432233810425
5.250084161758423
4.962890386581421
5.177005767822266
5.02335000038147
5.0459935665130615
5.1624085903167725
5.168549537658691
5.0319437980651855
5.231542348861694
