4.996539354324341
4.987026214599609
5.054380655288696
4.652813196182251
5.015597105026245
5.146663427352905
4.746845245361328
4.7049643993377686
5.139163255691528
4.723026752471924
5.153536081314087
4.7928667068481445
4.737185955047607
5.141709566116333
4.746804475784302
4.695438623428345
5.083516359329224
4.693051815032959
5.094212770462036
4.680763244628906
5.0878005027771
4.707028388977051
5.11215877532959
4.723084211349487
5.219615459442139
4.761600732803345
4.716676473617554
5.141511678695679
4.726249933242798
4.6822991371154785
5.0296852588653564
5.127887725830078
4.7162511348724365
5.186525344848633
4.774344205856323
4.78328275680542
5.1867594718933105
4.801629543304443
4.688120603561401
5.084017038345337
4.719284772872925
5.161665916442871
4.754659414291382
4.73115348815918
5.135768890380859
4.723980188369751
4.662344217300415
5.031602144241333
5.144568204879761
4.715686798095703
5.142733812332153
4.764589548110962
4.690461874008179
5.136518239974976
4.74997878074646
4.695704936981201
5.080479860305786
4.673163652420044
5.115911483764648
4.70422887802124
5.1480491161346436
4.726911783218384
5.165183782577515
4.752737045288086
4.693894624710083
5.137571811676025
4.7092790603637695
4.661794662475586
5.0229010581970215
5.1194305419921875
4.711567401885986
5.1751015186309814
4.818922996520996
4.753119945526123
5.251880168914795
4.7982587814331055
4.680161952972412
5.0491743087768555
5.115872859954834
4.72038722038269
5.1542885303497314
4.790571212768555
4.697206497192383
5.165185451507568
4.85021185874939
4.692028522491455
5.146943092346191
4.712555408477783
5.161239147186279
4.749727010726929
4.7336647510528564
5.115434408187866
4.742445945739746
4.673711538314819
5.049936294555664
5.123598098754883
4.737486839294434
5.158425807952881
4.916228532791138
4.725336074829102
5.169326066970825
4.749774217605591
4.682850122451782
5.091139316558838
4.679736375808716
5.1003735065460205
4.710188388824463
5.129589557647705
4.727118253707886
5.1592934131622314
4.8051111698150635
4.73833966255188
5.108078241348267
4.746495485305786
4.651199817657471
5.045325994491577
5.117679119110107
4.701679468154907
5.212758302688599
4.793769598007202
4.721801280975342
5.130322694778442
4.776137828826904
4.642274618148804
5.012320280075073
5.12523627281189
4.722769021987915
5.1629638671875
4.749181270599365
4.69523549079895
5.181081533432007
4.74431300163269
4.700547456741333
5.130871057510376
4.68848180770874
5.163366317749023
4.800158977508545
4.682559490203857
5.14668607711792
4.725414514541626
4.642786264419556
5.01127815246582
5.123414516448975
4.706201076507568
5.202215909957886
4.799976348876953
4.693009614944458
5.179327964782715
4.729125022888184
4.677475452423096
5.09877347946167
4.6804869174957275
5.071844816207886
4.688068151473999
5.148357629776001
4.700293064117432
5.175123691558838
4.746074914932251
4.676906585693359
5.118175983428955
4.706562280654907
4.647222995758057
5.018104553222656
5.101590633392334
4.7146430015563965
5.143903017044067
4.848315715789795
4.712131500244141
5.177754878997803
4.850037336349487
4.684184789657593
5.032405376434326
5.130841255187988
4.697882890701294
5.158798933029175
4.757024765014648
4.786229133605957
5.197087526321411
4.775386571884155
4.712910413742065
