4.948430061340332
5.140904664993286
5.180216073989868
5.116206407546997
5.165421962738037
4.99303674697876
5.2509706020355225
5.3102052211761475
4.995235204696655
5.023046255111694
5.079968690872192
5.083807706832886
5.280080080032349
5.0845701694488525
5.095140695571899
5.266017913818359
5.346644878387451
4.988567352294922
5.030616283416748
5.093670129776001
5.161931991577148
5.275458335876465
5.092990875244141
5.108091354370117
5.264470815658569
5.324429273605347
5.0300986766815186
5.083961248397827
5.1434760093688965
5.167497634887695
5.3156280517578125
5.120834589004517
5.129823684692383
5.304172039031982
5.311291933059692
5.041471242904663
5.0678391456604
5.096632242202759
5.251355409622192
5.2488791942596436
5.089771509170532
5.097028493881226
5.2962517738342285
5.317708969116211
5.0463480949401855
5.041728973388672
5.104013681411743
5.121428966522217
5.2915873527526855
5.121434688568115
5.117663860321045
5.290998220443726
5.3257575035095215
5.017212390899658
5.085559129714966
5.082755088806152
5.132780075073242
5.299563407897949
5.099244832992554
5.104137420654297
5.275136947631836
5.334110260009766
5.0330400466918945
5.111374855041504
5.097605228424072
5.124548435211182
5.302791118621826
5.1014509201049805
5.084266424179077
5.276944160461426
5.309299468994141
5.01575779914856
5.132977485656738
5.106292009353638
5.112094163894653
5.2854084968566895
5.0901267528533936
5.135132789611816
5.316408395767212
5.304330110549927
5.022305011749268
5.08904504776001
5.206844091415405
5.195357799530029
5.353626251220703
5.1006505489349365
5.122003793716431
5.349479913711548
5.354910612106323
5.056930780410767
5.0785439014434814
5.120194911956787
5.143594741821289
5.340230226516724
5.1283111572265625
5.159098386764526
5.3135504722595215
5.354851007461548
5.054393291473389
5.085842609405518
5.140951871871948
5.149829387664795
5.3503029346466064
5.1423094272613525
5.126811504364014
5.283975839614868
5.356636047363281
5.04327917098999
5.098843574523926
5.133532285690308
5.1443963050842285
5.407954931259155
5.1205666065216064
5.126322984695435
5.296884298324585
5.3727686405181885
5.052273511886597
5.093921661376953
5.13930606842041
5.122140407562256
5.302125930786133
5.117127418518066
5.155658483505249
5.305358648300171
5.332837104797363
5.052296161651611
5.08059287071228
5.121412754058838
5.136629343032837
5.371898174285889
5.098294734954834
5.137151479721069
5.316818714141846
5.3716206550598145
5.044922113418579
5.070451259613037
5.115097999572754
5.119380950927734
5.317490100860596
5.130835771560669
5.174757242202759
5.31490421295166
5.350671052932739
5.034022569656372
5.141320705413818
5.165684223175049
5.146090507507324
5.320940732955933
5.182412624359131
5.242016315460205
4.9213762283325195
5.305718898773193
5.3355278968811035
4.952072858810425
5.133061408996582
5.305776357650757
5.325182199478149
5.178145885467529
5.141101837158203
5.316258430480957
5.195127248764038
5.265444278717041
4.937983989715576
5.366186857223511
5.19974684715271
5.253230810165405
4.945207357406616
5.4512927532196045
5.3395256996154785
4.974991083145142
