5.146385192871094
4.748944282531738
5.18720006942749
4.803802728652954
4.705360651016235
5.1340649127960205
4.732221603393555
5.1509387493133545
4.673907279968262
5.023064136505127
5.050187110900879
5.188218832015991
4.759386777877808
5.203427791595459
4.81611180305481
4.739478826522827
5.189911603927612
4.788227796554565
4.7301905155181885
5.140760660171509
4.737993478775024
5.226846218109131
4.796584367752075
5.16035270690918
4.7684760093688965
5.290922403335571
4.798637866973877
4.767809152603149
5.215552091598511
5.011494398117065
4.952279329299927
5.225160360336304
5.178645372390747
4.774010181427002
5.219092845916748
4.929955720901489
4.784382104873657
5.2367165088653564
4.815381050109863
4.733646869659424
5.11815881729126
5.221609115600586
4.766907691955566
5.247822999954224
4.822870969772339
4.7816832065582275
5.249145269393921
4.866286516189575
4.784988641738892
5.177087306976318
4.77216649055481
5.236401081085205
4.814095497131348
4.758190631866455
5.199512958526611
4.779515743255615
4.71893048286438
5.095074892044067
5.209033489227295
4.8179099559783936
5.233669757843018
4.834081172943115
4.785771131515503
5.229146718978882
4.829275369644165
4.796608209609985
5.1753692626953125
4.8840837478637695
5.180843830108643
4.759231805801392
5.194256067276001
4.803126335144043
5.251696348190308
4.81441855430603
4.7741758823394775
5.219844579696655
4.793136358261108
4.73443603515625
5.0766472816467285
5.212261438369751
4.803680419921875
5.240971088409424
4.814826250076294
4.795248508453369
5.250774145126343
4.822885990142822
4.743157625198364
5.084569931030273
5.223252773284912
4.793535947799683
5.254284381866455
4.840908050537109
4.777896881103516
5.234066724777222
4.806719779968262
4.805692672729492
5.286179542541504
4.78823709487915
5.2287397384643555
5.054393291473389
4.908035755157471
5.31694483757019
4.809806823730469
4.753180742263794
5.0874645709991455
5.183664083480835
4.767144680023193
5.253604412078857
4.840817451477051
4.819149017333984
5.255941390991211
4.814859867095947
4.751446962356567
5.302735328674316
4.742874383926392
5.197264194488525
4.752887010574341
5.194331169128418
4.783883333206177
5.239763259887695
4.821315288543701
4.7571282386779785
5.232841968536377
4.815805912017822
4.7301836013793945
5.120774269104004
5.204832315444946
4.785410165786743
5.272496223449707
4.856689214706421
4.782761096954346
5.222491025924683
4.804959774017334
4.7262961864471436
5.126295804977417
5.191535711288452
4.77824330329895
5.257884740829468
4.8198158740997314
4.770678758621216
5.252530336380005
4.820013761520386
4.791290760040283
5.202566146850586
4.830171823501587
5.269184112548828
4.821569204330444
4.939053773880005
5.2390642166137695
4.797550678253174
4.732483148574829
5.1182286739349365
5.210352420806885
4.782720327377319
5.293342351913452
4.840746164321899
4.774547338485718
5.237936973571777
4.823415756225586
4.764613389968872
5.1787269115448
4.757557392120361
5.188655138015747
4.771658897399902
5.198058366775513
4.791607856750488
5.247393608093262
4.837175607681274
4.761104106903076
5.216191530227661
4.778740406036377
4.757202386856079
5.105556011199951
5.200809001922607
4.807791471481323
5.281202793121338
4.806650161743164
