0.28817176818847656
0.015000581741333008
0.013025760650634766
0.013017654418945312
0.014996767044067383
0.015004158020019531
0.015010356903076172
0.012991905212402344
0.013003110885620117
0.016991853713989258
0.013010740280151367
0.014015436172485352
0.01399850845336914
0.012001991271972656
0.01400136947631836
0.012559652328491211
0.014153242111206055
0.012017250061035156
0.015014886856079102
0.015002727508544922
0.015004873275756836
0.01600360870361328
0.01300358772277832
0.014996528625488281
0.013010501861572266
0.014957427978515625
0.012571334838867188
0.013002157211303711
0.013019561767578125
0.01399087905883789
0.013020992279052734
0.013003110885620117
0.012995243072509766
0.01302790641784668
0.01400303840637207
0.014018058776855469
0.013003349304199219
0.014003276824951172
0.01400303840637207
0.01506352424621582
0.014007329940795898
0.012992620468139648
0.014733314514160156
0.013578414916992188
0.013991355895996094
0.01683783531188965
0.013009071350097656
0.014998197555541992
0.01301121711730957
0.011996269226074219
0.011997461318969727
0.013991117477416992
0.015987157821655273
0.013002634048461914
0.015018939971923828
0.014997482299804688
0.01200413703918457
0.011999130249023438
0.012625932693481445
0.013998031616210938
0.014011621475219727
0.012996673583984375
0.016003847122192383
0.015006303787231445
0.014544248580932617
0.015996932983398438
0.015010356903076172
0.016614198684692383
0.013003826141357422
0.013995647430419922
0.01300191879272461
0.012989521026611328
0.012569427490234375
0.012636899948120117
0.013001441955566406
0.013000726699829102
0.015022993087768555
0.015006780624389648
0.015015602111816406
0.015009164810180664
0.016600608825683594
0.013994693756103516
0.013008356094360352
0.015003681182861328
0.011994600296020508
0.01501011848449707
0.013002872467041016
0.013001441955566406
0.015002965927124023
0.016009092330932617
0.016012907028198242
0.017003297805786133
0.015003442764282227
0.01599740982055664
0.01600360870361328
0.0159914493560791
0.016991138458251953
0.017997026443481445
0.01703643798828125
0.014247417449951172
0.015008926391601562
0.014010906219482422
0.013015031814575195
0.016018390655517578
0.015003442764282227
0.014553308486938477
0.016054391860961914
0.013018608093261719
0.012990713119506836
0.01600337028503418
0.015003681182861328
0.012629985809326172
0.011990547180175781
0.014555692672729492
0.01400446891784668
0.013002157211303711
0.015012979507446289
0.012020349502563477
0.01255178451538086
0.015015363693237305
0.015016555786132812
0.015008687973022461
0.015017986297607422
0.01600360870361328
0.014004707336425781
0.013003826141357422
0.01400303840637207
0.015994548797607422
0.013129949569702148
0.014791250228881836
0.012056350708007812
0.012140989303588867
0.013001680374145508
0.01498866081237793
0.013010501861572266
0.014995098114013672
0.013658523559570312
0.012002944946289062
0.012989044189453125
0.013007164001464844
0.013002395629882812
0.01298379898071289
0.012998104095458984
0.013010740280151367
0.012995481491088867
0.012982606887817383
0.01255178451538086
0.01200103759765625
0.012004375457763672
0.013022422790527344
0.013016462326049805
0.011995792388916016
0.013984203338623047
0.014542102813720703
0.01400899887084961
0.012996673583984375
0.012009859085083008
0.013003349304199219
0.016009807586669922
0.012997150421142578
0.014519691467285156
0.011975765228271484
0.013525962829589844
0.013004064559936523
0.012995481491088867
0.015009403228759766
0.01298975944519043
0.012987613677978516
0.012022256851196289
0.015004158020019531
0.013571977615356445
0.011993408203125
0.013002634048461914
0.012995243072509766
