0.28379058837890625
0.015015363693237305
0.013010263442993164
0.012997865676879883
0.016010284423828125
0.016008853912353516
0.012997865676879883
0.012987852096557617
0.015996456146240234
0.012021780014038086
0.01300358772277832
0.01227712631225586
0.012018918991088867
0.015017986297607422
0.01500391960144043
0.014988422393798828
0.012011289596557617
0.013007402420043945
0.012022733688354492
0.014996051788330078
0.015006780624389648
0.01500844955444336
0.015014171600341797
0.012642860412597656
0.01599717140197754
0.014998674392700195
0.014009714126586914
0.01500558853149414
0.014536619186401367
0.01600480079650879
0.013010025024414062
0.011696815490722656
0.013000965118408203
0.012585163116455078
0.014017820358276367
0.014990568161010742
0.01699686050415039
0.01499629020690918
0.014078140258789062
0.015011310577392578
0.012995004653930664
0.012994527816772461
0.01600337028503418
0.01601243019104004
0.012990951538085938
0.01200246810913086
0.012003421783447266
0.01598358154296875
0.013003349304199219
0.014016866683959961
0.01600337028503418
0.01600480079650879
0.015010356903076172
0.015999555587768555
0.018999576568603516
0.013002157211303711
0.013004302978515625
0.013549089431762695
0.013007879257202148
0.016991615295410156
0.012026548385620117
0.012992620468139648
0.013002872467041016
0.016021251678466797
0.012998580932617188
0.014011383056640625
0.014008522033691406
0.0159912109375
0.012996673583984375
0.013002872467041016
0.015989303588867188
0.014021635055541992
0.013002872467041016
0.01500248908996582
0.012986183166503906
0.01203155517578125
0.012996435165405273
0.012014389038085938
0.013258934020996094
0.016003847122192383
0.016009807586669922
0.015028715133666992
0.016997814178466797
0.01700425148010254
0.014003276824951172
0.015059232711791992
0.013004064559936523
0.016004562377929688
0.018011093139648438
0.015910863876342773
0.015006542205810547
0.016004085540771484
0.013009786605834961
0.013015985488891602
0.013571977615356445
0.013935327529907227
0.015003204345703125
0.013107061386108398
0.012996912002563477
0.013002395629882812
0.015999317169189453
0.015019416809082031
0.013997793197631836
0.015996932983398438
0.013002157211303711
0.014011383056640625
0.012582063674926758
0.011989116668701172
0.015001058578491211
0.015017271041870117
0.014000415802001953
0.012982606887817383
0.012994527816772461
0.013022184371948242
0.013002634048461914
0.012996912002563477
0.013008356094360352
0.014004230499267578
0.016010046005249023
0.013995170593261719
0.017005443572998047
0.013007402420043945
0.012020587921142578
0.012991189956665039
0.01500844955444336
0.012990951538085938
0.012990713119506836
0.012842655181884766
0.013004779815673828
0.01300501823425293
0.012006521224975586
0.013010740280151367
0.01201629638671875
0.017003774642944336
0.01600360870361328
0.012549161911010742
0.012002229690551758
0.013010978698730469
0.012990474700927734
0.013005256652832031
0.015002965927124023
0.015120267868041992
0.01299595832824707
0.016017675399780273
0.015006780624389648
0.01201486587524414
0.012801885604858398
0.012008905410766602
0.015002965927124023
0.013535261154174805
0.015008687973022461
0.014554023742675781
0.01298832893371582
0.01600360870361328
0.013022661209106445
0.012001991271972656
0.015592813491821289
0.016011953353881836
0.012002706527709961
0.01199483871459961
0.012002944946289062
0.013044118881225586
0.021989822387695312
0.01563119888305664
0.013998270034790039
0.016012191772460938
0.01585865020751953
0.01202845573425293
0.011999130249023438
0.014006853103637695
0.014049530029296875
0.011725425720214844
0.016003847122192383
0.014998435974121094
0.013016700744628906
0.01599717140197754
0.016199588775634766
0.015004158020019531
0.012989997863769531
0.013008832931518555
