0.2677276134490967
0.013033151626586914
0.013004064559936523
0.012530088424682617
0.012658119201660156
0.011746883392333984
0.013240337371826172
0.012010812759399414
0.014002561569213867
0.013009786605834961
0.011997461318969727
0.013004064559936523
0.01432490348815918
0.012587785720825195
0.012010812759399414
0.014269590377807617
0.01311945915222168
0.013002157211303711
0.013993978500366211
0.014033317565917969
0.012983560562133789
0.014003753662109375
0.014003992080688477
0.01399540901184082
0.012601613998413086
0.014239311218261719
0.012988567352294922
0.014011144638061523
0.014564037322998047
0.013007164001464844
0.012995481491088867
0.012998580932617188
0.013010025024414062
0.013010978698730469
0.013991594314575195
0.01399540901184082
0.014005422592163086
0.012995719909667969
0.013002634048461914
0.013009786605834961
0.013995647430419922
0.014576435089111328
0.013010501861572266
0.0140228271484375
0.01255178451538086
0.012996912002563477
0.01400446891784668
0.012022018432617188
0.011988401412963867
0.013011455535888672
0.014984369277954102
0.012998580932617188
0.012989044189453125
0.013007164001464844
0.013220071792602539
0.013017892837524414
0.015002727508544922
0.013995647430419922
0.01401662826538086
0.01399374008178711
0.015019416809082031
0.013621091842651367
0.01401066780090332
0.014009714126586914
0.012993335723876953
0.013726234436035156
0.012995481491088867
0.013426542282104492
0.013372421264648438
0.013002872467041016
0.01254129409790039
0.012113332748413086
0.013001441955566406
0.012995004653930664
0.01400136947631836
0.013004779815673828
0.013002395629882812
0.01201772689819336
0.012010335922241211
0.013004541397094727
0.01257467269897461
0.012996196746826172
0.012533903121948242
0.013015031814575195
0.012997865676879883
0.013026237487792969
0.012984752655029297
0.013015270233154297
0.012995719909667969
0.012014150619506836
0.013067007064819336
0.013015985488891602
0.013000726699829102
0.012598991394042969
0.013002872467041016
0.013008594512939453
0.01500391960144043
0.013535499572753906
0.01400446891784668
0.013003349304199219
0.013996124267578125
0.014002799987792969
0.013016939163208008
0.015008211135864258
0.013002872467041016
0.012996196746826172
0.013010025024414062
0.012943029403686523
0.012538433074951172
0.012995243072509766
0.012999773025512695
0.013000011444091797
0.012022256851196289
0.013012886047363281
0.013257265090942383
0.012034416198730469
0.013003349304199219
0.013021469116210938
0.012015104293823242
0.012021303176879883
0.012560367584228516
0.013046026229858398
0.013003826141357422
0.013528585433959961
0.013000965118408203
0.012999534606933594
0.013003826141357422
0.012022018432617188
0.013952016830444336
0.012997627258300781
0.013017892837524414
0.013004302978515625
0.01299595832824707
0.012995243072509766
0.012630224227905273
0.015010595321655273
0.012995004653930664
0.012989521026611328
0.013014793395996094
0.013989686965942383
0.013060569763183594
0.01300811767578125
0.01300811767578125
0.01301717758178711
0.01299595832824707
0.014531135559082031
0.012990951538085938
0.013010263442993164
0.012990713119506836
0.012022018432617188
0.013019561767578125
0.012998342514038086
0.012989521026611328
0.011992931365966797
0.013018369674682617
0.01299428939819336
0.012549161911010742
0.013010740280151367
0.013001680374145508
0.013002634048461914
0.012529850006103516
0.012022972106933594
0.014010190963745117
0.013005733489990234
0.012997150421142578
0.01300358772277832
0.01301717758178711
0.011997461318969727
0.013002157211303711
0.013185739517211914
0.013022661209106445
0.012987613677978516
0.012002944946289062
0.013219118118286133
0.014005422592163086
0.013620853424072266
0.011997699737548828
