1.7721083164215088
1.7501804828643799
1.6290533542633057
1.608015775680542
1.7776587009429932
1.6223669052124023
1.758636474609375
1.8144731521606445
1.5806663036346436
1.7747070789337158
1.598942756652832
1.7617807388305664
1.576690673828125
1.7283799648284912
1.7551026344299316
1.5866062641143799
1.7296216487884521
1.7634449005126953
1.5775785446166992
1.7576491832733154
1.5727388858795166
1.754286766052246
1.6081089973449707
1.724994421005249
1.7473106384277344
1.5821349620819092
1.7530300617218018
1.5723927021026611
1.7268316745758057
1.7493040561676025
1.5796153545379639
1.7634527683258057
1.5982725620269775
1.7431962490081787
1.5748920440673828
1.7177760601043701
1.7488622665405273
1.5744900703430176
1.7277698516845703
1.7761094570159912
1.613534927368164
1.563859462738037
1.7248334884643555
1.7829344272613525
1.598618984222412
1.573625087738037
1.738757610321045
1.7905051708221436
1.608752727508545
1.5656516551971436
1.7312397956848145
1.836360216140747
1.7064216136932373
1.800752878189087
1.8389670848846436
1.6759305000305176
1.6294162273406982
1.9784727096557617
1.673492193222046
1.6666231155395508
1.8119254112243652
1.6548492908477783
1.5961425304412842
1.890976905822754
1.7954051494598389
1.6956124305725098
1.8289554119110107
1.6306161880493164
1.6158576011657715
1.8139400482177734
1.6637988090515137
1.684765338897705
1.8297679424285889
1.6193342208862305
1.5877304077148438
1.7903485298156738
1.6178312301635742
1.6088950634002686
1.7782056331634521
1.6606440544128418
1.5894989967346191
1.79665207862854
1.6228151321411133
1.6246910095214844
1.5767791271209717
1.7294983863830566
1.7662951946258545
1.6387739181518555
1.57029390335083
1.7444653511047363
1.826422929763794
1.5946240425109863
1.5709953308105469
1.8193080425262451
1.7760097980499268
1.6020143032073975
1.5740022659301758
1.7314817905426025
1.783095359802246
1.6123359203338623
1.5770246982574463
1.8153445720672607
