1.8472745418548584
1.6031956672668457
1.5793192386627197
1.7462728023529053
1.7855935096740723
1.6139931678771973
1.593963384628296
1.7514095306396484
1.7932798862457275
1.6298511028289795
1.5993726253509521
1.7960906028747559
1.6219947338104248
1.6135482788085938
1.8065109252929688
1.6240520477294922
1.6460199356079102
1.8012754917144775
1.6373143196105957
1.614109992980957
1.8223679065704346
1.6780481338500977
1.6569654941558838
1.8213682174682617
1.6354036331176758
1.6054682731628418
1.8159267902374268
1.6463525295257568
1.6022729873657227
1.8133864402770996
1.6312901973724365
1.6118521690368652
1.8659567832946777
1.634599208831787
1.612250566482544
1.8570055961608887
1.6436185836791992
1.6382436752319336
1.8212108612060547
1.6452808380126953
1.6477930545806885
1.8265511989593506
1.6398234367370605
1.621521234512329
1.5877916812896729
1.7389678955078125
1.7990829944610596
1.6085896492004395
1.78299880027771
1.6007568836212158
1.7726678848266602
1.589672565460205
1.7443959712982178
1.7766265869140625
1.6001245975494385
1.7546741962432861
1.8541960716247559
1.6368680000305176
1.6039402484893799
1.757441520690918
1.8118767738342285
1.6697237491607666
1.6414356231689453
1.83778715133667
2.0010268688201904
1.7774627208709717
1.6337878704071045
1.8078327178955078
1.8314919471740723
1.7054312229156494
1.828528642654419
2.034503936767578
1.6641414165496826
1.6209170818328857
1.8375909328460693
1.673949956893921
1.8404417037963867
1.8807027339935303
1.6926844120025635
1.633552074432373
1.8369414806365967
1.6434226036071777
1.6189134120941162
1.8255620002746582
1.6480379104614258
1.6646497249603271
1.8775010108947754
1.6663458347320557
1.6814801692962646
1.8243966102600098
1.6414480209350586
1.623279094696045
1.8321692943572998
1.6982488632202148
1.665985345840454
1.8283441066741943
1.6446101665496826
1.6459629535675049
1.8381340503692627
1.6432054042816162
1.632568359375
1.685497760772705
