0.001056671142578125
0.0009946823120117188
0.0
0.0010004043579101562
0.0010004043579101562
0.0009999275207519531
0.0010018348693847656
0.0010027885437011719
0.000993967056274414
0.0010075569152832031
0.0009870529174804688
0.0010006427764892578
0.0020017623901367188
0.0010020732879638672
0.001005411148071289
0.001012563705444336
0.0009999275207519531
0.0010075569152832031
0.0009999275207519531
0.0010004043579101562
0.0010018348693847656
0.0019996166229248047
0.0009970664978027344
0.001001119613647461
0.0019998550415039062
0.0010268688201904297
0.0010001659393310547
0.0010089874267578125
0.0015761852264404297
0.002000570297241211
0.0019996166229248047
0.001992464065551758
0.001007080078125
0.0030019283294677734
0.001001596450805664
0.0029954910278320312
0.0019860267639160156
0.0019989013671875
0.0019996166229248047
0.001992940902709961
0.0009996891021728516
0.002000093460083008
0.0019989013671875
0.002000093460083008
0.002000093460083008
0.003004789352416992
0.001988649368286133
0.002007007598876953
0.0019943714141845703
0.0019991397857666016
0.001999378204345703
0.0020017623901367188
0.003001689910888672
0.002192974090576172
0.002995729446411133
0.002557516098022461
0.0020020008087158203
0.002001523971557617
0.001993894577026367
0.003000974655151367
0.002988576889038086
0.0020008087158203125
0.002004861831665039
0.004001140594482422
0.0029993057250976562
0.003000497817993164
0.00200653076171875
0.0029985904693603516
0.003013134002685547
0.0039937496185302734
0.003097057342529297
0.002999544143676758
0.0030074119567871094
0.002993345260620117
0.004001140594482422
0.0030066967010498047
0.003000497817993164
0.0030066967010498047
0.0029866695404052734
0.004006385803222656
0.0039942264556884766
0.0039997100830078125
0.003007173538208008
0.002999544143676758
0.0035355091094970703
0.003998994827270508
0.0029871463775634766
0.004540920257568359
0.003996133804321289
0.004004955291748047
0.004014015197753906
0.005000591278076172
0.003999471664428711
0.003997802734375
0.0044977664947509766
0.005002498626708984
0.004000186920166016
0.0040073394775390625
0.00499415397644043
0.0049915313720703125
0.005739927291870117
0.0059947967529296875
