0.0010013580322265625
0.0010023117065429688
0.0010020732879638672
0.0
0.0
0.0010001659393310547
0.0
0.0010006427764892578
0.0
0.001001596450805664
0.0009930133819580078
0.0010004043579101562
0.0010075569152832031
0.0009999275207519531
0.0009982585906982422
0.0010068416595458984
0.001007080078125
0.0010068416595458984
0.0010075569152832031
0.0010006427764892578
0.0009999275207519531
0.0009999275207519531
0.0010080337524414062
0.0010056495666503906
0.002000570297241211
0.0010008811950683594
0.002001047134399414
0.0020132064819335938
0.0010008811950683594
0.0019867420196533203
0.0019919872283935547
0.0009999275207519531
0.0020055770874023438
0.0019867420196533203
0.0010080337524414062
0.0020003318786621094
0.001007080078125
0.0020096302032470703
0.0019998550415039062
0.001993417739868164
0.0020074844360351562
0.002001523971557617
0.0020055770874023438
0.0020058155059814453
0.0020284652709960938
0.002007722854614258
0.002060413360595703
0.0020012855529785156
0.0019979476928710938
0.001934051513671875
0.0019936561584472656
0.002012968063354492
0.0020024776458740234
0.0019941329956054688
0.0030050277709960938
0.0020008087158203125
0.0029997825622558594
0.0019979476928710938
0.0030088424682617188
0.0020012855529785156
0.003000020980834961
0.0029976367950439453
0.0030014514923095703
0.002998828887939453
0.002000093460083008
0.0029997825622558594
0.003000497817993164
0.002986431121826172
0.00299835205078125
0.003000497817993164
0.0029990673065185547
0.0029997825622558594
0.0029997825622558594
0.0030069351196289062
0.0039937496185302734
0.0030014514923095703
0.0030012130737304688
0.0040132999420166016
0.0039997100830078125
0.004001140594482422
0.003994464874267578
0.003999233245849609
0.0030019283294677734
0.0039997100830078125
0.004014253616333008
0.004012584686279297
0.0050046443939208984
0.003993034362792969
0.004001140594482422
0.005014896392822266
0.004015445709228516
0.004013776779174805
0.005001068115234375
0.005000114440917969
0.004987478256225586
0.0049893856048583984
0.005290508270263672
0.005000591278076172
0.006001710891723633
0.006001472473144531
0.008001565933227539
0.007000923156738281
