1.6777029037475586
1.7121753692626953
1.5479052066802979
1.52396821975708
1.7356486320495605
1.5485410690307617
1.7166264057159424
1.7394566535949707
1.538649082183838
1.7331569194793701
1.55592679977417
1.7197704315185547
1.5346794128417969
1.6853728294372559
1.7122039794921875
1.544355869293213
1.6866912841796875
1.7214395999908447
1.5345616340637207
1.7160799503326416
1.5297150611877441
1.7092299461364746
1.5650925636291504
1.6829771995544434
1.705301284790039
1.5365426540374756
1.7110214233398438
1.5288410186767578
1.6792325973510742
1.705293893814087
1.5360496044158936
1.7203874588012695
1.5536401271820068
1.6995751857757568
1.53232741355896
1.6737728118896484
1.7073025703430176
1.531480312347412
1.683760643005371
1.7341067790985107
1.5679552555084229
1.5218496322631836
1.6828255653381348
1.740943431854248
1.5560710430145264
1.5280208587646484
1.6897530555725098
1.747483253479004
1.564749002456665
1.522071123123169
1.6892249584197998
1.7433576583862305
1.6614089012145996
1.712540626525879
1.7949481010437012
1.6323573589324951
1.5854060649871826
1.935462474822998
1.5905041694641113
1.621619701385498
1.7669203281402588
1.6042463779449463
1.5531210899353027
1.8339638710021973
1.6982946395874023
1.6500160694122314
1.7839453220367432
1.5856103897094727
1.5698325634002686
1.7703897953033447
1.6204986572265625
1.5987341403961182
1.7847583293914795
1.5757670402526855
1.543588399887085
1.7463316917419434
1.5732653141021729
1.5653598308563232
1.7352101802825928
1.5685715675354004
1.5442020893096924
1.7510309219360352
1.5787303447723389
1.580674409866333
1.533233404159546
1.6854889392852783
1.721304178237915
1.5516188144683838
1.52427077293396
1.6994521617889404
1.7293872833251953
1.5490729808807373
1.5259788036346436
1.7282872200012207
1.7295536994934082
1.5564393997192383
1.5249922275543213
1.6863443851470947
1.7380986213684082
1.5673258304595947
1.5302879810333252
1.7077186107635498
