0.06858348846435547
0.0059947967529296875
0.04809761047363281
0.0504298210144043
0.007002830505371094
0.03875279426574707
0.006001949310302734
0.04000973701477051
0.0060007572174072266
0.006000995635986328
0.007001638412475586
0.00700068473815918
0.006001949310302734
0.006992340087890625
0.005995512008666992
0.006375551223754883
0.0059964656829833984
0.006995677947998047
0.006003618240356445
0.006289243698120117
0.006000995635986328
0.006015777587890625
0.005995035171508789
0.006003379821777344
0.006000995635986328
0.006006956100463867
0.006000518798828125
0.006997823715209961
0.008001089096069336
0.00600123405456543
0.007055044174194336
0.0060007572174072266
0.007009267807006836
0.006000995635986328
0.006037235260009766
0.00600123405456543
0.005565166473388672
0.0060024261474609375
0.007000923156738281
0.006000995635986328
0.00700068473815918
0.005990266799926758
0.005994081497192383
0.0059909820556640625
0.006006956100463867
0.007007598876953125
0.008005619049072266
0.005995273590087891
0.006002902984619141
0.006572723388671875
0.005013704299926758
0.055993080139160156
0.007004261016845703
0.05099987983703613
0.006000518798828125
0.0069425106048583984
0.006001472473144531
0.006000995635986328
0.04557323455810547
0.00600123405456543
0.00800776481628418
0.006594657897949219
0.006562232971191406
0.0060024261474609375
0.05810809135437012
0.006013631820678711
0.005988597869873047
0.00700068473815918
0.006015777587890625
0.006001472473144531
0.004996776580810547
0.04801058769226074
0.005995035171508789
0.005571842193603516
0.005988121032714844
0.0060079097747802734
0.005999326705932617
0.005522251129150391
0.005002260208129883
0.0520634651184082
0.006403923034667969
0.00800180435180664
0.006008148193359375
0.006001472473144531
0.006003141403198242
0.006004810333251953
0.005994081497192383
0.04801130294799805
0.006001472473144531
0.006000995635986328
0.05701279640197754
0.006001710891723633
0.0060079097747802734
0.05101323127746582
0.006012916564941406
0.006001710891723633
0.0069887638092041016
0.005625486373901367
0.005002737045288086
0.006001472473144531
0.0059888362884521484
0.06762337684631348
