1.746704339981079
1.5601792335510254
1.5353076457977295
1.7032742500305176
1.7434747219085693
1.5723223686218262
1.5517921447753906
1.7074110507965088
1.750255823135376
1.5876879692077637
1.5553765296936035
1.7530755996704102
1.5784189701080322
1.5694797039031982
1.7645015716552734
1.581897258758545
1.5610072612762451
1.7576987743377686
1.5912859439849854
1.5653059482574463
1.7793524265289307
1.592184066772461
1.5729494094848633
1.7763402462005615
1.5918097496032715
1.561457872390747
1.770826816558838
1.6023414134979248
1.558659315109253
1.7703089714050293
1.5872867107391357
1.5658538341522217
1.7787976264953613
1.5904428958892822
1.5682427883148193
1.7729222774505615
1.5966131687164307
1.560962438583374
1.7762155532836914
1.6002774238586426
1.5697686672210693
1.781418800354004
1.5948200225830078
1.576503038406372
1.543712854385376
1.693251132965088
1.7522046566009521
1.5635786056518555
1.7390079498291016
1.5557537078857422
1.7276618480682373
1.5452566146850586
1.699446439743042
1.7316224575042725
1.5541183948516846
1.7066566944122314
1.7588462829589844
1.5908598899841309
1.5589287281036377
1.7104377746582031
1.7658703327178955
1.6211488246917725
1.5904242992401123
1.7903056144714355
1.9350106716156006
1.730452060699463
1.5872366428375244
1.7628350257873535
1.7862207889556885
1.6564197540283203
1.7815179824829102
1.9858834743499756
1.6181252002716064
1.5749003887176514
1.7855923175811768
1.627939224243164
1.7934303283691406
1.8346209526062012
1.603652000427246
1.5855143070220947
1.7859361171722412
1.5964255332946777
1.570904016494751
1.7775518894195557
1.5994040966033936
1.574540376663208
1.8294999599456787
1.6193432807922363
1.5848803520202637
1.7753851413726807
1.5934300422668457
1.5752692222595215
1.784144401550293
1.6002273559570312
1.5748262405395508
1.7793047428131104
1.5952186584472656
1.5979523658752441
1.7891225814819336
1.5941951274871826
1.5815510749816895
1.5724661350250244
