0.07001733779907227
0.0060024261474609375
0.0060062408447265625
0.006001472473144531
0.006003141403198242
0.00600743293762207
0.006006717681884766
0.0050008296966552734
0.00705409049987793
0.006012916564941406
0.006001472473144531
0.007006406784057617
0.006571531295776367
0.005997657775878906
0.005995988845825195
0.006001710891723633
0.0480036735534668
0.0059812068939208984
0.007993221282958984
0.005996227264404297
0.006012678146362305
0.048323631286621094
0.04601120948791504
0.005999565124511719
0.00658726692199707
0.005990266799926758
0.007002115249633789
0.006002664566040039
0.005999088287353516
0.0060079097747802734
0.005002021789550781
0.006987571716308594
0.04808473587036133
0.006117105484008789
0.006001949310302734
0.04601168632507324
0.006001710891723633
0.039003610610961914
0.0059967041015625
0.005995750427246094
0.039023399353027344
0.006007671356201172
0.007001161575317383
0.006001472473144531
0.005573272705078125
0.007035017013549805
0.006989717483520508
0.006008148193359375
0.005982160568237305
0.006017923355102539
0.006003618240356445
0.006000995635986328
0.0060613155364990234
0.005995750427246094
0.0060079097747802734
0.0060083866119384766
0.054799556732177734
0.005998373031616211
0.006013631820678711
0.007001399993896484
0.006573677062988281
0.005567789077758789
0.006002902984619141
0.006003141403198242
0.012004613876342773
0.006003379821777344
0.005018472671508789
0.006001472473144531
0.005980730056762695
0.0070018768310546875
0.007003307342529297
0.006006717681884766
0.00599360466003418
0.0060079097747802734
0.005996227264404297
0.0050067901611328125
0.006001949310302734
0.006003856658935547
0.04901123046875
0.006001472473144531
0.010996341705322266
0.005002260208129883
0.007014274597167969
0.008001565933227539
0.0069997310638427734
0.049017906188964844
0.006007194519042969
0.00600886344909668
0.05501675605773926
0.005997180938720703
0.0060083866119384766
0.006007194519042969
0.006003618240356445
0.055997610092163086
0.04801821708679199
0.006025552749633789
0.006001710891723633
0.006006479263305664
0.006001710891723633
0.00599217414855957
0.006007671356201172
0.06802177429199219
