13.281494140625
9.180417776107788
13.337674379348755
12.11339259147644
13.065773725509644
10.920303344726562
9.736090898513794
9.458932876586914
9.99995756149292
11.663170099258423
9.400363206863403
11.127431869506836
10.461593627929688
10.61522650718689
11.427122116088867
10.251681089401245
10.300688743591309
11.654065608978271
12.027846574783325
11.673026323318481
12.082062482833862
11.434921264648438
11.400139331817627
11.170098304748535
10.424629926681519
11.015154123306274
11.741106033325195
8.970036268234253
12.292944431304932
11.950544834136963
11.293224811553955
11.56830644607544
10.747111082077026
10.571711540222168
11.504175662994385
11.834381580352783
12.625926733016968
10.38852071762085
9.283182382583618
12.258177042007446
13.161059141159058
11.373448610305786
13.546868085861206
11.791479349136353
11.010831594467163
11.182802200317383
13.707947969436646
13.430389881134033
9.894129514694214
11.122081279754639
15.345712661743164
7.879655122756958
14.50886869430542
12.108381509780884
13.026233196258545
11.62972617149353
11.625362634658813
13.646306276321411
15.343596458435059
13.258722066879272
12.890540599822998
12.185440301895142
12.300568580627441
9.08307147026062
8.54966950416565
8.96470046043396
9.397079706192017
9.334996938705444
9.36167860031128
9.379660606384277
8.30669093132019
9.669282674789429
8.136683702468872
9.752155542373657
8.244171380996704
9.234966278076172
9.992462873458862
8.497016668319702
8.540324926376343
9.676627397537231
9.774425268173218
7.433665990829468
