11.862823486328125
12.32201099395752
9.885971069335938
12.062487363815308
12.639376640319824
11.10488486289978
12.040422916412354
11.001311540603638
12.36849045753479
13.771267890930176
11.25093960762024
11.700035810470581
13.545123815536499
12.711227655410767
12.575790405273438
15.887282848358154
10.771129131317139
16.138970613479614
11.00006890296936
16.341205835342407
10.859602689743042
15.542760372161865
11.727113723754883
12.037436485290527
16.45910143852234
11.988844394683838
15.686415195465088
12.8764967918396
10.861374378204346
15.789163589477539
13.399384498596191
12.662131547927856
12.856012344360352
12.099074840545654
16.05484437942505
10.17918062210083
15.758798360824585
10.592613935470581
9.953513145446777
10.311206817626953
10.154515743255615
9.831764459609985
10.412545919418335
9.288386821746826
10.07019591331482
10.440763473510742
9.203203439712524
9.827868938446045
10.380816221237183
10.524596214294434
9.910216808319092
9.413836240768433
10.271719932556152
8.74240493774414
9.901862382888794
9.912384033203125
9.400267601013184
10.97271203994751
11.96564793586731
11.982786417007446
7.603947877883911
7.825989723205566
7.111999750137329
6.878613471984863
6.614151477813721
6.983759164810181
7.060036659240723
7.17142915725708
6.982253789901733
7.722301721572876
7.9031360149383545
7.73129940032959
7.533743381500244
7.418898105621338
7.698161602020264
8.261969566345215
8.407400369644165
8.050889015197754
8.577007532119751
7.9586098194122314
8.54736065864563
8.743354797363281
7.9186272621154785
8.944742918014526
8.57063341140747
