8.12593150138855
7.551436901092529
7.989223003387451
8.39983057975769
8.572964906692505
8.182387590408325
6.919574737548828
9.391585350036621
8.317033767700195
8.310356140136719
8.787944316864014
10.239516496658325
9.828105211257935
9.741921663284302
10.490013122558594
10.520389318466187
10.39194655418396
11.218772649765015
10.97042727470398
9.598394632339478
9.368865489959717
11.42760705947876
11.285948991775513
9.758352994918823
10.233439445495605
11.974581241607666
12.03225302696228
7.83154034614563
11.460654973983765
12.70482587814331
8.737703561782837
13.076656103134155
11.18872857093811
11.66103744506836
9.879900217056274
12.270086765289307
9.335783243179321
13.822350263595581
9.220762729644775
10.56378173828125
10.618273496627808
12.535035133361816
9.170366048812866
9.690771579742432
11.68468952178955
11.059932708740234
9.986465454101562
8.891979694366455
12.313703536987305
8.386223077774048
9.963687658309937
11.470221996307373
11.531604051589966
11.865225791931152
10.159801959991455
9.768802642822266
10.928754329681396
12.609249591827393
8.891141176223755
10.697030782699585
13.091703176498413
9.204848289489746
8.600416421890259
11.654971599578857
10.777210474014282
10.011109352111816
10.73980975151062
11.272074937820435
9.882117509841919
10.423202514648438
9.59463095664978
9.199084043502808
9.581127643585205
7.826817035675049
10.125855684280396
9.775912761688232
10.157851696014404
10.429638862609863
9.823467016220093
9.739059209823608
10.950540781021118
10.857082605361938
10.05730676651001
10.505025148391724
11.858356475830078
11.017950296401978
10.16090178489685
11.108522653579712
