9.0206937789917
9.492624282836914
8.519673824310303
8.474943161010742
10.235792398452759
7.799119234085083
9.19376277923584
10.132158994674683
9.438547372817993
8.063657283782959
9.348012208938599
9.309912919998169
10.140844345092773
10.930458307266235
10.409674406051636
9.77264952659607
9.493257522583008
10.75268292427063
8.314618349075317
9.714329481124878
11.016149520874023
12.257059812545776
9.150824546813965
10.875502109527588
12.16037631034851
11.899694919586182
10.061021089553833
10.783655881881714
11.720266342163086
9.427689552307129
14.826945304870605
8.332184791564941
14.292081356048584
10.91296648979187
6.945882320404053
7.637216091156006
6.919975996017456
7.483280420303345
8.45293140411377
8.450173377990723
8.182768106460571
8.737900018692017
8.629648447036743
7.845423460006714
8.974665641784668
8.564403772354126
8.949567079544067
8.570904016494751
9.202149868011475
8.323968172073364
7.5857555866241455
7.914819955825806
7.853670358657837
8.606552124023438
7.876482248306274
7.877538442611694
8.924273490905762
8.443457841873169
8.312158107757568
8.658568859100342
8.458551168441772
8.836338758468628
9.340068578720093
9.430155992507935
7.7260236740112305
10.288650274276733
8.959495782852173
8.804799556732178
10.00576138496399
7.397939443588257
9.956796169281006
9.0389084815979
9.985865592956543
9.464090585708618
9.436885833740234
10.140414714813232
8.827288389205933
9.062123775482178
8.632224798202515
9.474807977676392
10.086902141571045
9.377849340438843
9.093945503234863
10.988718509674072
9.730466365814209
9.425127029418945
9.821434497833252
10.707033634185791
9.69603443145752
9.410116910934448
9.742793798446655
9.935702085494995
12.840086460113525
9.951134204864502
10.636768341064453
12.334282398223877
