0.0
0.0010023117065429688
0.0
0.00099945068359375
0.002007007598876953
0.0
0.0010001659393310547
0.0019965171813964844
0.001995086669921875
0.0009984970092773438
0.0
0.0009913444519042969
0.0009999275207519531
0.0010042190551757812
0.002001047134399414
0.001005411148071289
0.0010051727294921875
0.0020003318786621094
0.004004716873168945
0.001997709274291992
0.002006053924560547
0.0011627674102783203
0.0020339488983154297
0.0020020008087158203
0.0020003318786621094
0.0040018558502197266
0.004006147384643555
0.004998207092285156
0.00401759147644043
0.004001140594482422
0.004998922348022461
0.0059964656829833984
0.00625920295715332
0.003004789352416992
0.004989147186279297
0.00501704216003418
0.005000114440917969
0.007992744445800781
0.013005256652832031
0.0050013065338134766
0.004997968673706055
0.004997730255126953
0.006000518798828125
0.008009672164916992
0.022899150848388672
0.01700448989868164
0.004380702972412109
0.014005899429321289
0.008024215698242188
0.005005598068237305
0.0060007572174072266
0.010273218154907227
0.00999760627746582
0.008002758026123047
0.008003711700439453
0.027733564376831055
0.015005350112915039
0.007372140884399414
0.019005775451660156
0.026007890701293945
0.026005029678344727
0.0070002079010009766
0.012002944946289062
0.008002996444702148
0.018006563186645508
0.0110015869140625
0.008002281188964844
0.012002229690551758
0.0436251163482666
0.012370824813842773
0.05261516571044922
0.04217171669006348
0.008987903594970703
0.029082536697387695
0.009993314743041992
0.013003349304199219
0.01270437240600586
0.011550664901733398
0.014002323150634766
0.023349285125732422
0.06401300430297852
0.061998844146728516
