0.0
0.001997232437133789
0.0
0.002002716064453125
0.0
0.0009984970092773438
0.0
0.0009961128234863281
0.0
0.0009992122650146484
0.0019989013671875
0.002001523971557617
0.001971006393432617
0.0009984970092773438
0.0009982585906982422
0.002002716064453125
0.0010001659393310547
0.0010116100311279297
0.003000974655151367
0.002002716064453125
0.00099945068359375
0.0009834766387939453
0.002000570297241211
0.0010075569152832031
0.0010006427764892578
0.005007266998291016
0.008007287979125977
0.005004167556762695
0.006003141403198242
0.006003141403198242
0.006004810333251953
0.006000518798828125
0.007002115249633789
0.007002353668212891
0.013015270233154297
0.007003068923950195
0.00800180435180664
0.008002758026123047
0.006003856658935547
0.008007287979125977
0.01200246810913086
0.007001638412475586
0.010017871856689453
0.003999471664428711
0.006997585296630859
0.009002685546875
0.007000923156738281
0.012002706527709961
0.005002737045288086
0.007001399993896484
0.005999326705932617
0.010997533798217773
0.016150712966918945
0.006990194320678711
0.013556241989135742
0.0160982608795166
0.020989656448364258
0.010998725891113281
0.007008790969848633
0.007996559143066406
0.008004426956176758
0.024005889892578125
0.008999824523925781
0.011002063751220703
0.0110015869140625
0.008002519607543945
0.008999109268188477
0.011981487274169922
0.01800370216369629
0.013002395629882812
0.014005422592163086
0.03400707244873047
0.009988546371459961
0.012002706527709961
0.010994434356689453
0.017004966735839844
0.011649847030639648
0.015003204345703125
0.03100419044494629
0.023003816604614258
0.028014421463012695
0.054607391357421875
0.0250093936920166
0.03200268745422363
0.023990631103515625
