0.0010006427764892578
0.0020003318786621094
0.0020029544830322266
0.00400090217590332
0.002996683120727539
0.0019989013671875
0.002001523971557617
0.0010013580322265625
0.0020029544830322266
0.003000020980834961
0.0030083656311035156
0.003000020980834961
0.002003192901611328
0.003999948501586914
0.0020020008087158203
0.002004861831665039
0.0020017623901367188
0.003003835678100586
0.0020112991333007812
0.003999948501586914
0.003000497817993164
0.0019927024841308594
0.002999544143676758
0.00599980354309082
0.0020020008087158203
0.03008270263671875
0.03500795364379883
0.028700828552246094
0.028008222579956055
0.04301023483276367
0.07301712036132812
0.0361781120300293
0.08496212959289551
0.03108978271484375
0.06400918960571289
0.04200935363769531
0.08664655685424805
0.028005599975585938
0.0860137939453125
0.08601188659667969
0.07303023338317871
0.07646584510803223
0.03600883483886719
0.3842346668243408
0.03700733184814453
0.08202409744262695
0.0850977897644043
0.03700828552246094
0.03599286079406738
0.03400850296020508
0.08101844787597656
0.03400564193725586
0.04209589958190918
0.0360102653503418
0.07609272003173828
0.04600977897644043
0.08141088485717773
0.041532278060913086
0.03899860382080078
0.35985302925109863
0.03699803352355957
0.04150557518005371
0.10230708122253418
0.037981271743774414
0.18442249298095703
0.04201030731201172
0.03701186180114746
0.039017677307128906
0.07444190979003906
0.04613065719604492
0.042572975158691406
0.04755759239196777
0.11370992660522461
0.04400825500488281
0.04801177978515625
0.0457148551940918
0.06410527229309082
0.05000758171081543
0.09035634994506836
0.4110426902770996
0.047020912170410156
0.05174422264099121
0.11818671226501465
0.05301308631896973
0.04232501983642578
0.13303089141845703
0.21483707427978516
0.04201364517211914
