0.0010044574737548828
0.00200653076171875
0.0029990673065185547
0.0029854774475097656
0.0030183792114257812
0.0060007572174072266
0.0019996166229248047
0.003997087478637695
0.0050008296966552734
0.0029997825622558594
0.0019996166229248047
0.003000497817993164
0.0049974918365478516
0.002001047134399414
0.0029964447021484375
0.005997419357299805
0.0030012130737304688
0.0039975643157958984
0.002998828887939453
0.0030002593994140625
0.002000570297241211
0.0032019615173339844
0.007007598876953125
0.003996849060058594
0.004041194915771484
0.03900861740112305
0.05755019187927246
0.026004791259765625
0.04601311683654785
0.07502102851867676
0.0620112419128418
0.03200817108154297
0.059632062911987305
0.03599286079406738
0.030002117156982422
0.03700709342956543
0.030998706817626953
0.04108166694641113
0.0460355281829834
0.04000496864318848
0.05798983573913574
0.04353928565979004
0.0420074462890625
0.05101466178894043
0.03700661659240723
0.20218372344970703
0.04400944709777832
0.04561758041381836
0.054010868072509766
0.04800987243652344
0.03600764274597168
0.06801700592041016
0.058011770248413086
0.051648616790771484
0.08673954010009766
0.04201221466064453
0.04004859924316406
0.05801248550415039
0.07501983642578125
0.09558558464050293
0.044007062911987305
0.06986856460571289
0.06059527397155762
0.11206698417663574
0.04419374465942383
0.05402660369873047
0.09902143478393555
0.05059003829956055
0.06846785545349121
0.10346508026123047
0.10159826278686523
0.07812213897705078
0.05399727821350098
0.061364173889160156
0.0498960018157959
0.13655662536621094
0.12656188011169434
0.054013729095458984
0.10697317123413086
0.04619264602661133
0.06701803207397461
0.052008867263793945
0.044904470443725586
0.1434464454650879
0.17194843292236328
0.055921077728271484
0.09302163124084473
0.06301474571228027
0.06401276588439941
0.06701493263244629
0.10817813873291016
0.07001590728759766
0.12203288078308105
0.15122652053833008
0.06998991966247559
0.1250014305114746
