8.624924421310425
9.270559549331665
8.216054439544678
8.370936155319214
9.86633014678955
7.114559888839722
9.060064315795898
9.84708046913147
8.774799108505249
7.933580160140991
9.027407169342041
9.167275667190552
9.84770131111145
10.672775745391846
10.288233041763306
9.50944972038269
9.237082958221436
10.376471996307373
7.772442817687988
9.582228660583496
10.73869776725769
11.990337371826172
8.433183908462524
10.590383291244507
12.020007133483887
10.813745498657227
9.72440218925476
10.632619857788086
11.499305486679077
9.108611106872559
14.578889846801758
8.173557043075562
13.975249767303467
10.721327543258667
6.7788472175598145
7.455936908721924
6.756896734237671
7.290163516998291
8.23885703086853
8.270571231842041
7.932988166809082
8.55372405052185
8.440423965454102
7.643041610717773
8.816515922546387
8.135990381240845
8.754792213439941
8.369956254959106
8.988421440124512
8.122923135757446
7.423995018005371
7.641024827957153
7.611624717712402
8.374666213989258
7.562840938568115
7.721955060958862
8.757367849349976
8.20240569114685
8.02254581451416
8.368324995040894
8.262510061264038
8.57303524017334
9.121778726577759
9.082355976104736
7.541592121124268
10.064492225646973
8.620879888534546
8.632736682891846
9.761075735092163
7.078794717788696
9.690711259841919
8.838704824447632
9.793229818344116
9.238687992095947
9.255951881408691
9.788268327713013
8.481807470321655
8.874303340911865
8.342525959014893
9.308120489120483
9.88585114479065
9.181219100952148
8.913726091384888
10.60787582397461
9.269726276397705
9.241676568984985
9.525158643722534
10.493723154067993
9.475702285766602
9.19090461730957
9.461345911026001
9.731655597686768
12.465999126434326
9.563182592391968
10.415264368057251
11.99123740196228
