7.878568172454834
7.305490255355835
7.70860743522644
8.231794357299805
7.819205045700073
7.9376301765441895
6.764955043792725
9.148532390594482
8.025633573532104
8.17514181137085
8.483765125274658
10.0342276096344
9.692073822021484
9.47603702545166
10.357921838760376
10.398770570755005
10.13457465171814
10.944783687591553
10.700807094573975
9.365340948104858
9.011162996292114
11.197509527206421
10.68904995918274
9.071777820587158
10.098156213760376
11.598160982131958
11.84966230392456
7.6734864711761475
11.314599990844727
12.452468395233154
8.366364002227783
12.923361778259277
10.740576982498169
11.453903913497925
9.491456031799316
12.036762952804565
9.015768051147461
13.655319452285767
8.888189792633057
10.199683904647827
10.32761025428772
12.222905158996582
9.004749536514282
9.027494192123413
11.522526025772095
10.722333669662476
9.64607834815979
8.714841842651367
12.142963171005249
8.230125904083252
9.640960931777954
11.31777572631836
11.368906021118164
11.713819742202759
9.860657453536987
9.607221126556396
10.6091628074646
12.424685716629028
8.721619129180908
9.984831094741821
12.937096357345581
9.045586585998535
8.252443075180054
11.475932359695435
10.381809949874878
9.857008218765259
10.576771020889282
11.103955507278442
9.609689235687256
10.23696780204773
9.417027235031128
9.008494138717651
9.232027530670166
7.6537134647369385
9.90066385269165
9.59429407119751
9.9360990524292
10.252610921859741
9.497096061706543
9.088884353637695
10.785732507705688
10.65929126739502
9.673856496810913
10.313808679580688
11.701375961303711
10.650864362716675
9.620921850204468
10.939188480377197
