12.82144570350647
8.650654077529907
13.088759183883667
11.967359781265259
11.704927682876587
10.683359384536743
9.596996545791626
8.712260246276855
9.5674889087677
11.536177158355713
9.107072353363037
10.871843814849854
10.348548173904419
9.88441276550293
11.164961814880371
10.117505073547363
10.052699565887451
11.186545610427856
11.216320753097534
11.389945268630981
11.372567415237427
10.797402381896973
11.000614643096924
10.75687551498413
10.031070232391357
10.21699047088623
11.55006194114685
8.741605281829834
12.132307052612305
11.8094162940979
11.067984819412231
11.29724383354187
10.473450422286987
10.455676317214966
11.378586292266846
11.70766019821167
12.47526741027832
10.133494853973389
9.005270004272461
12.119233131408691
13.012022972106934
11.201656341552734
13.398998498916626
11.461089134216309
10.55260419845581
10.876808404922485
13.594213247299194
13.201194763183594
9.585451364517212
10.979473352432251
15.19267988204956
7.701505661010742
14.330177307128906
11.984354734420776
12.867686033248901
11.298561334609985
11.313415050506592
13.495301961898804
15.064027070999146
12.973833560943604
12.575236082077026
12.061423301696777
12.11701512336731
8.95197582244873
8.244438886642456
8.833670139312744
9.274765491485596
9.172565460205078
9.028627634048462
9.231982707977295
8.102394580841064
9.414445400238037
8.008641004562378
9.476045608520508
8.118143796920776
9.094541311264038
9.86343002319336
8.352880001068115
8.421321868896484
9.397205591201782
9.426645755767822
7.111403465270996
