0.49736571311950684
0.5392091274261475
0.15418553352355957
0.06165194511413574
0.4392509460449219
0.3998866081237793
0.024609088897705078
0.1617114543914795
0.18305206298828125
0.03900933265686035
1.0963757038116455
0.054045677185058594
0.057563066482543945
0.5087366104125977
0.015000581741333008
0.056005239486694336
0.14600396156311035
0.22386813163757324
0.9038200378417969
0.07201170921325684
0.45986151695251465
0.12229490280151367
0.4347870349884033
0.15735149383544922
0.026006460189819336
0.7740013599395752
0.06081056594848633
0.04860949516296387
0.04712653160095215
0.03700685501098633
0.0837709903717041
0.036005496978759766
0.04001307487487793
0.03845691680908203
0.03713202476501465
0.0385739803314209
0.05101299285888672
0.03800845146179199
0.04660773277282715
0.037186622619628906
0.027008056640625
0.0330052375793457
0.03301072120666504
0.01604938507080078
0.01853013038635254
0.030034780502319336
0.022553443908691406
0.01600480079650879
0.021007776260375977
0.022002696990966797
0.01500558853149414
0.039003849029541016
0.03501081466674805
0.03600668907165527
0.04524827003479004
0.05103468894958496
0.0175168514251709
0.02700519561767578
0.014003515243530273
0.024005889892578125
0.015996456146240234
0.022006511688232422
0.018004894256591797
0.013005495071411133
0.021004199981689453
0.022446632385253906
0.014008760452270508
0.014003753662109375
0.024006128311157227
0.0200045108795166
0.02300715446472168
0.025620698928833008
0.01784491539001465
0.013007879257202148
0.021004915237426758
0.03433871269226074
0.014995813369750977
0.03051304817199707
0.03405117988586426
0.014790534973144531
0.0160062313079834
0.04300737380981445
0.01736593246459961
0.030646562576293945
0.021004438400268555
