0.3409743309020996
0.3551974296569824
0.13965058326721191
0.030007600784301758
0.9353649616241455
0.13814830780029297
0.01700425148010254
0.565300464630127
0.22472596168518066
0.021004915237426758
0.19964861869812012
0.06101560592651367
0.015120506286621094
0.49779224395751953
0.04059600830078125
0.02200770378112793
0.1434173583984375
0.2410886287689209
0.5942513942718506
0.06403326988220215
0.4911184310913086
0.42183351516723633
0.26692843437194824
0.2810549736022949
0.06101560592651367
0.6285295486450195
0.03300762176513672
0.03702282905578613
0.024007797241210938
0.01800370216369629
0.032006263732910156
0.04101157188415527
0.04401230812072754
0.017002582550048828
0.017002105712890625
0.01662468910217285
0.019005775451660156
0.03200697898864746
0.04201507568359375
0.0205538272857666
0.0189971923828125
0.014043569564819336
0.01900315284729004
0.035065412521362305
0.07180309295654297
0.03201150894165039
0.015052318572998047
0.0310060977935791
0.04664039611816406
0.02600574493408203
0.02700495719909668
0.018006563186645508
0.028558015823364258
0.018001079559326172
0.0220034122467041
0.03946661949157715
0.055014610290527344
0.024007081985473633
0.04500985145568848
0.03600478172302246
0.050018310546875
0.017994403839111328
0.023091554641723633
0.016004323959350586
0.04614520072937012
0.017004728317260742
0.017003774642944336
0.025007009506225586
0.0400087833404541
0.01900339126586914
0.014004707336425781
0.03160691261291504
0.020017147064208984
0.03714799880981445
0.01700425148010254
0.019005298614501953
0.015511274337768555
0.018001794815063477
0.013519763946533203
0.04417729377746582
0.04671168327331543
0.040907859802246094
