11.190716028213501
11.5651113986969
9.627117156982422
11.784355878829956
12.07618236541748
10.538402080535889
11.899619102478027
10.730589866638184
12.088144540786743
13.588087320327759
9.890503406524658
11.420428276062012
13.285811424255371
11.98814344406128
12.453761577606201
15.594979286193848
10.505098819732666
15.769790649414062
9.620110034942627
16.01881742477417
10.20350432395935
15.305861949920654
11.059127807617188
11.777064323425293
16.289747714996338
11.000790357589722
15.321131706237793
12.614084005355835
10.578885078430176
15.518680572509766
13.049753904342651
12.403988361358643
12.494048595428467
11.85668420791626
15.786111116409302
9.895304441452026
15.482622146606445
10.317704916000366
9.70584750175476
10.066938161849976
9.897428512573242
9.572320461273193
10.178451299667358
9.160693407058716
9.801605701446533
10.244777917861938
9.064074993133545
9.636784315109253
10.247782707214355
10.385084629058838
9.784187078475952
9.171402931213379
10.018974304199219
8.51073431968689
9.637879610061646
9.623153924942017
9.186194658279419
10.774401664733887
11.844611167907715
11.84727144241333
7.467900514602661
7.655940532684326
6.983972072601318
6.75811767578125
6.48908543586731
6.857547283172607
6.942188501358032
7.05085563659668
6.786209583282471
7.565268278121948
7.7306599617004395
7.518061637878418
7.391883611679077
7.286846399307251
7.563048601150513
8.040417194366455
8.282159328460693
7.854336500167847
8.297900915145874
7.802167177200317
8.394302606582642
8.442763328552246
7.754729747772217
8.733047723770142
8.413590431213379
