0.24914050102233887
0.13003039360046387
0.19059181213378906
0.01898980140686035
0.2580399513244629
0.4735095500946045
0.022236108779907227
0.17813372611999512
0.47412919998168945
0.02400374412536621
0.21761751174926758
0.026006698608398438
0.05701565742492676
0.16658973693847656
0.01832103729248047
0.07216119766235352
0.16015625
0.24117541313171387
0.40346217155456543
0.024076223373413086
0.16086721420288086
0.1580348014831543
0.47736024856567383
0.16803979873657227
0.02200627326965332
0.8736381530761719
0.04801130294799805
0.016004323959350586
0.028010129928588867
0.04201459884643555
0.03701019287109375
0.019297361373901367
0.053009748458862305
0.023005962371826172
0.02900409698486328
0.022245168685913086
0.02300238609313965
0.029009103775024414
0.021004676818847656
0.02200484275817871
0.029586076736450195
0.021004676818847656
0.024006366729736328
0.015009880065917969
0.019066810607910156
0.03800606727600098
0.027147531509399414
0.02753162384033203
0.028004169464111328
0.027007102966308594
0.020005226135253906
0.0415196418762207
0.041001319885253906
0.0580141544342041
0.04600977897644043
0.01699209213256836
0.020009756088256836
0.0380096435546875
0.03728055953979492
0.03700447082519531
0.04100775718688965
0.03000664710998535
0.025005817413330078
0.03300738334655762
0.014004945755004883
0.03201127052307129
0.05182480812072754
0.017048358917236328
0.024707794189453125
0.035013675689697266
0.02303934097290039
0.01700448989868164
0.022798538208007812
0.03400921821594238
0.028014659881591797
0.036010026931762695
0.03900718688964844
0.026253223419189453
0.028149127960205078
0.020064592361450195
0.02400827407836914
0.025569438934326172
0.022005558013916016
0.03600668907165527
0.06501221656799316
0.01701211929321289
0.04258131980895996
0.028182029724121094
0.03521323204040527
0.030146360397338867
0.02854299545288086
0.029007673263549805
0.06301379203796387
0.04568314552307129
0.024049758911132812
0.04100847244262695
