0.1493394374847412
0.14454984664916992
0.1630382537841797
0.03001689910888672
0.5773708820343018
0.1291797161102295
0.01860809326171875
0.13302874565124512
0.18061161041259766
0.019188404083251953
0.19184184074401855
0.055254459381103516
0.023006439208984375
0.14116239547729492
0.01900625228881836
0.019596576690673828
0.13836216926574707
0.16644001007080078
0.1715836524963379
0.0290069580078125
0.24567842483520508
0.11419510841369629
0.4328649044036865
0.4715902805328369
0.0221097469329834
0.23532342910766602
0.020656347274780273
0.01761937141418457
0.017003536224365234
0.03300881385803223
0.058089256286621094
0.017560720443725586
0.06969261169433594
0.03902077674865723
0.05000901222229004
0.039014577865600586
0.032006025314331055
0.01799750328063965
0.06301593780517578
0.040537118911743164
0.04058980941772461
0.030024290084838867
0.0245969295501709
0.03551936149597168
0.014012336730957031
0.044016361236572266
0.06001567840576172
0.029105424880981445
0.021706342697143555
0.016008615493774414
0.0499875545501709
0.013178586959838867
0.0189969539642334
0.016999483108520508
0.05600929260253906
0.013003110885620117
0.04001164436340332
0.014000892639160156
0.01993083953857422
0.04772543907165527
0.02100658416748047
0.014002561569213867
0.058005571365356445
0.02400374412536621
0.04301142692565918
0.014003992080688477
0.015004396438598633
0.01699995994567871
0.031004667282104492
0.01500391960144043
0.0200042724609375
0.020003080368041992
0.03301119804382324
0.02000570297241211
0.03900790214538574
0.023004531860351562
0.029008150100708008
0.01699209213256836
0.04000592231750488
0.03400254249572754
0.014609575271606445
0.031004667282104492
0.038007259368896484
0.019002437591552734
0.01654791831970215
0.028007030487060547
0.04000377655029297
0.013990402221679688
