7.646639108657837
5.221977233886719
7.236968278884888
6.02674126625061
6.740645170211792
5.82781195640564
6.868411302566528
5.440585613250732
7.614130258560181
5.123712539672852
7.216865062713623
5.025778293609619
7.655206680297852
5.368462800979614
6.963878870010376
5.3335466384887695
6.125583648681641
6.7903900146484375
6.415976047515869
5.770890474319458
6.254504680633545
7.538655757904053
4.472682237625122
7.612411975860596
4.927660942077637
7.838891267776489
5.233408451080322
6.488946199417114
7.722383260726929
4.897417306900024
7.766606092453003
5.168554782867432
7.726569175720215
5.146730899810791
6.646235942840576
6.422982454299927
6.645293951034546
5.171199083328247
6.509446620941162
6.409895420074463
5.747837543487549
7.616238355636597
4.689985036849976
7.38274884223938
6.344799995422363
7.004773378372192
6.051437139511108
6.187293529510498
8.319356679916382
5.395919561386108
8.405564308166504
4.900267839431763
7.589343547821045
6.457568407058716
6.2745041847229
8.294256448745728
4.7487828731536865
9.079276323318481
4.8303422927856445
7.302139520645142
7.287303686141968
5.156976699829102
5.2933080196380615
4.837911128997803
4.651177883148193
4.943352937698364
4.501296281814575
4.448784112930298
4.6854212284088135
4.8189780712127686
4.484364986419678
4.682561635971069
4.349994897842407
4.61391282081604
4.430526971817017
4.374292850494385
4.350905895233154
4.3935346603393555
4.428136348724365
4.6332361698150635
4.638164043426514
4.589623689651489
4.4605162143707275
4.670085430145264
4.38469123840332
4.794683456420898
4.18380880355835
4.1785666942596436
4.211426258087158
4.3064703941345215
4.394923210144043
4.219578504562378
4.2955145835876465
4.743314981460571
4.15095853805542
4.339568138122559
4.297207593917847
4.372068881988525
4.16267204284668
4.33851432800293
4.590606689453125
5.205983877182007
4.371959209442139
4.3472795486450195
4.2817652225494385
4.440184116363525
4.0241875648498535
4.382238388061523
4.378602504730225
4.701263427734375
4.217332363128662
4.228397607803345
4.1422107219696045
4.273018836975098
3.8909499645233154
4.377856254577637
4.214999437332153
4.423229694366455
4.041389465332031
4.250355005264282
4.171103239059448
4.652345418930054
4.057760000228882
4.348359823226929
4.219385147094727
4.41864800453186
3.9545533657073975
4.694397211074829
4.168893098831177
4.400050640106201
4.383342266082764
4.445346117019653
4.2011213302612305
4.343805313110352
3.970879316329956
4.379127264022827
4.2789146900177
4.36832857131958
3.953874349594116
4.138172388076782
4.081322431564331
4.855454921722412
4.445418357849121
4.857181072235107
4.785584211349487
4.723773241043091
4.125377655029297
4.327030181884766
4.179527759552002
4.360577583312988
4.284334421157837
4.327977418899536
4.2339959144592285
4.552592992782593
4.120438814163208
4.3467137813568115
4.326453924179077
4.565499544143677
4.2330482006073
4.409657955169678
4.286292314529419
4.502089262008667
4.192906856536865
4.363711595535278
4.249740123748779
4.766115427017212
4.293673992156982
6.5662689208984375
4.866489887237549
5.6149351596832275
5.092687606811523
4.941577911376953
4.582430839538574
4.603369951248169
4.5670530796051025
