7.151928663253784
10.141265153884888
6.247983932495117
13.877750396728516
6.94026255607605
7.109348773956299
7.90646505355835
6.0380895137786865
8.874032258987427
5.742147445678711
7.523311376571655
7.012131929397583
5.793540954589844
7.695178747177124
5.274042367935181
7.416309833526611
7.3823065757751465
7.08746337890625
6.8818275928497314
5.909240961074829
6.0141401290893555
5.482792139053345
4.944192171096802
5.185343027114868
5.114979267120361
5.291484355926514
4.769863605499268
5.126572847366333
5.0437798500061035
6.057077646255493
5.483299255371094
6.756221532821655
5.586991548538208
6.89049220085144
5.2372660636901855
6.405653715133667
5.809218883514404
6.921144247055054
5.467678546905518
6.623373985290527
6.944291114807129
6.609373569488525
6.435655117034912
6.459044694900513
5.96495795249939
7.146097898483276
6.491981744766235
6.203763008117676
6.945963144302368
7.920916557312012
6.021538496017456
6.6490888595581055
7.250402212142944
6.6621153354644775
6.492670059204102
5.965131521224976
6.111786127090454
6.881811857223511
6.333827495574951
7.192222356796265
6.212063789367676
7.545605659484863
6.78654670715332
6.1315319538116455
5.536608695983887
6.943999290466309
6.20845627784729
6.13285756111145
7.471008539199829
6.2849390506744385
5.636041641235352
7.377729177474976
6.347334623336792
8.82692003250122
5.988528728485107
7.191574573516846
6.493438005447388
6.062561511993408
6.256161689758301
5.999067544937134
6.067692995071411
6.155618667602539
6.996987581253052
5.203152656555176
7.45645809173584
6.223135471343994
6.157208442687988
6.20438289642334
6.135876178741455
7.8945112228393555
5.785349369049072
5.505493640899658
6.76945686340332
7.69570255279541
6.187653541564941
5.3910722732543945
8.57064175605774
4.97358250617981
8.385914087295532
5.097104072570801
7.022903680801392
6.118708610534668
5.964554786682129
6.8318023681640625
6.426808595657349
6.48198127746582
7.568011283874512
4.9331371784210205
8.209998369216919
5.052257537841797
7.417106628417969
4.8567795753479
7.521337985992432
5.1685333251953125
7.075835943222046
5.466540575027466
6.007291793823242
7.359078884124756
5.665626764297485
5.599502801895142
7.045691013336182
5.0802977085113525
6.424018859863281
6.710816144943237
5.291969299316406
6.915070533752441
6.258415460586548
6.280527591705322
6.6394922733306885
6.832420110702515
5.852166175842285
6.367417573928833
7.912867307662964
6.282654762268066
7.747928619384766
5.2572922706604
10.172591209411621
5.734448194503784
