4.792239665985107
9.688120603561401
5.635215759277344
6.253169298171997
9.385010242462158
5.415241718292236
5.341673135757446
11.700847148895264
6.436560869216919
6.206477165222168
6.7739503383636475
8.86690378189087
6.193528890609741
9.37197756767273
10.208458185195923
6.5670740604400635
5.251391172409058
8.750591039657593
7.371996641159058
6.842937469482422
9.789163589477539
5.624703884124756
9.845195293426514
7.762742280960083
5.573127031326294
5.496953725814819
4.689690351486206
5.977383852005005
4.535393714904785
5.907773733139038
5.332920074462891
4.988100290298462
4.531538963317871
4.85202693939209
4.66804575920105
4.901223659515381
4.6021833419799805
4.507097482681274
4.243983745574951
4.712697982788086
4.030699729919434
4.3696608543396
4.543611764907837
4.552772045135498
3.9750454425811768
4.724334239959717
4.287778615951538
4.388551235198975
3.954078197479248
4.277328252792358
4.320734262466431
4.690352916717529
4.278562068939209
6.385559558868408
5.782460689544678
5.869863986968994
4.608427286148071
4.813920974731445
4.249009370803833
4.681477069854736
4.380756139755249
4.473313331604004
4.297452926635742
5.719648122787476
5.4317004680633545
5.138647794723511
6.157829999923706
5.314383506774902
5.364057302474976
5.839068174362183
5.603182077407837
6.560248613357544
6.013708591461182
5.792956829071045
6.49580454826355
6.348496437072754
6.438279151916504
7.124276638031006
6.925523281097412
6.372629642486572
6.862830638885498
6.682412385940552
7.659384727478027
7.939950227737427
6.5006208419799805
6.333617687225342
6.0527284145355225
6.311326742172241
5.953749656677246
6.1949989795684814
5.816664934158325
6.265054702758789
5.672671794891357
5.985715389251709
5.870569229125977
6.89691424369812
6.405007362365723
7.299041271209717
7.2115318775177
8.186475992202759
7.630178928375244
7.632514476776123
7.152258634567261
9.59724760055542
6.335049152374268
7.173027276992798
5.877200126647949
6.973172664642334
5.55372166633606
6.312362432479858
5.681930780410767
6.556301832199097
5.679181337356567
6.656844615936279
6.742013692855835
5.93235445022583
6.498229503631592
6.038285255432129
6.368520259857178
6.2809388637542725
5.866206884384155
6.80526065826416
6.438071012496948
6.301976203918457
6.164326906204224
6.566812038421631
6.604527235031128
7.457656145095825
6.471935033798218
6.012687921524048
6.091947317123413
5.980473756790161
5.955673694610596
6.833476781845093
5.808565378189087
6.799993991851807
6.1991167068481445
6.818714141845703
6.503546237945557
6.436215162277222
6.111887216567993
6.309457778930664
5.808096647262573
6.846136808395386
6.302857398986816
6.37203311920166
5.883046627044678
