6.193825960159302
7.415699481964111
5.810487747192383
5.975895404815674
6.080572605133057
7.2606894969940186
5.9088685512542725
7.237871170043945
6.449207067489624
7.394926309585571
6.2649102210998535
5.872262001037598
6.512231826782227
7.065258264541626
6.178385496139526
6.616691827774048
6.363265752792358
6.168975830078125
6.115976810455322
6.049858570098877
6.477210283279419
6.9303879737854
6.464441299438477
6.62893271446228
6.6291344165802
9.233453035354614
6.9866626262664795
6.477697134017944
6.448396444320679
7.185261011123657
6.1604163646698
7.197925329208374
7.24661922454834
8.099194765090942
5.595457315444946
7.393407583236694
7.441097736358643
5.5364062786102295
7.512938737869263
6.894375324249268
6.455505132675171
8.414737462997437
5.662518262863159
6.607611179351807
6.939118146896362
7.491946220397949
5.658938646316528
6.486876964569092
6.885589122772217
7.196873188018799
6.427774906158447
6.1931822299957275
6.612197399139404
7.435667514801025
6.903262138366699
6.401232481002808
6.226746559143066
7.095242738723755
4.824420928955078
4.942655563354492
4.972131729125977
4.98801589012146
4.678899765014648
4.998775005340576
4.948684453964233
5.2057859897613525
4.908520698547363
5.108212947845459
4.968866586685181
5.403532028198242
4.91864013671875
5.292813777923584
5.150805711746216
5.493003606796265
4.8923821449279785
5.386571168899536
5.3717193603515625
5.855505466461182
5.237184762954712
5.694123983383179
5.408104181289673
5.633423805236816
5.3614301681518555
5.615808010101318
5.441561222076416
5.877713680267334
5.641838312149048
5.9091796875
6.1072657108306885
6.21495509147644
5.034228086471558
6.258298397064209
6.169713258743286
5.773367166519165
5.557973146438599
6.7596540451049805
5.56144118309021
5.957434177398682
6.012560844421387
5.5699074268341064
6.3624725341796875
5.837566137313843
6.301058053970337
6.107064247131348
5.853415250778198
6.969355821609497
5.603065490722656
5.987037897109985
6.449848175048828
6.9253880977630615
5.924127578735352
5.805350303649902
6.199319362640381
5.867745399475098
6.014614105224609
6.936422109603882
6.291451930999756
6.326731443405151
5.294963359832764
6.2817370891571045
6.010746002197266
6.5023088455200195
6.258498907089233
6.210017204284668
6.052515745162964
6.188325643539429
4.9861741065979
6.328715801239014
6.245832204818726
6.380013465881348
6.251576900482178
6.066434621810913
6.1695942878723145
6.161809921264648
5.991790294647217
6.097050189971924
5.812887668609619
6.187644720077515
6.066334962844849
7.143456697463989
7.046630382537842
7.260493040084839
5.1058573722839355
7.927045822143555
6.665988922119141
6.336569547653198
