0.008418798446655273
0.01400446891784668
0.009004592895507812
0.008991718292236328
0.010009288787841797
0.02200460433959961
0.015003681182861328
0.02100658416748047
0.015003681182861328
0.014255523681640625
0.01799941062927246
0.01600480079650879
0.01599860191345215
0.019010543823242188
0.010005950927734375
0.012002229690551758
0.011003732681274414
0.012001276016235352
0.01519775390625
0.018007755279541016
0.01990962028503418
0.016003131866455078
0.01600360870361328
0.014001846313476562
0.021004676818847656
0.032007694244384766
0.027004480361938477
0.021001815795898438
0.023999929428100586
0.026003122329711914
0.02500772476196289
0.0260159969329834
0.012990236282348633
0.01899123191833496
0.024103164672851562
0.01700448989868164
0.02699422836303711
0.015996217727661133
0.017714977264404297
0.03202247619628906
0.020761728286743164
0.020955801010131836
0.028002262115478516
0.029999256134033203
0.015982866287231445
0.01598501205444336
0.02810359001159668
0.019003629684448242
0.02008199691772461
0.016658544540405273
0.031011343002319336
0.02200627326965332
0.022019624710083008
0.023998022079467773
0.027009963989257812
0.03201651573181152
0.037862300872802734
0.021004199981689453
0.02100992202758789
0.01900768280029297
0.018005847930908203
0.019993305206298828
0.019723892211914062
0.023003101348876953
0.0189974308013916
0.020004987716674805
0.022003889083862305
0.02385568618774414
0.02200031280517578
0.02452707290649414
0.024007081985473633
0.0200045108795166
0.020990610122680664
0.03284001350402832
0.02101588249206543
0.027530908584594727
0.023014545440673828
0.02000594139099121
0.024606943130493164
0.02400803565979004
0.020985841751098633
0.04401063919067383
0.02500009536743164
0.03601241111755371
0.034458160400390625
0.024567604064941406
0.03900599479675293
0.024004459381103516
0.029511690139770508
0.029006004333496094
0.030011415481567383
0.025581836700439453
0.0530087947845459
0.027012109756469727
0.05601191520690918
0.028005123138427734
0.02603316307067871
0.03054356575012207
0.02954554557800293
0.024044513702392578
0.02900552749633789
0.030994892120361328
0.023008108139038086
0.02899956703186035
0.040041208267211914
0.024990558624267578
0.027021408081054688
0.02599191665649414
0.030009031295776367
0.04402923583984375
0.030007600784301758
0.031007051467895508
0.028986215591430664
0.02999281883239746
0.05401349067687988
0.028003215789794922
0.04871964454650879
0.05379509925842285
0.04301309585571289
0.0316615104675293
0.032538652420043945
0.030749797821044922
0.028192758560180664
0.02700042724609375
0.030514001846313477
0.054024696350097656
0.03279519081115723
0.029010534286499023
0.04725360870361328
0.03400850296020508
0.030998706817626953
0.03301501274108887
0.02699446678161621
0.03500699996948242
0.033007144927978516
0.05201101303100586
0.04701066017150879
0.05601835250854492
0.03299570083618164
0.03352212905883789
0.03402590751647949
0.052011728286743164
0.06701922416687012
0.0360102653503418
0.05501818656921387
0.03555774688720703
