0.016002655029296875
0.02500605583190918
0.01600170135498047
4.953252553939819
0.011008262634277344
0.02202582359313965
0.015001296997070312
0.0168302059173584
0.017004966735839844
0.011244773864746094
0.019997119903564453
0.011000871658325195
0.018012285232543945
0.013002872467041016
0.020414113998413086
0.01298666000366211
0.021434307098388672
0.012003421783447266
0.022005796432495117
0.015983104705810547
0.016003847122192383
0.015941381454467773
0.017997264862060547
0.017004966735839844
0.01801276206970215
0.016007423400878906
0.017005205154418945
0.014003276824951172
0.017003774642944336
0.041214704513549805
0.01800370216369629
0.021005630493164062
0.016257762908935547
0.020032882690429688
0.020006179809570312
0.02600884437561035
0.019002437591552734
0.022005319595336914
0.020006179809570312
0.02100539207458496
0.4780263900756836
0.016924381256103516
0.04001021385192871
0.019004344940185547
0.02300429344177246
0.023007631301879883
0.02121758460998535
0.02100992202758789
0.07718801498413086
0.023526906967163086
0.03428339958190918
0.06902241706848145
0.023005247116088867
0.02400660514831543
0.021512746810913086
0.019990921020507812
0.04404091835021973
0.10686039924621582
0.036008358001708984
0.024409055709838867
0.021514415740966797
0.050998687744140625
0.02900862693786621
0.02500295639038086
0.022004127502441406
0.025005340576171875
0.022025346755981445
0.03351736068725586
0.02893853187561035
0.031668663024902344
0.02300739288330078
0.02600836753845215
0.045616865158081055
0.02900838851928711
0.051017045974731445
0.04201674461364746
0.027011871337890625
0.02500605583190918
0.027007579803466797
0.02500128746032715
0.026604413986206055
0.023812055587768555
0.0269930362701416
0.04201030731201172
0.02649545669555664
0.0420076847076416
0.023993730545043945
0.041025400161743164
0.022613525390625
0.053160667419433594
0.02400517463684082
0.03900647163391113
0.02314472198486328
0.04911637306213379
0.023005247116088867
0.045008182525634766
0.026335716247558594
0.028451919555664062
0.03192591667175293
0.028004169464111328
0.04300856590270996
0.030021190643310547
0.047628164291381836
0.024005413055419922
0.05611729621887207
0.025005578994750977
0.025004148483276367
0.028891801834106445
0.027016162872314453
0.02500748634338379
0.02700948715209961
0.02899956703186035
0.02800583839416504
0.028558731079101562
0.030295848846435547
0.041011810302734375
0.03201603889465332
0.05201101303100586
0.027005672454833984
0.04101204872131348
0.02800726890563965
0.06802153587341309
0.030531883239746094
0.0588529109954834
0.032988548278808594
0.033008575439453125
0.0539851188659668
0.05710101127624512
0.03700828552246094
0.05082845687866211
0.028998136520385742
0.04501748085021973
0.027004480361938477
0.06801867485046387
0.028006792068481445
0.0959019660949707
0.06874465942382812
0.031007766723632812
