0.0009944438934326172
0.0010001659393310547
0.000993490219116211
0.000995635986328125
0.0019998550415039062
0.0009925365447998047
0.0020017623901367188
0.0020067691802978516
0.002002239227294922
0.0010004043579101562
0.002006053924560547
0.0020036697387695312
0.0009980201721191406
0.002001047134399414
0.0009992122650146484
0.0019974708557128906
0.0020017623901367188
0.002994537353515625
0.0010051727294921875
0.0030014514923095703
0.002998828887939453
0.002184152603149414
0.003970146179199219
0.00099945068359375
0.0019974708557128906
0.0019998550415039062
0.001992940902709961
0.003040790557861328
0.001998424530029297
0.0019989013671875
0.0019860267639160156
0.001998424530029297
0.004001140594482422
0.0030090808868408203
0.002001523971557617
0.002008676528930664
0.0029938220977783203
0.0030007362365722656
0.003978729248046875
0.003000020980834961
0.0020079612731933594
0.003000974655151367
0.002001047134399414
0.0029997825622558594
0.003007173538208008
0.003000020980834961
0.003003835678100586
0.003998756408691406
0.003989458084106445
0.004004716873168945
0.0040013790130615234
0.004004240036010742
0.004002809524536133
0.003999471664428711
0.0040013790130615234
0.004998445510864258
0.005992889404296875
0.004003286361694336
0.004000663757324219
0.009108304977416992
0.008441925048828125
0.009002685546875
0.009002447128295898
0.017000436782836914
0.010004043579101562
0.01201176643371582
0.0110015869140625
0.011003732681274414
0.052709341049194336
0.012999534606933594
0.014996051788330078
0.015004634857177734
0.017004013061523438
0.01900339126586914
0.07401633262634277
0.01900506019592285
0.019005775451660156
0.017002582550048828
0.023002147674560547
0.012998104095458984
0.02000260353088379
0.17311501502990723
0.01901078224182129
0.031010866165161133
0.01804637908935547
0.019002676010131836
0.0180051326751709
0.020004749298095703
0.04556012153625488
0.01800227165222168
0.01800680160522461
0.02899932861328125
0.027008056640625
0.02800607681274414
0.032009124755859375
0.024006128311157227
0.026574134826660156
0.02800893783569336
0.026308536529541016
0.02900838851928711
0.028802156448364258
0.06592345237731934
0.03700971603393555
0.025008201599121094
0.031095266342163086
0.025006532669067383
0.021668672561645508
0.025006532669067383
0.04282855987548828
0.026004552841186523
0.04315614700317383
0.02573537826538086
0.05301070213317871
0.0264737606048584
0.03000664710998535
0.027163028717041016
0.049019813537597656
0.030003070831298828
0.07201480865478516
0.03114628791809082
0.03300905227661133
0.050760746002197266
0.0289914608001709
0.030026912689208984
0.031000137329101562
0.03300809860229492
0.035008907318115234
0.05300450325012207
0.06302261352539062
0.054009437561035156
0.03555941581726074
0.031987905502319336
0.05401468276977539
0.03501319885253906
0.028675556182861328
0.0588994026184082
0.06801390647888184
0.07586812973022461
0.03402090072631836
0.03310704231262207
0.036008358001708984
0.03499650955200195
0.03699231147766113
0.0670163631439209
0.06601238250732422
0.036522865295410156
0.03500676155090332
