0.0005142688751220703
0.0029993057250976562
0.0009982585906982422
0.0019981861114501953
0.0009999275207519531
0.0009987354278564453
0.001001119613647461
0.001997232437133789
0.001008749008178711
0.0019991397857666016
0.0010077953338623047
0.0019893646240234375
0.002003908157348633
0.001996755599975586
0.002000093460083008
0.0030012130737304688
0.0009932518005371094
0.001999378204345703
0.0030062198638916016
0.0029993057250976562
0.0019986629486083984
0.0019943714141845703
0.0010097026824951172
0.001999378204345703
0.0030002593994140625
0.0021517276763916016
0.003007650375366211
0.0020110607147216797
0.0030145645141601562
0.00299072265625
0.002994537353515625
0.003002643585205078
0.002988100051879883
0.0030057430267333984
0.001986980438232422
0.004002571105957031
0.004001140594482422
0.0030024051666259766
0.002992868423461914
0.003990888595581055
0.004008769989013672
0.00398564338684082
0.006005525588989258
0.004002094268798828
0.004990100860595703
0.003986835479736328
0.007978439331054688
0.00401759147644043
0.0062255859375
0.0050084590911865234
0.0050029754638671875
0.005014181137084961
0.006993770599365234
0.004998207092285156
0.008002519607543945
0.005002021789550781
0.00500178337097168
0.006001472473144531
0.0050029754638671875
0.008996963500976562
0.006002187728881836
0.007011890411376953
0.0039980411529541016
0.0059931278228759766
0.005015134811401367
0.0060002803802490234
0.004999876022338867
0.005084514617919922
0.0065114498138427734
0.010833263397216797
0.013003349304199219
0.010004043579101562
0.011003255844116211
0.011001110076904297
0.010548114776611328
0.014003992080688477
0.01200413703918457
0.015003204345703125
0.014003515243530273
0.013001441955566406
0.012885570526123047
0.012989044189453125
0.015003442764282227
0.014006376266479492
0.019005298614501953
0.015009880065917969
0.015004158020019531
0.01505136489868164
0.01499485969543457
0.015002727508544922
0.016587257385253906
0.018992185592651367
0.0200045108795166
0.01800537109375
0.02006816864013672
0.017002344131469727
0.022737979888916016
0.01805734634399414
0.020003795623779297
0.02000880241394043
0.019005298614501953
0.02491903305053711
0.023006439208984375
0.02330946922302246
0.019563674926757812
0.023004531860351562
0.022008419036865234
0.027539968490600586
0.02399897575378418
0.02700662612915039
0.026669025421142578
0.028005599975585938
0.023987293243408203
0.024992704391479492
0.029008865356445312
0.027090787887573242
0.024014949798583984
0.028013944625854492
0.026999473571777344
0.026992082595825195
0.027505874633789062
0.026302576065063477
0.029007673263549805
0.025445938110351562
0.02903580665588379
0.03400826454162598
0.02700638771057129
0.027010440826416016
0.02702021598815918
0.028996706008911133
0.03346562385559082
0.030011892318725586
0.029007673263549805
0.030069589614868164
0.029009580612182617
0.037008047103881836
0.032021522521972656
0.03102588653564453
0.03608870506286621
0.032653093338012695
0.031006336212158203
0.03900885581970215
0.041863203048706055
0.04200911521911621
0.03800511360168457
0.032572031021118164
0.04004168510437012
0.03501534461975098
0.03600811958312988
0.033011436462402344
0.03500199317932129
0.0352778434753418
0.036988019943237305
0.0400388240814209
0.0420079231262207
0.0400083065032959
0.041028499603271484
0.04238080978393555
0.04101109504699707
0.041539907455444336
0.04201197624206543
0.04038286209106445
0.04201006889343262
0.044007301330566406
0.04100942611694336
0.04953503608703613
0.049097537994384766
0.05199790000915527
0.04675912857055664
0.05801510810852051
0.05424308776855469
0.04901432991027832
0.04999184608459473
0.05091691017150879
0.07901835441589355
