7.349731683731079
5.041733741760254
7.149547815322876
5.853970050811768
6.646742820739746
5.648047208786011
6.7743940353393555
5.25754714012146
7.523177862167358
4.937930345535278
7.123121500015259
4.853745222091675
7.573192358016968
5.196805953979492
6.873799800872803
5.170147657394409
6.039238929748535
6.698370695114136
6.239294767379761
5.625555038452148
6.1554553508758545
7.44206428527832
4.380492448806763
7.50938081741333
4.773372650146484
7.737378835678101
5.072728633880615
6.3978798389434814
7.614955186843872
4.796722412109375
7.668030500411987
5.005273342132568
7.622553110122681
4.958702802658081
6.552542448043823
6.234355926513672
6.550739526748657
5.037456035614014
6.415431976318359
6.2606520652771
5.6514129638671875
7.515233993530273
4.528223276138306
7.2787065505981445
6.160712718963623
6.892542839050293
5.886296510696411
6.089065313339233
8.127132892608643
5.293526887893677
8.265530109405518
4.795696973800659
7.419292449951172
6.359856843948364
6.082964181900024
8.197531938552856
4.645174980163574
8.89004397392273
4.736318826675415
7.115360975265503
7.185691595077515
5.053934335708618
5.199009895324707
4.7459094524383545
4.564903020858765
4.837015151977539
4.401133298873901
4.362792015075684
4.558179616928101
4.710460662841797
4.379340648651123
4.578537464141846
4.245969533920288
4.52191162109375
4.324815273284912
4.276741981506348
4.241346836090088
4.296513319015503
4.310559511184692
4.537215948104858
4.5430989265441895
4.495608568191528
4.346698045730591
4.576930522918701
4.286669969558716
4.6896772384643555
4.088736057281494
4.077753067016602
4.1177685260772705
4.212899208068848
4.285311937332153
4.114322185516357
4.18949031829834
4.638875722885132
4.048872709274292
4.2433881759643555
4.188786268234253
4.272960662841797
4.062649250030518
4.234324932098389
4.480596303939819
5.073964595794678
4.260451793670654
4.234217405319214
4.1621644496917725
4.33816123008728
3.925617218017578
4.261889934539795
4.268329381942749
4.589089393615723
4.1011576652526855
4.104552745819092
4.040193557739258
4.166993856430054
3.7837610244750977
4.262204170227051
4.097100257873535
4.301971435546875
3.932554006576538
4.1443445682525635
4.060578346252441
4.5435216426849365
3.9456636905670166
4.243214845657349
4.11360502243042
4.305630683898926
3.8475286960601807
4.582383394241333
4.051396608352661
4.289301633834839
4.267678499221802
4.32231330871582
4.093103885650635
4.232616662979126
3.8528456687927246
4.2450830936431885
4.1668946743011475
4.25474214553833
3.8366730213165283
4.021100759506226
3.96828556060791
4.723423004150391
4.321259021759033
4.711429834365845
4.66355562210083
4.6066508293151855
4.0062267780303955
4.2089831829071045
4.064404726028442
4.249979734420776
4.1643242835998535
4.212406396865845
4.109846591949463
4.429936647415161
3.9842889308929443
4.213684320449829
4.205377817153931
4.445550918579102
4.098470687866211
4.284099102020264
4.165111780166626
4.3712403774261475
4.061026334762573
4.230682611465454
4.114722967147827
4.624422550201416
4.156417608261108
6.403689861297607
4.738682508468628
5.449804306030273
4.921087980270386
4.797585487365723
4.4396936893463135
4.46295428276062
4.355875730514526
