0.23122835159301758
0.027272701263427734
0.011066675186157227
0.021004915237426758
0.014780044555664062
0.02800726890563965
0.011989593505859375
0.024001359939575195
0.014005184173583984
0.026001453399658203
0.010997295379638672
0.031006574630737305
0.011002302169799805
0.025000810623168945
0.012990713119506836
0.024007320404052734
0.012555360794067383
0.012020587921142578
0.02700972557067871
0.021005868911743164
0.011010169982910156
0.012003183364868164
0.012021303176879883
0.01102304458618164
0.026005268096923828
0.011008262634277344
0.020003795623779297
0.015003681182861328
0.013137340545654297
0.011008739471435547
0.015004634857177734
0.02583599090576172
0.015003204345703125
0.025532960891723633
0.011984825134277344
0.01900172233581543
0.011010885238647461
0.017005443572998047
0.013998985290527344
0.018006563186645508
0.01113581657409668
0.014988183975219727
0.021004676818847656
0.012031078338623047
0.022006750106811523
0.013196945190429688
0.02608466148376465
0.014963865280151367
0.030550241470336914
0.013521909713745117
0.01700448989868164
0.01653909683227539
0.025012731552124023
0.012988567352294922
0.026810407638549805
0.012002706527709961
0.013345003128051758
0.028092622756958008
0.011017084121704102
0.021003246307373047
0.01600360870361328
0.012003183364868164
0.010004043579101562
0.010984420776367188
0.011016845703125
0.014004230499267578
0.01200246810913086
0.00970149040222168
0.01800394058227539
0.01300191879272461
0.011002063751220703
0.01200413703918457
0.014004230499267578
0.010000228881835938
0.01200246810913086
0.01053309440612793
0.014991998672485352
0.009001970291137695
0.013004541397094727
0.010000467300415039
0.009982585906982422
0.00999593734741211
0.014002084732055664
0.011862039566040039
0.011001110076904297
0.01299905776977539
0.009001016616821289
0.011003732681274414
0.011026859283447266
0.010030984878540039
0.014003992080688477
0.010001897811889648
0.011002779006958008
0.012003183364868164
0.010001420974731445
0.010997295379638672
0.011003494262695312
0.011000394821166992
0.012003421783447266
0.010990619659423828
0.01399850845336914
0.017813920974731445
0.010987043380737305
0.01004934310913086
0.012015581130981445
0.010001659393310547
0.010007381439208984
0.01278829574584961
0.012010335922241211
0.010144710540771484
0.010290861129760742
0.017985105514526367
0.010009527206420898
0.011001825332641602
0.01017141342163086
0.010515213012695312
0.013001203536987305
0.010008811950683594
0.01000213623046875
0.011989831924438477
0.013002872467041016
0.010001659393310547
0.011001825332641602
0.010277986526489258
0.010685443878173828
0.0099945068359375
0.010005950927734375
0.009982109069824219
0.015004634857177734
0.011992692947387695
0.010984420776367188
0.013000965118408203
0.011010408401489258
0.010102033615112305
0.01201486587524414
0.014002084732055664
0.00999140739440918
0.01030278205871582
0.011499404907226562
0.01201629638671875
0.010001897811889648
0.013005733489990234
0.011996984481811523
0.01700305938720703
0.01400303840637207
0.012394428253173828
0.011028528213500977
0.011010169982910156
0.011003494262695312
0.009575843811035156
0.010001897811889648
0.012997150421142578
0.011997699737548828
0.010003328323364258
0.011014461517333984
0.0110015869140625
0.010002613067626953
0.01002049446105957
0.01399087905883789
0.012003660202026367
0.01006770133972168
0.011869192123413086
0.016009807586669922
0.013002872467041016
0.012990713119506836
0.012807369232177734
0.011991739273071289
0.013004302978515625
0.011002540588378906
0.015548467636108398
0.014995574951171875
0.012076616287231445
0.011165857315063477
0.011004924774169922
0.015015125274658203
