0.2320718765258789
0.021005630493164062
0.014001607894897461
0.010986804962158203
0.01600337028503418
0.02500176429748535
0.02500438690185547
0.022008419036865234
0.040006399154663086
0.027895689010620117
0.0200045108795166
0.023162841796875
0.022006511688232422
0.023001670837402344
0.014984130859375
0.010261297225952148
0.012987852096557617
0.013059854507446289
0.021000146865844727
0.019954681396484375
0.0279998779296875
0.02000594139099121
0.015004634857177734
0.02102184295654297
0.026007413864135742
0.03500175476074219
0.025007009506225586
0.03225135803222656
0.02671337127685547
0.028554201126098633
0.029023170471191406
0.03201174736022949
0.011007547378540039
0.012986183166503906
0.021012544631958008
0.011986970901489258
0.034000396728515625
0.011002302169799805
0.014003992080688477
0.02823019027709961
0.01441335678100586
0.013017654418945312
0.021999835968017578
0.021008014678955078
0.009996652603149414
0.017057418823242188
0.019001245498657227
0.014022350311279297
0.012022972106933594
0.010620355606079102
0.030004501342773438
0.016002655029296875
0.01598525047302246
0.01500248908996582
0.030004024505615234
0.024002552032470703
0.028005123138427734
0.016004562377929688
0.014785289764404297
0.014022111892700195
0.01400303840637207
0.010988235473632812
0.01500248908996582
0.020727872848510742
0.01499176025390625
0.012386798858642578
0.01900482177734375
0.015527009963989258
0.01600360870361328
0.015002727508544922
0.015001535415649414
0.018006086349487305
0.011989593505859375
0.02201104164123535
0.016003131866455078
0.015007495880126953
0.016582489013671875
0.017003774642944336
0.015047073364257812
0.02600717544555664
0.011135339736938477
0.01401829719543457
0.014008045196533203
0.022001981735229492
0.01700758934020996
0.011982917785644531
0.03000783920288086
0.01099252700805664
0.013019561767578125
0.030011415481567383
0.01599597930908203
0.014003276824951172
0.026003360748291016
0.010995864868164062
0.013560295104980469
0.029011249542236328
0.011009693145751953
0.010009050369262695
0.012009620666503906
0.011009693145751953
0.01600480079650879
0.015996932983398438
0.012395143508911133
0.010985374450683594
0.019998788833618164
0.015563249588012695
0.014121055603027344
0.012998104095458984
0.01700425148010254
0.024013757705688477
0.024362802505493164
0.016005277633666992
0.012000799179077148
0.01600360870361328
0.02201223373413086
0.01700425148010254
0.02600574493408203
0.027004480361938477
0.03200054168701172
0.01200246810913086
0.010994195938110352
0.01201176643371582
0.015012502670288086
0.012007951736450195
0.019006013870239258
0.0250091552734375
0.01360177993774414
0.012000322341918945
0.014983654022216797
0.016003131866455078
0.017545700073242188
0.012261629104614258
0.016986608505249023
0.010565042495727539
0.015994548797607422
0.019010066986083984
0.02200603485107422
0.01700901985168457
0.01198720932006836
0.010984420776367188
0.012852907180786133
0.027005434036254883
0.013002872467041016
0.015003681182861328
0.01844620704650879
0.010995149612426758
