0.24468517303466797
0.023006439208984375
0.012911558151245117
0.022003889083862305
0.022008419036865234
0.01100301742553711
0.02600717544555664
0.029008150100708008
0.011997222900390625
0.016002893447875977
0.026003599166870117
0.015677213668823242
0.017005443572998047
0.024004459381103516
0.01299595832824707
0.0160064697265625
0.014060020446777344
0.022000789642333984
0.011460542678833008
0.0252377986907959
0.02000713348388672
0.01456451416015625
0.034410715103149414
0.016004562377929688
0.02100968360900879
0.010022401809692383
0.01998448371887207
0.011003255844116211
0.011541128158569336
0.014002323150634766
0.011994123458862305
0.016998291015625
0.011010169982910156
0.01200413703918457
0.013001680374145508
0.016543149948120117
0.01200246810913086
0.017000198364257812
0.012996196746826172
0.013002872467041016
0.012001752853393555
0.011018037796020508
0.014534950256347656
0.012983322143554688
0.01098322868347168
0.01400303840637207
0.011996030807495117
0.009994983673095703
0.011002302169799805
0.015851974487304688
0.012386560440063477
0.015013456344604492
0.013002872467041016
0.01100301742553711
0.009999752044677734
0.014003515243530273
0.014998912811279297
0.01132512092590332
0.010035276412963867
0.01065206527709961
0.009975433349609375
0.010002374649047852
0.010996341705322266
0.023006677627563477
0.01500391960144043
0.015003442764282227
0.012006282806396484
0.01700448989868164
0.017005205154418945
0.017000913619995117
0.01500391960144043
0.018006324768066406
0.016004323959350586
0.016002655029296875
0.022008895874023438
0.02100539207458496
0.017002344131469727
0.018465757369995117
0.018003463745117188
0.013042926788330078
0.015004396438598633
0.03300952911376953
0.018003463745117188
0.020203113555908203
0.015619277954101562
0.015000104904174805
0.01200556755065918
0.011004209518432617
0.03809189796447754
0.012015581130981445
0.016675472259521484
0.02599811553955078
0.021003007888793945
0.02100968360900879
0.014126062393188477
0.026008129119873047
0.015105247497558594
0.02100205421447754
0.017006397247314453
0.0200042724609375
0.01600503921508789
0.061017513275146484
0.034023284912109375
0.03200793266296387
0.01600360870361328
0.01200246810913086
0.013502120971679688
0.012012958526611328
0.027005910873413086
0.01100301742553711
0.02200460433959961
0.01300358772277832
0.017521142959594727
0.010008811950683594
0.018990755081176758
0.014018774032592773
0.021622896194458008
0.012015581130981445
0.01900172233581543
0.012003898620605469
0.011996030807495117
0.024695158004760742
0.010002613067626953
0.014001131057739258
0.015009164810180664
0.011002302169799805
0.013003110885620117
0.022142648696899414
0.021002531051635742
0.021008729934692383
0.012004375457763672
0.011595726013183594
0.021007061004638672
0.013001680374145508
0.01200103759765625
0.02823042869567871
0.023008346557617188
0.02100372314453125
0.014005661010742188
0.016003847122192383
0.012014150619506836
0.011005878448486328
0.013985157012939453
0.021000385284423828
0.01612401008605957
0.012008190155029297
0.011172771453857422
