0.5482151508331299
0.02300429344177246
0.030252456665039062
0.020004749298095703
0.015009641647338867
0.03587055206298828
0.018100500106811523
0.02803492546081543
0.026001453399658203
0.015320062637329102
0.035147666931152344
0.01464533805847168
0.025014877319335938
0.019032955169677734
0.02100372314453125
0.016997098922729492
0.029012680053710938
0.014000892639160156
0.021004915237426758
0.010509490966796875
0.018001556396484375
0.01900506019592285
0.019002676010131836
0.021004676818847656
0.01500558853149414
0.017004013061523438
0.021006107330322266
0.01900458335876465
0.01770925521850586
0.023005247116088867
0.012994766235351562
0.02300548553466797
0.01600480079650879
0.016006946563720703
0.015004158020019531
0.0201568603515625
0.016005754470825195
0.016003131866455078
0.012987613677978516
0.019295215606689453
0.019003868103027344
0.02398967742919922
0.03200340270996094
0.01301121711730957
0.016997337341308594
0.014003515243530273
0.012002229690551758
0.013007402420043945
0.09201955795288086
0.017274141311645508
0.040018320083618164
0.017998933792114258
0.025023221969604492
0.01400303840637207
0.016005277633666992
0.011994123458862305
0.03300738334655762
0.02400374412536621
0.03700375556945801
0.01500082015991211
0.013014793395996094
0.033005475997924805
0.02999734878540039
0.02300548553466797
0.01100301742553711
0.015003681182861328
0.017995834350585938
0.023004531860351562
0.017004728317260742
0.0390167236328125
0.01700305938720703
0.014032363891601562
0.031005144119262695
0.0200045108795166
0.05200958251953125
0.027007341384887695
0.016013145446777344
0.012996912002563477
0.014002323150634766
0.016672849655151367
0.013777732849121094
0.014003276824951172
0.019002437591552734
0.03300762176513672
0.015984773635864258
0.021011829376220703
0.012002944946289062
0.01799917221069336
0.014024734497070312
0.0320134162902832
0.010993719100952148
0.018004417419433594
0.014017105102539062
0.028008699417114258
0.016002178192138672
0.02830672264099121
0.013016462326049805
0.012988567352294922
0.019484758377075195
0.012003183364868164
0.03000497817993164
0.014001846313476562
0.0290071964263916
0.012998819351196289
0.027582406997680664
0.01800394058227539
0.017001867294311523
0.013009309768676758
0.013010263442993164
0.012002706527709961
0.013195037841796875
0.014000892639160156
0.016995668411254883
0.014544248580932617
0.013004779815673828
0.018007516860961914
0.014011621475219727
0.027007102966308594
0.018518686294555664
0.0270078182220459
0.012590885162353516
0.015001296997070312
0.01100921630859375
0.022993803024291992
0.013009071350097656
0.016007423400878906
0.022247314453125
0.024997711181640625
0.011754035949707031
0.019995927810668945
0.014549493789672852
0.030001401901245117
0.013988733291625977
0.022998571395874023
0.013006925582885742
0.03600955009460449
0.036025047302246094
0.016000032424926758
