6.4856858253479
9.969529390335083
6.083699703216553
8.798469305038452
6.828235387802124
6.8996007442474365
7.780339002609253
5.8639748096466064
8.698001384735107
5.634030818939209
7.3388097286224365
6.892943382263184
5.616531133651733
7.581521987915039
5.130025148391724
7.3010523319244385
7.192995071411133
6.979432821273804
6.709717035293579
5.804588556289673
5.8904876708984375
5.362497329711914
4.810466766357422
5.060314178466797
5.000116586685181
5.174391269683838
4.643267631530762
5.007492303848267
4.924047231674194
5.85615873336792
5.369274139404297
6.604045867919922
5.476639986038208
6.77649712562561
5.114237308502197
6.253464698791504
5.692192792892456
6.7821128368377686
5.346397876739502
6.487534046173096
6.344720363616943
6.492292404174805
6.195564031600952
6.338018894195557
5.832407712936401
7.023775339126587
6.370417594909668
6.091732025146484
6.6654462814331055
7.789029121398926
5.790210485458374
6.446720123291016
7.098625183105469
6.531829118728638
6.369625568389893
5.849113464355469
5.882554531097412
6.6509199142456055
6.109467267990112
7.055724620819092
6.084473609924316
7.183033227920532
6.613518953323364
5.979499816894531
5.42858624458313
6.804969549179077
6.084406614303589
5.964130640029907
7.331401586532593
6.081280469894409
5.516209363937378
7.245666742324829
6.134200572967529
8.675220489501953
5.695460557937622
6.982526540756226
6.357396364212036
5.936547756195068
6.131133556365967
5.8689141273498535
5.946042060852051
6.03413462638855
6.851960897445679
4.980859279632568
7.329115867614746
6.011085271835327
6.043188571929932
6.005413055419922
6.020009279251099
7.641407489776611
5.673934698104858
5.304306745529175
6.653887510299683
7.4693922996521
6.071349143981934
5.181725025177002
8.455285549163818
4.860123157501221
8.23195743560791
4.9780778884887695
6.804490804672241
5.9971253871917725
5.736640691757202
6.721717357635498
6.185068130493164
6.352613687515259
7.446988105773926
4.813224792480469
8.096735954284668
4.936232328414917
7.295531272888184
4.729753732681274
7.395316123962402
5.0439746379852295
6.948977947235107
5.288848400115967
5.873492002487183
7.140029430389404
5.543478012084961
5.403048992156982
6.931249380111694
4.898222208023071
6.3004679679870605
6.484863042831421
5.168283224105835
6.783041000366211
6.048670053482056
6.057785511016846
6.50803804397583
6.6265645027160645
5.729593515396118
6.1583733558654785
7.788860559463501
6.050356864929199
7.619900226593018
4.897328853607178
9.92464303970337
5.60281229019165
