4.47253680229187
9.531086921691895
5.54401159286499
6.064805746078491
9.227782011032104
5.318549871444702
5.162628650665283
11.495542526245117
6.341545104980469
6.107144832611084
6.578146457672119
8.765203714370728
6.0874998569488525
9.215677738189697
10.107784986495972
6.450048208236694
5.1483118534088135
8.550551652908325
7.27098822593689
6.6716673374176025
9.65413761138916
5.531864643096924
9.614797353744507
7.661149740219116
5.440468072891235
5.416408538818359
4.584678888320923
5.885248899459839
4.441835880279541
5.807749032974243
5.245901346206665
4.88832426071167
4.4305150508880615
4.759408950805664
4.579158782958984
4.808667421340942
4.511059045791626
4.4110777378082275
4.142894983291626
4.622678279876709
3.9396650791168213
4.273040056228638
4.459063529968262
4.455522775650024
3.885382652282715
4.637645959854126
4.194769382476807
4.298509836196899
3.871441125869751
4.1805174350738525
4.233025074005127
4.596124649047852
4.180521488189697
6.281535863876343
5.693708181381226
5.769843578338623
4.514338493347168
4.716169595718384
4.1667468547821045
4.580909252166748
4.28923773765564
4.386738538742065
4.202427387237549
5.533766746520996
5.311139345169067
5.030065298080444
6.042802572250366
5.199359178543091
5.183323860168457
5.708807706832886
5.4911558628082275
6.42899489402771
5.88398551940918
5.666286945343018
6.212491273880005
6.20783543586731
6.300248622894287
6.976534366607666
6.7829368114471436
6.260996103286743
6.7204859256744385
6.094569206237793
7.537823677062988
7.766960144042969
6.36246395111084
6.214597702026367
5.928661584854126
6.198745965957642
5.687105178833008
6.087714433670044
5.702964544296265
6.04028844833374
5.47162938117981
5.790255308151245
5.687260866165161
6.743882656097412
6.263155221939087
7.139700412750244
7.069005012512207
8.031067132949829
7.485369682312012
7.277505397796631
6.928507089614868
9.41626238822937
6.190927505493164
7.05036997795105
5.768917798995972
6.863137483596802
5.319373369216919
6.2002270221710205
5.467371463775635
6.4309916496276855
5.483452558517456
6.546248435974121
6.57300329208374
5.808166980743408
6.275057554244995
5.909615755081177
6.128470182418823
6.155681371688843
5.735187530517578
6.5791871547698975
6.328053951263428
6.175941705703735
6.043843746185303
6.433086633682251
6.467944860458374
7.238988399505615
6.23328709602356
5.798506021499634
5.965341091156006
5.862315654754639
5.749024868011475
6.708142280578613
5.688856840133667
6.548675537109375
5.969501972198486
6.571953058242798
6.373500823974609
6.308576822280884
5.984534502029419
6.189735412597656
5.681668519973755
6.632993698120117
6.083547592163086
6.246479511260986
5.7655205726623535
