5.892741918563843
7.261665344238281
5.709465503692627
5.877224683761597
5.972961664199829
7.074720859527588
5.743713855743408
7.059041500091553
6.229172468185425
7.215271711349487
6.079690933227539
5.7004714012146
6.340010404586792
6.8762125968933105
6.0762763023376465
6.51842999458313
6.257282733917236
6.057894706726074
5.952469348907471
5.868996858596802
6.288262844085693
6.778883218765259
6.3496809005737305
6.499758958816528
6.4238080978393555
8.990403890609741
6.797616958618164
6.2994091510772705
6.27303147315979
6.999682426452637
5.943816900253296
6.968193769454956
7.140591621398926
7.985188007354736
5.392314672470093
7.283400535583496
7.220182418823242
5.432144641876221
7.396636247634888
6.692992925643921
6.334769248962402
8.30712604522705
5.465144634246826
6.425559997558594
6.840089797973633
7.3798487186431885
5.477192640304565
6.374547719955444
6.759464263916016
7.087806463241577
6.233140468597412
6.036070823669434
6.494652271270752
7.309399366378784
6.731564998626709
6.203756093978882
6.016546726226807
6.9815263748168945
4.713061094284058
4.820204019546509
4.867063760757446
4.878005266189575
4.554102420806885
4.861019849777222
4.8439552783966064
5.095395803451538
4.752356052398682
4.986164093017578
4.831257104873657
5.274981737136841
4.793612003326416
5.165404558181763
5.02794075012207
5.312130451202393
4.7693421840667725
5.26701545715332
5.242954730987549
5.7374794483184814
5.10916805267334
5.5410919189453125
5.299965858459473
5.487385034561157
5.240386247634888
5.422072649002075
5.239171743392944
5.755146026611328
5.418172121047974
5.790160179138184
5.983718395233154
6.013912916183472
4.890203237533569
6.13969612121582
5.9353368282318115
5.658226013183594
5.347676038742065
6.598604917526245
5.446397066116333
5.828940391540527
5.889991283416748
5.444595813751221
6.227442502975464
5.708014965057373
6.188083648681641
5.987054824829102
5.6392786502838135
6.847769260406494
5.485907793045044
5.870030403137207
6.319259405136108
6.717173337936401
5.769119501113892
5.676320791244507
6.0682923793792725
5.726862668991089
5.783953428268433
6.798391103744507
6.064702749252319
6.094574689865112
5.074628114700317
6.153599500656128
5.883922576904297
6.373306751251221
6.138088941574097
6.08490252494812
5.9163360595703125
5.9714155197143555
4.86179256439209
6.2136595249176025
6.018353700637817
6.244241714477539
6.112451791763306
5.936447858810425
6.037708759307861
6.03450870513916
5.857769250869751
5.873351335525513
5.603707551956177
5.938775062561035
5.937312364578247
7.0198073387146
6.922362804412842
7.020129919052124
4.92867112159729
7.789844989776611
6.4392430782318115
6.202990531921387
