9.644917964935303
8.22969651222229
7.983771562576294
8.876213788986206
8.11857271194458
8.023407220840454
9.265111923217773
9.935190916061401
9.624518632888794
9.515091896057129
10.063013792037964
9.95394253730774
9.783270120620728
10.260040044784546
9.608007431030273
9.877874374389648
9.713879585266113
9.862633228302002
9.708556175231934
10.384859561920166
10.34088683128357
10.786109685897827
11.191524267196655
12.009620666503906
11.067787885665894
12.35694694519043
11.864447832107544
11.455103397369385
12.715611457824707
12.511302471160889
12.244163036346436
12.57732629776001
12.653260469436646
13.554569005966187
13.19567084312439
12.433558225631714
13.264025449752808
12.866986989974976
14.205788850784302
12.277918100357056
13.73121452331543
13.27664065361023
13.039782285690308
12.189300537109375
14.573189973831177
12.324120044708252
12.524964570999146
12.367979049682617
11.132584571838379
12.61979341506958
14.880760192871094
12.903503894805908
10.765239953994751
14.831786632537842
13.890821933746338
13.751308917999268
12.988871812820435
12.960708856582642
13.146442174911499
13.412609815597534
14.349189043045044
14.071810960769653
14.53349494934082
14.269455909729004
13.485239028930664
14.729557752609253
13.892163515090942
13.402892351150513
11.167066097259521
13.63627290725708
14.890151500701904
9.682766199111938
10.26776647567749
10.335389852523804
10.951356887817383
10.201383113861084
10.786639928817749
