11.25229024887085
11.678969144821167
11.01213550567627
12.636146306991577
10.781787872314453
11.293596267700195
12.229619026184082
10.778944730758667
11.401890516281128
11.650026559829712
11.2333242893219
11.234594821929932
12.099270343780518
11.211970090866089
11.576806783676147
11.882086038589478
12.303076267242432
10.980642557144165
11.42624545097351
11.690581560134888
11.467297077178955
11.387988328933716
11.678250312805176
11.9365553855896
11.199477434158325
11.20845627784729
11.242255926132202
12.103703022003174
10.495527029037476
12.455760717391968
10.942591905593872
13.241782426834106
12.360878705978394
12.315567970275879
12.446178197860718
13.740710496902466
11.112810134887695
13.347154378890991
13.988375663757324
13.570523977279663
12.576600551605225
13.904162883758545
15.401409149169922
14.109299421310425
12.176028966903687
13.351234912872314
14.477373361587524
14.379143714904785
13.09773063659668
12.582146883010864
12.68539571762085
14.336130857467651
13.780667066574097
13.353315591812134
13.141467571258545
12.845353364944458
10.872798204421997
13.019906997680664
12.762635231018066
15.127769708633423
12.790446281433105
12.891229391098022
13.520982027053833
15.82357907295227
13.338115930557251
12.393202543258667
13.893595695495605
15.322799444198608
11.13267469406128
10.04050350189209
12.09137511253357
10.790560245513916
10.38155722618103
