8.731721639633179
15.173316955566406
16.317376136779785
8.210384368896484
19.592079877853394
14.061569690704346
8.52506685256958
23.873752117156982
11.059280157089233
10.362125158309937
23.80382513999939
15.470849514007568
8.369715690612793
16.38953709602356
8.92369818687439
9.679995775222778
8.663086652755737
9.192924976348877
9.458303928375244
9.722264051437378
8.985177755355835
9.163386821746826
9.173844814300537
9.639204502105713
9.150790691375732
9.510794162750244
9.348780155181885
10.12843370437622
9.064658641815186
9.726634502410889
9.783631086349487
10.416026830673218
9.741094827651978
9.61030101776123
9.824429750442505
10.921191692352295
9.617281913757324
9.293230533599854
9.729443788528442
11.20522689819336
10.591588020324707
9.608998775482178
9.772265672683716
10.97018313407898
9.303914308547974
12.008507013320923
8.473385334014893
10.290889739990234
10.891111135482788
10.549556255340576
10.198777675628662
10.302997827529907
9.679779291152954
9.6404869556427
11.384036302566528
11.911821365356445
11.185504913330078
8.975983142852783
11.698994874954224
11.679904222488403
10.938984155654907
9.012639045715332
13.231187105178833
11.618361234664917
12.648257493972778
10.808490753173828
10.597961902618408
11.505386352539062
9.803702354431152
10.485026597976685
11.263041734695435
11.096412181854248
11.498605251312256
9.917645454406738
10.74416732788086
12.138754844665527
9.919327020645142
9.699690580368042
9.796056747436523
10.723943710327148
13.410407304763794
8.377233505249023
11.107582330703735
