11.383562564849854
11.161459922790527
10.422777652740479
11.129053831100464
11.531962633132935
11.180049657821655
10.417974472045898
12.168884515762329
9.235491752624512
12.413314580917358
11.453898429870605
9.693205833435059
11.41200566291809
11.470860242843628
9.896261930465698
11.902865886688232
11.270011901855469
10.118598461151123
9.923323392868042
9.751009464263916
11.254724979400635
10.64131236076355
10.842066049575806
10.67250943183899
11.984098196029663
10.95308542251587
11.723585605621338
12.17214846611023
12.273948431015015
11.17689847946167
10.64216423034668
10.706884622573853
9.760658264160156
9.904752254486084
9.925683736801147
9.480376482009888
9.465136766433716
8.360310792922974
8.75439977645874
9.612754821777344
11.308448553085327
11.116700887680054
11.52336597442627
10.472247123718262
10.605241775512695
11.095332860946655
10.941819667816162
13.026329517364502
11.213268995285034
11.843173503875732
11.138964891433716
10.933659315109253
9.918700218200684
11.436225652694702
8.349339246749878
8.55866026878357
9.276510000228882
12.453910827636719
11.317987442016602
11.641927480697632
11.50794792175293
9.458994626998901
10.983590602874756
11.433480262756348
8.899916172027588
10.707314252853394
10.642091512680054
12.065574884414673
11.677831172943115
8.653861999511719
11.814905166625977
11.187410831451416
12.944748640060425
12.088357925415039
12.738391876220703
13.371066093444824
10.192164421081543
16.024221181869507
7.963907241821289
17.646204471588135
8.42575979232788
20.442354440689087
