0.0005140304565429688
0.0009539127349853516
0.0010006427764892578
0.0010025501251220703
0.0010004043579101562
0.0010561943054199219
0.0010013580322265625
0.0009768009185791016
0.0009989738464355469
0.0009837150573730469
0.0020017623901367188
0.0010063648223876953
0.0009996891021728516
0.0012462139129638672
0.0030024051666259766
0.0009999275207519531
0.0019991397857666016
0.0009996891021728516
0.0009930133819580078
0.0020020008087158203
0.002001047134399414
0.0009984970092773438
0.003000020980834961
0.0019989013671875
0.00099945068359375
0.0020062923431396484
0.0019996166229248047
0.0009918212890625
0.00226593017578125
0.0024864673614501953
0.001922607421875
0.005001068115234375
0.0019996166229248047
0.002000093460083008
0.003107309341430664
0.001987457275390625
0.0030667781829833984
0.002000570297241211
0.0039997100830078125
0.0020003318786621094
0.0020024776458740234
0.0030014514923095703
0.003998994827270508
0.004992961883544922
0.003536224365234375
0.006997108459472656
0.003000020980834961
0.003000974655151367
0.0030066967010498047
0.0020012855529785156
0.0030002593994140625
0.007995843887329102
0.004298210144042969
0.0050008296966552734
0.004001617431640625
0.0030019283294677734
0.00516200065612793
0.0047342777252197266
0.004835367202758789
0.005002737045288086
0.0030012130737304688
0.004002809524536133
0.006001949310302734
0.004001140594482422
0.004000663757324219
0.0029747486114501953
0.007002115249633789
0.0030007362365722656
0.004002809524536133
0.0027091503143310547
0.00400090217590332
0.0029938220977783203
0.005970954895019531
