0.0020041465759277344
0.003998994827270508
0.0060024261474609375
0.004002809524536133
0.004014492034912109
0.003000020980834961
0.003984928131103516
0.0035102367401123047
0.0039980411529541016
0.003000974655151367
0.004357576370239258
0.002998828887939453
0.005509138107299805
0.006803274154663086
0.00500798225402832
0.004996299743652344
0.004985809326171875
0.005291938781738281
0.008008956909179688
0.007587432861328125
0.0034804344177246094
0.0050008296966552734
0.00500178337097168
0.005997657775878906
0.0060002803802490234
0.005013942718505859
0.004004001617431641
0.006994962692260742
0.00699925422668457
0.0050013065338134766
0.005009174346923828
0.0066814422607421875
0.011997461318969727
0.004998922348022461
0.011000633239746094
0.0060002803802490234
0.005017518997192383
0.007526397705078125
0.011001110076904297
0.015000581741333008
0.009001731872558594
0.007068634033203125
0.005025148391723633
0.007009744644165039
0.011526823043823242
0.007004499435424805
0.006999015808105469
0.013062238693237305
0.0070035457611083984
0.006052732467651367
0.007523775100708008
0.005002737045288086
0.005005836486816406
0.009998083114624023
0.007532596588134766
0.00926351547241211
0.005001068115234375
0.015715360641479492
0.0070037841796875
0.005999565124511719
0.008003711700439453
0.005706310272216797
0.006108999252319336
0.014554977416992188
0.046006202697753906
0.020004987716674805
0.012534379959106445
0.018009424209594727
0.006003379821777344
0.006420612335205078
0.006506919860839844
0.007173776626586914
0.008000850677490234
0.00926065444946289
0.010003089904785156
0.007999181747436523
0.009000062942504883
