0.0
0.002001047134399414
0.0009992122650146484
0.0009925365447998047
0.002004384994506836
0.0009996891021728516
0.001998424530029297
0.0019981861114501953
0.0010075569152832031
0.001997232437133789
0.003002166748046875
0.0009996891021728516
0.0010020732879638672
0.0020017623901367188
0.0010025501251220703
0.001001596450805664
0.0009982585906982422
0.001514434814453125
0.0009932518005371094
0.002002239227294922
0.003996849060058594
0.0020084381103515625
0.0015332698822021484
0.0010006427764892578
0.0020012855529785156
0.0010004043579101562
0.0020012855529785156
0.0019943714141845703
0.002001523971557617
0.0029828548431396484
0.002001523971557617
0.0020227432250976562
0.0009894371032714844
0.0029993057250976562
0.003972768783569336
0.0020012855529785156
0.003999233245849609
0.0010004043579101562
0.0020220279693603516
0.002679586410522461
0.003000974655151367
0.0030035972595214844
0.0020024776458740234
0.005005359649658203
0.004120826721191406
0.0030012130737304688
0.0019998550415039062
0.0020067691802978516
0.0030090808868408203
0.005001544952392578
0.0029942989349365234
0.004000663757324219
0.003002643585205078
0.002998828887939453
0.0050466060638427734
0.0030002593994140625
0.00599980354309082
0.005001544952392578
0.0030002593994140625
0.004002094268798828
0.0035486221313476562
0.00299835205078125
0.003000974655151367
0.00500178337097168
0.0030052661895751953
0.0058248043060302734
0.0050008296966552734
0.003007650375366211
0.005081653594970703
0.002990245819091797
0.003029346466064453
0.0030183792114257812
0.006998777389526367
0.0040018558502197266
0.005517482757568359
0.0037496089935302734
0.003000974655151367
0.00599980354309082
0.0030066967010498047
0.004987239837646484
0.003998279571533203
0.00400853157043457
0.005223512649536133
