0.0022530555725097656
0.0030105113983154297
0.00711369514465332
0.004011392593383789
0.00299835205078125
0.0030002593994140625
0.003017425537109375
0.006001472473144531
0.004519462585449219
0.004243612289428711
0.006002187728881836
0.0030012130737304688
0.005141496658325195
0.0039937496185302734
0.003998517990112305
0.004002094268798828
0.006001710891723633
0.00481867790222168
0.004747867584228516
0.00571441650390625
0.0060045719146728516
0.004506587982177734
0.006518840789794922
0.006003856658935547
0.005084037780761719
0.0059947967529296875
0.004000663757324219
0.004000425338745117
0.006030559539794922
0.006026029586791992
0.003986358642578125
0.005001544952392578
0.004007816314697266
0.004000186920166016
0.005999565124511719
0.0049991607666015625
0.004003763198852539
0.003998994827270508
0.006002664566040039
0.005001068115234375
0.006002664566040039
0.0069997310638427734
0.0059964656829833984
0.008002042770385742
0.00500035285949707
0.005002260208129883
0.00499725341796875
0.00700068473815918
0.004006624221801758
0.007002115249633789
0.0059969425201416016
0.012005805969238281
0.0050008296966552734
0.004010677337646484
0.005004167556762695
0.006020784378051758
0.007001399993896484
0.013990402221679688
0.010648727416992188
0.008002758026123047
0.0070018768310546875
0.0050144195556640625
0.006350517272949219
0.007000446319580078
0.013422489166259766
0.014150619506835938
0.008998870849609375
0.00601506233215332
0.006001949310302734
0.013565540313720703
0.01942276954650879
0.005328178405761719
0.005000114440917969
0.005343198776245117
0.005516767501831055
0.006997108459472656
0.00898432731628418
0.0059888362884521484
0.0057566165924072266
0.005000591278076172
0.006995439529418945
0.016524076461791992
