8.599637031555176
14.693003177642822
16.175431966781616
8.06925344467163
19.137636423110962
13.917872905731201
8.133873462677002
23.516722679138184
10.906705379486084
10.071763515472412
23.36084222793579
15.31504225730896
8.216486692428589
16.15268564224243
8.780940532684326
9.5239839553833
8.506174802780151
9.034183502197266
9.231815814971924
9.546525239944458
8.742676973342896
9.011155605316162
9.020358085632324
9.480035543441772
8.996071100234985
9.327989101409912
9.19109582901001
9.938200950622559
8.833064079284668
9.553437948226929
9.610215663909912
10.257120132446289
9.597511053085327
9.405643939971924
9.559705972671509
10.776049613952637
9.309532880783081
9.144218683242798
9.566476821899414
11.036724328994751
10.431167364120483
9.454082489013672
9.61836314201355
10.647509813308716
9.021010875701904
11.834503173828125
8.308269023895264
10.143090963363647
10.714341163635254
10.304396152496338
10.029399871826172
10.091410160064697
9.52043628692627
9.455610990524292
11.134074926376343
11.738970756530762
10.945187091827393
8.686758279800415
11.469637155532837
11.415313959121704
10.747212409973145
8.851951122283936
12.966126680374146
11.273966550827026
12.494000911712646
10.490751504898071
10.42214035987854
11.32951807975769
9.472742319107056
10.307666063308716
11.093808650970459
10.916269302368164
11.166863679885864
9.735540390014648
10.349385261535645
11.98400092124939
9.77372932434082
9.425787925720215
9.631072282791138
10.576550006866455
13.240593671798706
8.22751784324646
10.947586297988892
