0.03303027153015137
0.0363006591796875
0.03700876235961914
0.05973339080810547
0.019735336303710938
0.02151012420654297
0.01900029182434082
0.03217458724975586
0.021006107330322266
0.024005413055419922
0.020922183990478516
0.02686786651611328
0.04736733436584473
0.02894449234008789
0.020014524459838867
0.028034210205078125
0.023072481155395508
0.027860164642333984
0.02120065689086914
0.05054187774658203
0.021924972534179688
0.03339266777038574
0.029008150100708008
0.0360720157623291
0.04492664337158203
0.03297996520996094
0.030048131942749023
0.04330849647521973
0.028067827224731445
0.043288230895996094
0.019045591354370117
0.030136823654174805
0.06715726852416992
0.028145313262939453
0.02452254295349121
0.021860837936401367
0.03358173370361328
0.059903860092163086
0.04757189750671387
0.04403114318847656
0.044100284576416016
0.0335385799407959
0.03414320945739746
0.027201175689697266
0.061369895935058594
0.027040958404541016
0.029002666473388672
0.04733586311340332
0.03061532974243164
0.02725696563720703
0.03487706184387207
0.03183722496032715
0.03242135047912598
0.042001962661743164
0.03455066680908203
0.04384183883666992
0.019011735916137695
0.0755465030670166
0.024521827697753906
0.02507185935974121
0.027634859085083008
0.024003028869628906
0.028006315231323242
0.047945261001586914
0.04205441474914551
0.042532920837402344
0.0430905818939209
0.054077863693237305
0.029855966567993164
0.03163552284240723
0.031529903411865234
0.03190803527832031
0.02879047393798828
0.023004531860351562
0.023896217346191406
0.025189876556396484
0.026006221771240234
