9.505667924880981
8.045107126235962
7.752600431442261
8.609935760498047
7.974794864654541
7.869830131530762
9.118598937988281
9.768355131149292
9.473052263259888
9.36117696762085
9.90192174911499
9.761519432067871
9.509101629257202
9.990397453308105
9.458348512649536
9.71131706237793
9.555902481079102
9.684898138046265
9.480305910110474
10.111374139785767
10.191650152206421
10.604520797729492
11.006242990493774
11.785583019256592
10.837807655334473
12.156832933425903
11.689920902252197
11.172756671905518
12.523093700408936
12.267298698425293
12.081531286239624
12.382890939712524
12.316094160079956
13.360559701919556
12.936326265335083
12.265609979629517
13.057999849319458
12.520339012145996
13.914221286773682
12.004540920257568
13.464288711547852
13.071773052215576
12.83127236366272
12.007538080215454
14.275480508804321
12.111914873123169
12.334377527236938
12.083582639694214
10.947063207626343
12.449303388595581
14.636873722076416
12.685049533843994
10.583052635192871
14.544994354248047
13.69055962562561
13.487690210342407
12.823297023773193
12.59211778640747
12.962894439697266
13.217403173446655
14.17312216758728
13.886372327804565
14.338048219680786
13.919281959533691
13.096417427062988
14.415533065795898
13.577590942382812
13.065676927566528
10.983478784561157
13.443625450134277
14.707192659378052
9.479796886444092
10.070387840270996
10.152158975601196
10.7617506980896
10.01430058479309
10.593023300170898
