11.22548246383667
10.972280025482178
10.047132015228271
10.973236322402954
11.36847448348999
11.010823965072632
10.266734838485718
11.958528280258179
9.06852102279663
12.238619565963745
11.235135793685913
9.526391983032227
11.229077339172363
11.260432958602905
9.73427963256836
11.721421241760254
10.978076457977295
9.903595447540283
9.746495008468628
9.550748825073242
11.05329966545105
10.45975375175476
10.565673828125
10.487915515899658
11.694274663925171
10.691974878311157
11.538796663284302
11.977227926254272
12.067424058914185
10.982198238372803
10.469911575317383
10.534899473190308
9.602362632751465
9.73672366142273
9.752270698547363
9.306127309799194
9.305734395980835
8.2056245803833
8.597115278244019
9.392125606536865
11.037413597106934
10.785396337509155
11.356833457946777
10.252360820770264
10.428028106689453
10.93241286277771
10.771464824676514
12.807989597320557
11.028072118759155
11.63391375541687
10.98242974281311
10.619708061218262
9.767126560211182
11.280771017074585
8.192736864089966
8.409950256347656
9.046926259994507
12.210844278335571
11.05290961265564
11.439388513565063
11.198312520980835
9.311907529830933
10.827878475189209
11.23662519454956
8.554341316223145
10.35720157623291
10.338837385177612
11.878403902053833
11.493109464645386
8.218472003936768
11.358568668365479
11.037187099456787
12.789495944976807
11.933748006820679
12.59532618522644
13.185197591781616
9.99782109260559
15.871255874633789
7.820781230926514
17.490904331207275
8.280343055725098
20.054941177368164
