11.086804866790771
11.496169328689575
10.825076580047607
12.41306757926941
10.574162006378174
11.109703302383423
12.0426344871521
10.5816068649292
11.20987844467163
11.458994150161743
11.032822132110596
11.058708190917969
11.928346157073975
10.979105949401855
11.371641397476196
11.683056116104126
12.139048099517822
10.7887864112854
11.241960048675537
11.503982543945312
11.286210060119629
11.222226858139038
11.414593935012817
11.763601064682007
11.034729242324829
11.041383028030396
11.059359550476074
11.91694450378418
10.330254554748535
12.247080326080322
10.76238226890564
12.842464685440063
12.167341947555542
12.119507312774658
12.043861627578735
13.552963733673096
10.940154314041138
13.16622281074524
13.604028701782227
13.374347448348999
12.39041519165039
13.732045888900757
15.037617921829224
13.745884895324707
11.977914571762085
13.13857388496399
14.193559169769287
14.192570686340332
12.929006338119507
12.410741090774536
12.495065450668335
13.882081031799316
13.392837524414062
13.037142992019653
12.94779086112976
12.627405643463135
10.563535451889038
12.705631256103516
12.418845415115356
14.773756980895996
12.598599195480347
12.717871904373169
13.180274486541748
15.656674861907959
12.993301391601562
12.217972755432129
13.522455215454102
15.130230188369751
10.860578060150146
9.881176233291626
11.924196243286133
10.583885192871094
10.139649391174316
