0.02391219139099121
0.08701920509338379
0.019048213958740234
0.020026445388793945
0.08157491683959961
0.020003318786621094
0.05001091957092285
0.06252479553222656
0.020006179809570312
0.040967702865600586
0.053006649017333984
0.02800464630126953
0.018648386001586914
0.04900932312011719
0.0162050724029541
0.023360013961791992
0.022006988525390625
0.0200040340423584
0.0410764217376709
0.02752852439880371
0.023095130920410156
0.01917576789855957
0.0200045108795166
0.01854419708251953
0.020722389221191406
0.03301048278808594
0.017998218536376953
0.027318716049194336
0.04004311561584473
0.024268627166748047
0.030017614364624023
0.0262453556060791
0.019999980926513672
0.020033597946166992
0.02652573585510254
0.0237271785736084
0.04690742492675781
0.01852107048034668
0.022190332412719727
0.020862817764282227
0.020479679107666016
0.02956414222717285
0.0230104923248291
0.0452728271484375
0.04922199249267578
0.023058652877807617
0.02600574493408203
0.02286386489868164
0.02204298973083496
0.039415836334228516
0.023015737533569336
0.02600836753845215
0.02201557159423828
0.025307893753051758
0.03624129295349121
0.021002531051635742
0.05053091049194336
0.0469818115234375
0.032010555267333984
0.044595956802368164
0.0310819149017334
0.02540111541748047
0.058069467544555664
0.035369157791137695
0.02199530601501465
0.0388181209564209
0.026737451553344727
0.026010751724243164
0.054337263107299805
0.023006916046142578
0.02007317543029785
0.026062965393066406
0.053121328353881836
0.021978378295898438
0.045517683029174805
0.029291868209838867
0.01901841163635254
0.04278421401977539
0.026782512664794922
0.021005630493164062
0.017786741256713867
0.019034862518310547
0.019329071044921875
