0.028012514114379883
0.030354022979736328
0.05440211296081543
0.023006200790405273
0.020003795623779297
0.02671504020690918
0.0180056095123291
0.025002479553222656
0.025006771087646484
0.019513607025146484
0.029337406158447266
0.02855849266052246
0.026898622512817383
0.029809236526489258
0.01702594757080078
0.024258852005004883
0.04979062080383301
0.031010150909423828
0.0319979190826416
0.03342413902282715
0.02951502799987793
0.021514892578125
0.033525943756103516
0.026030302047729492
0.042101383209228516
0.03301048278808594
0.020512819290161133
0.02493739128112793
0.03303837776184082
0.029088258743286133
0.02500152587890625
0.020180940628051758
0.01970815658569336
0.020005226135253906
0.03077411651611328
0.025005340576171875
0.023942232131958008
0.021019697189331055
0.018450021743774414
0.03102278709411621
0.05001211166381836
0.07219147682189941
0.030960559844970703
0.03271985054016113
0.026007890701293945
0.019002199172973633
0.024175405502319336
0.035010337829589844
0.03083014488220215
0.022340059280395508
0.021990299224853516
0.057013750076293945
0.020005226135253906
0.023014068603515625
0.021495819091796875
0.021051883697509766
0.03199315071105957
0.01801896095275879
0.029030799865722656
0.02495598793029785
0.05101346969604492
0.017997264862060547
0.0180208683013916
0.02301168441772461
0.04788970947265625
0.03798651695251465
0.058957576751708984
0.02101731300354004
0.02703380584716797
0.07854223251342773
0.05942511558532715
0.020373106002807617
0.025172948837280273
0.01900458335876465
0.017951250076293945
0.02322077751159668
0.023513078689575195
0.018018722534179688
0.01999187469482422
0.025559663772583008
0.019569873809814453
0.05240488052368164
