0.028449058532714844
0.026005029678344727
0.023018598556518555
0.036011695861816406
0.0319516658782959
0.02530646324157715
0.026007413864135742
0.034891605377197266
0.024012088775634766
0.024008512496948242
0.02400493621826172
0.025783300399780273
0.026038408279418945
0.03143715858459473
0.027363300323486328
0.02583909034729004
0.02399587631225586
0.03139305114746094
0.025430679321289062
0.025574445724487305
0.022928476333618164
0.024773836135864258
0.030521869659423828
0.025005578994750977
0.026742935180664062
0.021099567413330078
0.030303239822387695
0.02955150604248047
0.022030115127563477
0.033109188079833984
0.029662132263183594
0.06507086753845215
0.030362367630004883
0.0293576717376709
0.060874223709106445
0.027004718780517578
0.029456377029418945
0.02612614631652832
0.06782197952270508
0.022053003311157227
0.025629520416259766
0.02500748634338379
0.05007791519165039
0.06235909461975098
0.028005599975585938
0.02100539207458496
0.06632518768310547
0.023372650146484375
0.02002239227294922
0.02718043327331543
0.026003360748291016
0.06304240226745605
0.05753946304321289
0.04653525352478027
0.028095722198486328
0.03627467155456543
0.03800821304321289
0.04308342933654785
0.05901479721069336
0.07383894920349121
0.030168533325195312
0.023030996322631836
0.0545346736907959
0.01900339126586914
0.04766726493835449
0.02312159538269043
0.06669402122497559
0.03230142593383789
0.0475621223449707
0.020485639572143555
0.019005775451660156
0.03206276893615723
0.03705024719238281
