1.8687305450439453
1.5773673057556152
1.7580845355987549
1.5701103210449219
1.7623977661132812
1.5683798789978027
1.7313735485076904
1.7794013023376465
1.569983959197998
1.7556233406066895
1.5944666862487793
1.7732231616973877
1.5738615989685059
1.7304866313934326
1.7673139572143555
1.5853569507598877
1.7908680438995361
1.5803461074829102
1.7622716426849365
1.5593512058258057
1.7395150661468506
1.7965240478515625
1.5983612537384033
1.805403232574463
1.616070032119751
1.760937213897705
1.5624842643737793
1.7334599494934082
1.7652652263641357
1.5943608283996582
1.7578074932098389
1.6059086322784424
1.8294084072113037
1.6063685417175293
1.724379062652588
1.7794439792633057
1.5720148086547852
1.7622902393341064
1.605360507965088
1.7945377826690674
1.592125415802002
1.7647128105163574
1.7904176712036133
1.6223576068878174
1.7753968238830566
1.6388249397277832
1.7804374694824219
1.6390976905822754
1.7460882663726807
1.7657387256622314
1.5643455982208252
1.7862622737884521
1.5713202953338623
1.7582588195800781
1.7774531841278076
1.6283485889434814
1.767867088317871
1.7974162101745605
1.5943574905395508
1.620952844619751
1.8052730560302734
1.8520941734313965
1.638869047164917
1.64937162399292
1.8302924633026123
1.649388074874878
1.612358570098877
1.8184051513671875
1.6433706283569336
1.6203625202178955
1.579930305480957
1.7674827575683594
1.8030529022216797
1.6143553256988525
1.592498779296875
1.752183198928833
1.8223974704742432
1.6557786464691162
1.588366985321045
1.8154025077819824
1.6129331588745117
1.5909783840179443
1.807203769683838
1.6170120239257812
1.6489136219024658
1.5760865211486816
1.756422996520996
1.7874641418457031
1.6601383686065674
1.8269774913787842
1.6133630275726318
1.7985186576843262
1.5673494338989258
1.7334027290344238
1.7759242057800293
1.5903642177581787
1.7883028984069824
1.5737800598144531
1.7543909549713135
1.5653657913208008
1.7363944053649902
1.7677185535430908
1.5792248249053955
1.7678797245025635
1.6133663654327393
1.78167724609375
1.5968854427337646
1.7383828163146973
1.779407024383545
1.6043121814727783
1.767815113067627
1.5869009494781494
1.7683959007263184
1.573577880859375
1.729386806488037
1.766404628753662
1.5863521099090576
1.7690768241882324
1.5929539203643799
1.7523815631866455
1.5603489875793457
1.743394136428833
1.7767105102539062
1.6403694152832031
1.864492416381836
1.616363525390625
1.849414587020874
1.6453840732574463
1.8464186191558838
1.8014001846313477
1.7483961582183838
1.9088876247406006
1.7239503860473633
1.822779655456543
1.615365982055664
1.7554116249084473
1.8054203987121582
1.599912166595459
1.8078668117523193
1.6233634948730469
1.8018970489501953
1.822418212890625
1.6474480628967285
1.7633082866668701
1.8274071216583252
1.6543755531311035
1.6073591709136963
1.8164267539978027
1.6113641262054443
1.7827727794647217
1.623368501663208
1.8248882293701172
1.6243655681610107
1.5963566303253174
1.784926176071167
1.8184072971343994
1.6629035472869873
1.6597981452941895
1.8543972969055176
1.6633741855621338
1.6313703060150146
1.838409185409546
1.6613717079162598
1.6363682746887207
1.6573715209960938
1.7564005851745605
1.8051586151123047
1.6168098449707031
1.7944045066833496
1.674628734588623
1.7700419425964355
1.605013370513916
1.8264164924621582
1.8214008808135986
1.5883657932281494
1.8204479217529297
1.5960917472839355
1.7616124153137207
1.5789620876312256
1.7379438877105713
1.8284111022949219
1.5933587551116943
1.775296688079834
1.6003620624542236
1.7622504234313965
1.579782247543335
1.745393991470337
1.782921314239502
1.5859107971191406
1.769493818283081
1.5934088230133057
1.796402931213379
1.5934853553771973
1.7786712646484375
1.8524515628814697
1.6313700675964355
1.8734169006347656
1.6047775745391846
1.8387136459350586
1.6423773765563965
1.7966523170471191
1.802405834197998
1.6033589839935303
1.780397891998291
1.5793566703796387
1.7954108715057373
1.5955445766448975
1.7473936080932617
1.7968096733093262
1.5983641147613525
1.7813928127288818
1.6209781169891357
1.8574168682098389
1.672006607055664
1.83695650100708
1.8374197483062744
1.6275501251220703
1.836972713470459
1.6123628616333008
1.8334081172943115
1.626380443572998
1.7908985614776611
1.8970398902893066
1.6530969142913818
1.8085198402404785
1.589909553527832
1.7979209423065186
1.8304312229156494
1.650301456451416
1.8508470058441162
1.8599882125854492
1.7823872566223145
1.638580560684204
1.8714289665222168
1.625547170639038
1.8257641792297363
1.6019318103790283
1.8794140815734863
1.7063827514648438
1.6123723983764648
1.8214783668518066
1.8464138507843018
1.646357536315918
1.6281588077545166
1.867497444152832
1.673426628112793
1.6674082279205322
1.8614861965179443
1.7274012565612793
1.7603106498718262
1.6623754501342773
1.812922477722168
1.9014194011688232
1.7103826999664307
1.878830909729004
1.6531884670257568
1.8099493980407715
1.6917355060577393
1.9360682964324951
1.960892677307129
1.8259532451629639
1.8912978172302246
1.7188642024993896
1.969433069229126
