1.9092917442321777
1.7255487442016602
1.7619576454162598
1.7641966342926025
1.7710983753204346
1.72975492477417
1.8277764320373535
1.8393878936767578
1.8806607723236084
1.7623698711395264
1.7364006042480469
1.9702458381652832
1.7850720882415771
1.795037031173706
1.795236587524414
1.8478353023529053
1.7397964000701904
1.8789904117584229
1.7711455821990967
1.8254711627960205
1.815253496170044
1.8368074893951416
1.8118908405303955
1.8611407279968262
1.8680076599121094
2.0014593601226807
1.854996681213379
1.791341781616211
1.7535130977630615
1.855825662612915
1.8181540966033936
1.778106927871704
1.7932183742523193
1.7455806732177734
1.9526464939117432
1.8180160522460938
1.7921030521392822
1.812387466430664
1.8375251293182373
1.766033411026001
1.855001449584961
1.8372175693511963
1.8761100769042969
1.8217649459838867
1.8676340579986572
1.8221964836120605
1.7929575443267822
1.7877140045166016
1.852191686630249
1.8231449127197266
1.869765043258667
1.7971646785736084
1.8760931491851807
1.909153699874878
1.8230905532836914
1.7953040599822998
1.9238202571868896
2.212193012237549
2.0242018699645996
1.8262333869934082
1.8616485595703125
1.8358218669891357
1.7703073024749756
1.829681158065796
1.8490493297576904
1.9087207317352295
1.8432683944702148
1.827012538909912
2.0201644897460938
1.846010446548462
1.8642897605895996
1.9890921115875244
1.8928298950195312
1.9136979579925537
1.8804795742034912
2.014864683151245
1.9666121006011963
2.0012099742889404
2.035630226135254
1.9558498859405518
1.971635103225708
1.841529130935669
1.813063621520996
1.8184645175933838
1.9867348670959473
1.8850579261779785
1.9629626274108887
1.8668229579925537
1.9555447101593018
1.9053704738616943
1.9025013446807861
1.8684678077697754
1.882244348526001
1.8933675289154053
2.012620210647583
1.9219608306884766
1.9388492107391357
1.9132952690124512
1.947418451309204
1.9190614223480225
1.8941874504089355
1.8617255687713623
1.7935945987701416
1.9857902526855469
1.9178416728973389
1.8301246166229248
1.8862664699554443
1.9299571514129639
1.9130396842956543
1.8907623291015625
1.8541297912597656
1.9725797176361084
1.8705322742462158
1.9993445873260498
1.8947107791900635
2.0530102252960205
1.943159580230713
1.988006591796875
1.9030635356903076
1.8735661506652832
1.9106473922729492
1.9353291988372803
1.9130489826202393
1.9076809883117676
1.8250625133514404
1.807816743850708
2.082064390182495
1.8933658599853516
1.7938854694366455
1.8367550373077393
1.9721009731292725
1.8597710132598877
1.8818018436431885
1.8252921104431152
1.8849313259124756
1.807185173034668
1.8842980861663818
1.872971534729004
1.8552155494689941
1.8559415340423584
1.8884172439575195
1.9268732070922852
1.8704910278320312
1.8649342060089111
1.8929131031036377
1.8816921710968018
1.8528618812561035
1.883765459060669
1.8918049335479736
1.964123249053955
1.867617130279541
1.9839668273925781
1.8416733741760254
1.8454065322875977
1.9304091930389404
1.9186205863952637
1.7937042713165283
1.8421556949615479
1.8129565715789795
2.0111541748046875
1.8664448261260986
1.8223135471343994
1.788473129272461
1.8094098567962646
1.8597838878631592
1.8533170223236084
1.9475176334381104
1.843740463256836
1.906905174255371
1.8322842121124268
1.9191844463348389
1.8609282970428467
1.9018926620483398
1.8264474868774414
1.9121222496032715
1.8446118831634521
1.9224088191986084
2.0923702716827393
2.0184316635131836
1.9440765380859375
2.0821003913879395
2.0600619316101074
2.022077798843384
2.0312092304229736
2.0113189220428467
1.9392120838165283
1.9262099266052246
1.9155700206756592
1.8504528999328613
1.8710541725158691
1.9523208141326904
2.0908992290496826
1.8901324272155762
1.9525928497314453
1.9191665649414062
1.8947558403015137
2.016650438308716
2.5201761722564697
2.24741792678833
2.6706154346466064
2.530609369277954
2.689483880996704
2.2746903896331787
2.2651257514953613
3.011168956756592
2.7288291454315186
2.5254762172698975
2.6533074378967285
3.18599796295166
2.883899688720703
2.6496353149414062
2.489523410797119
2.5289762020111084
2.3678996562957764
2.262998342514038
2.6080281734466553
2.629276752471924
2.687115430831909
2.7609200477600098
2.77858304977417
2.8810386657714844
2.650858163833618
2.285816192626953
2.5711867809295654
2.269378900527954
2.688713550567627
2.5072197914123535
2.2702174186706543
2.2838525772094727
2.4789552688598633
2.378329277038574
2.844931125640869
2.641756057739258
2.739654541015625
2.4328818321228027
2.3804125785827637
2.232304811477661
2.298581123352051
2.31022047996521
2.269804000854492
2.1604809761047363
2.2744650840759277
2.262798547744751
2.323941230773926
2.2495009899139404
2.3697562217712402
2.4934208393096924
2.344388961791992
2.1621363162994385
2.08140230178833
2.302504777908325
2.0865478515625
2.28593111038208
2.1579036712646484
2.27528715133667
2.3896255493164062
2.29571533203125
2.230246067047119
2.2831335067749023
2.228975534439087
2.181161880493164
2.2469491958618164
2.3784232139587402
2.31168270111084
2.298400402069092
2.1982462406158447
2.192641019821167
2.288412570953369
2.205091714859009
2.20678448677063
2.331040143966675
2.3459219932556152
2.1359410285949707
2.2250232696533203
2.1233901977539062
2.2652533054351807
2.123029947280884
2.170175790786743
2.169032096862793
2.356344223022461
2.1644420623779297
2.195345163345337
2.218478202819824
2.2284598350524902
2.174044370651245
2.1650214195251465
2.1710262298583984
2.061500072479248
2.212855815887451
2.091444253921509
2.0780694484710693
2.0595436096191406
2.1323931217193604
2.0500195026397705
2.1222598552703857
2.087338447570801
2.1525497436523438
2.056861639022827
2.1579675674438477
2.08937931060791
2.1775963306427
2.114072322845459
2.117166519165039
2.1095640659332275
2.213096857070923
2.2574708461761475
2.127871036529541
2.1899611949920654
2.220947265625
2.439502239227295
2.2773590087890625
2.1925063133239746
2.427403450012207
2.7352371215820312
2.7127766609191895
2.5011825561523438
2.2342159748077393
2.3207972049713135
2.1503171920776367
2.162367820739746
2.168192148208618
2.2338058948516846
2.231919527053833
2.243499279022217
2.2656540870666504
2.309022903442383
2.251016855239868
2.6223771572113037
2.367663860321045
2.5319905281066895
2.8460781574249268
2.3445541858673096
2.0936124324798584
2.115511178970337
2.1804566383361816
2.1240854263305664
2.183631181716919
2.1482582092285156
2.1700785160064697
2.0807759761810303
2.154668092727661
2.087292194366455
2.2049245834350586
2.1381947994232178
2.2441468238830566
2.0965464115142822
2.1784420013427734
2.1587700843811035
2.123667001724243
2.1243832111358643
2.0198490619659424
2.1856741905212402
2.064481019973755
2.0431785583496094
2.1261346340179443
2.1955296993255615
2.077427387237549
2.1710615158081055
2.0522775650024414
2.13222336769104
2.064953088760376
2.160585880279541
2.095522165298462
2.1637654304504395
2.1820664405822754
2.119490623474121
2.0872063636779785
2.1806678771972656
2.204899549484253
2.1429524421691895
2.1130034923553467
2.053149938583374
2.179001808166504
2.1417741775512695
1.9712443351745605
2.033904790878296
2.094411849975586
2.064675807952881
2.1045889854431152
2.0431835651397705
2.103320598602295
1.966747760772705
2.125880479812622
2.0832858085632324
2.163560390472412
2.0958762168884277
2.0796399116516113
2.0116357803344727
2.124007225036621
2.103877544403076
2.4706602096557617
2.050990581512451
2.033581018447876
2.160828113555908
2.0093352794647217
1.9959309101104736
2.2000279426574707
2.126054286956787
2.034928560256958
2.127753973007202
1.955261468887329
2.059684991836548
2.0463461875915527
2.2046778202056885
2.105825662612915
2.1066653728485107
2.179224967956543
2.0532374382019043
2.223792791366577
2.185699462890625
2.1269943714141846
2.2069151401519775
2.0098094940185547
1.9267237186431885
2.8280224800109863
2.4672763347625732
2.104170322418213
2.085066556930542
2.0408122539520264
1.9490838050842285
2.0726287364959717
2.00803279876709
1.9956388473510742
1.956812858581543
1.9374346733093262
1.9555494785308838
1.9586858749389648
2.0033833980560303
1.8985588550567627
1.8644182682037354
1.996232032775879
2.0109972953796387
2.6642541885375977
