1.486844778060913
1.6490323543548584
1.695523977279663
1.7022457122802734
1.6866319179534912
1.6773731708526611
1.6711807250976562
1.7162091732025146
1.6967401504516602
1.6987833976745605
1.7153148651123047
1.7569620609283447
1.8077363967895508
1.6945631504058838
1.7029328346252441
1.649169683456421
1.8135337829589844
1.7437334060668945
1.6835482120513916
1.7359468936920166
1.801915168762207
1.7550129890441895
1.7673940658569336
1.73140287399292
1.7653608322143555
1.7025375366210938
1.8501150608062744
1.8001959323883057
1.8292689323425293
1.8137693405151367
1.8046784400939941
1.7484221458435059
1.7926385402679443
1.7815287113189697
1.9456079006195068
1.8427493572235107
1.8551526069641113
1.8221299648284912
1.7555503845214844
1.8806676864624023
1.7589771747589111
1.7587060928344727
1.7501111030578613
1.8549506664276123
1.7687888145446777
1.8172340393066406
1.7348134517669678
1.8243587017059326
1.8263804912567139
1.8009922504425049
1.7752995491027832
1.8073384761810303
1.7493312358856201
1.8083643913269043
1.7574851512908936
1.7468819618225098
1.7922894954681396
1.786353588104248
1.7873523235321045
1.836547613143921
1.7465343475341797
1.7597870826721191
2.019111156463623
1.7685506343841553
1.7472081184387207
1.779999017715454
1.8890902996063232
1.769136905670166
1.7791028022766113
1.721858024597168
1.7845687866210938
1.7102680206298828
1.8198533058166504
1.7466294765472412
1.8219215869903564
1.8011291027069092
1.849541425704956
1.809680461883545
1.7867941856384277
1.8177452087402344
1.8570442199707031
1.8438746929168701
1.83955717086792
1.8103134632110596
1.8417229652404785
1.8884329795837402
1.7764906883239746
1.7443718910217285
1.8196771144866943
1.9207541942596436
1.8247382640838623
1.8671846389770508
1.7866864204406738
1.8563997745513916
1.78718900680542
1.8696961402893066
1.7978794574737549
1.7816457748413086
1.7716004848480225
1.8076503276824951
1.7762017250061035
1.7803637981414795
1.7423746585845947
1.795412302017212
1.7861292362213135
1.7506914138793945
1.7426707744598389
1.7136273384094238
1.8969647884368896
1.7391152381896973
1.770866870880127
1.8603754043579102
