1.922436237335205
1.8173370361328125
1.7894022464752197
1.5853705406188965
1.7762110233306885
1.5853443145751953
1.7753961086273193
1.6563720703125
1.8086130619049072
1.7844610214233398
1.6167113780975342
1.7884032726287842
1.599583625793457
1.7900164127349854
1.5902020931243896
1.755406141281128
1.9335525035858154
1.7361087799072266
1.9284248352050781
1.75822114944458
1.7964105606079102
1.5968451499938965
1.7620351314544678
1.800987958908081
1.6083652973175049
1.8064007759094238
1.6013598442077637
1.8278758525848389
1.6148059368133545
1.7874689102172852
1.8212316036224365
1.6513779163360596
1.8224003314971924
1.678398847579956
1.7921500205993652
1.6189398765563965
1.8087596893310547
1.871429681777954
1.6205863952636719
1.8424131870269775
1.6097652912139893
1.8092591762542725
1.639777421951294
1.7834084033966064
1.7973976135253906
1.6093676090240479
1.7743926048278809
1.6163601875305176
1.7749946117401123
1.9172866344451904
1.702577829360962
1.8114063739776611
1.890425682067871
1.6895358562469482
1.6039111614227295
1.7794032096862793
1.8431425094604492
1.6483712196350098
1.619877576828003
1.8429651260375977
1.6403748989105225
1.6193654537200928
1.84769868850708
1.647897481918335
1.6423695087432861
1.6203663349151611
1.7742044925689697
1.824596881866455
1.6673762798309326
1.6053566932678223
1.7824079990386963
1.8517165184020996
1.6933791637420654
1.650324821472168
1.8494157791137695
1.6433665752410889
1.6343748569488525
1.841407060623169
1.6531767845153809
1.6305458545684814
1.6240901947021484
1.7760367393493652
1.8155264854431152
1.6263706684112549
1.804398775100708
1.5990335941314697
1.8102281093597412
1.6480724811553955
1.8082568645477295
1.809701919555664
1.6053557395935059
1.802555799484253
1.6179230213165283
1.8034045696258545
1.624849557876587
1.7913973331451416
1.8572704792022705
1.6280808448791504
1.7966742515563965
1.6123614311218262
1.8633849620819092
1.624006986618042
1.786193609237671
1.8574185371398926
1.6443684101104736
1.8191893100738525
1.6253650188446045
1.8104047775268555
1.6025781631469727
1.771026611328125
1.7990829944610596
1.6208646297454834
1.839414358139038
1.619568109512329
1.8198473453521729
1.6073641777038574
1.7733938694000244
1.8754217624664307
1.6443688869476318
1.8395280838012695
1.641420841217041
1.8074989318847656
1.6683714389801025
1.780588150024414
1.8134067058563232
1.6188938617706299
1.8148572444915771
1.6123650074005127
1.8373901844024658
1.6420519351959229
1.803638219833374
1.857872724533081
1.6079773902893066
1.8074524402618408
1.6296803951263428
1.7909119129180908
1.8664181232452393
1.6459767818450928
1.8304126262664795
1.8564157485961914
1.7751073837280273
1.6923785209655762
1.8548259735107422
1.9348788261413574
1.6682288646697998
1.7003822326660156
1.8644177913665771
1.652371883392334
1.6401793956756592
1.8604161739349365
1.6623752117156982
1.6495699882507324
1.6152281761169434
1.786860704421997
1.844050645828247
1.706439733505249
1.6333675384521484
1.8105478286743164
1.8504161834716797
1.6913771629333496
1.7078189849853516
1.9252099990844727
1.7350189685821533
1.695373296737671
1.8602993488311768
1.741485595703125
1.736051321029663
1.630486249923706
1.8402044773101807
1.8630754947662354
1.6619575023651123
1.8148610591888428
1.6263642311096191
1.8024051189422607
1.6511025428771973
1.7960443496704102
1.8174073696136475
1.6268861293792725
1.8894319534301758
1.7183804512023926
1.8274085521697998
1.6053595542907715
1.7914135456085205
1.919574499130249
1.648371934890747
1.8721318244934082
1.6293647289276123
1.8012964725494385
1.6353282928466797
1.8724560737609863
1.863426685333252
1.6877965927124023
1.8164076805114746
1.680377721786499
1.910513162612915
1.709380865097046
1.840134620666504
1.8995716571807861
1.7097818851470947
1.8721389770507812
1.6964027881622314
1.8424129486083984
1.6663763523101807
1.798403024673462
1.826258659362793
1.6428723335266113
1.820054054260254
1.623363971710205
1.8697624206542969
1.6765809059143066
1.7903995513916016
1.8403902053833008
1.6463706493377686
1.8954248428344727
1.6633872985839844
1.8143939971923828
1.693986177444458
1.826073169708252
1.843925952911377
1.630366325378418
1.8274097442626953
1.6363677978515625
1.7952580451965332
1.8533995151519775
1.6848878860473633
1.8311612606048584
1.8914263248443604
1.6493699550628662
1.7214927673339844
1.8077428340911865
1.8650891780853271
1.7011656761169434
1.684798002243042
1.9179277420043945
1.69197678565979
1.7489428520202637
1.906435251235962
1.6769063472747803
1.6641509532928467
1.620579481124878
1.854217529296875
1.8834238052368164
1.6916139125823975
1.6393661499023438
1.8194079399108887
1.9228148460388184
1.7008411884307861
1.6446044445037842
1.8737156391143799
1.6703763008117676
1.6394813060760498
1.9095256328582764
1.6893794536590576
1.6653742790222168
1.6275966167449951
1.7768902778625488
1.8430874347686768
1.6469438076019287
1.8254175186157227
1.6678905487060547
1.843411922454834
1.6183629035949707
1.7912466526031494
1.824181318283081
1.6234519481658936
1.8464245796203613
1.6869010925292969
1.8214092254638672
1.6195948123931885
1.797527551651001
1.8255541324615479
1.6564383506774902
1.8235034942626953
1.6364014148712158
1.8354113101959229
1.6703815460205078
1.7953479290008545
1.867419958114624
1.6473720073699951
1.8243696689605713
1.654374361038208
1.8189959526062012
1.640049934387207
1.7934050559997559
1.8352973461151123
1.63710618019104
1.8304133415222168
1.636366844177246
1.8230583667755127
1.6356935501098633
1.7945623397827148
1.8140842914581299
1.6399569511413574
1.8251771926879883
1.6445934772491455
1.8174726963043213
1.6298828125
1.7793986797332764
1.8384146690368652
1.6283652782440186
1.8304033279418945
1.6253619194030762
1.8001611232757568
1.6247498989105225
1.7816004753112793
1.9884116649627686
1.6963820457458496
1.9234318733215332
1.6294243335723877
1.8184056282043457
1.9304347038269043
1.6399717330932617
1.8254075050354004
1.8604450225830078
1.660484790802002
1.6365444660186768
1.8294110298156738
1.64170503616333
1.8434057235717773
1.6493911743164062
1.8423972129821777
1.6546213626861572
1.616361141204834
1.8004043102264404
1.857421636581421
1.6723875999450684
1.657918930053711
1.9024262428283691
1.6712877750396729
1.6719717979431152
1.8694179058074951
1.6842825412750244
1.7023818492889404
1.616361141204834
1.8434154987335205
1.846433162689209
1.631263256072998
1.828064203262329
1.6460998058319092
1.82240629196167
1.6489219665527344
1.8295466899871826
1.8428263664245605
1.6373679637908936
1.8461146354675293
1.6423637866973877
1.8364124298095703
1.6229727268218994
1.7993686199188232
1.8436625003814697
1.6643671989440918
1.8384130001068115
1.6583740711212158
1.8694193363189697
1.684276819229126
1.8124070167541504
1.8876383304595947
1.7113828659057617
1.8948876857757568
1.7152023315429688
1.8473589420318604
1.614363193511963
1.7919120788574219
1.8314177989959717
1.6444694995880127
1.8661620616912842
1.6643643379211426
1.850417137145996
1.6243634223937988
1.8024046421051025
1.8334133625030518
1.656848430633545
1.835742712020874
1.6353778839111328
1.8412716388702393
1.622147560119629
1.8570797443389893
1.8343358039855957
1.6953754425048828
1.9272725582122803
1.7283883094787598
1.8704233169555664
1.6277852058410645
1.7957086563110352
1.8294105529785156
1.6359078884124756
1.8269834518432617
1.635366439819336
1.8146538734436035
1.6178333759307861
1.785062313079834
1.8329730033874512
1.689371109008789
1.8978855609893799
1.7159953117370605
1.8534162044525146
1.8913545608520508
1.7143893241882324
1.884117603302002
1.9237816333770752
1.6723847389221191
1.6423602104187012
1.8364131450653076
1.6493816375732422
1.8475341796875
1.657623291015625
1.869530439376831
1.6614704132080078
1.6283833980560303
1.8114099502563477
1.8810832500457764
1.6721858978271484
1.6587562561035156
1.8643319606781006
1.6793756484985352
1.6543855667114258
1.8814294338226318
1.6825861930847168
1.6533727645874023
1.6268537044525146
1.7991623878479004
1.8344321250915527
1.643460988998413
1.821408748626709
1.6413629055023193
1.8169806003570557
1.6329772472381592
1.7935214042663574
1.8363451957702637
1.6483113765716553
1.842653512954712
1.638573169708252
1.815467357635498
1.6282405853271484
1.831411600112915
1.8694171905517578
1.6773772239685059
1.8410630226135254
1.6665105819702148
1.8502516746520996
1.6724579334259033
1.8324096202850342
1.8778481483459473
1.7013778686523438
1.8874244689941406
1.703552484512329
1.8494141101837158
1.6484606266021729
1.807419776916504
1.8824071884155273
1.6518702507019043
1.8484129905700684
1.6558434963226318
1.9190127849578857
1.667708158493042
1.8344194889068604
1.8586037158966064
1.6483714580535889
1.859417200088501
1.6753761768341064
1.8734209537506104
1.783083438873291
1.8634119033813477
1.8453609943389893
1.6590838432312012
1.8807501792907715
1.663374423980713
1.8852462768554688
1.6583693027496338
1.848419189453125
1.928429126739502
1.714803695678711
1.9233238697052002
1.7171909809112549
1.8589861392974854
1.6703753471374512
1.8619458675384521
1.8956778049468994
1.6805870532989502
1.8433420658111572
1.6680772304534912
1.8226103782653809
1.8314099311828613
1.6603717803955078
1.8179032802581787
1.8824570178985596
1.6823763847351074
1.6529674530029297
1.8454134464263916
1.6579458713531494
1.8642091751098633
1.6729207038879395
1.8711671829223633
1.687371015548706
1.6526637077331543
1.8328685760498047
1.8824162483215332
1.710383415222168
1.6702320575714111
1.8854246139526367
1.687378168106079
1.6701996326446533
1.896073818206787
1.6887764930725098
1.7113773822784424
1.6683735847473145
1.8524203300476074
1.8935914039611816
1.654944896697998
1.893425464630127
1.6613047122955322
1.8345177173614502
1.6972601413726807
1.8304226398468018
