0.0010018348693847656
0.0009992122650146484
0.0
0.0010066032409667969
0.0010001659393310547
0.001001596450805664
0.0009984970092773438
0.0009996891021728516
0.00099945068359375
0.0009987354278564453
0.0010051727294921875
0.0010085105895996094
0.002000570297241211
0.0009996891021728516
0.0009908676147460938
0.0019991397857666016
0.002002239227294922
0.003994464874267578
0.003998756408691406
0.004002094268798828
0.00400090217590332
0.0029997825622558594
0.003996133804321289
0.00400233268737793
0.003992319107055664
0.004000186920166016
0.003998517990112305
0.003987789154052734
0.003999948501586914
0.003998517990112305
0.004002571105957031
0.005010366439819336
0.004000186920166016
0.00500035285949707
0.004003286361694336
0.003997802734375
0.003999948501586914
0.003011465072631836
0.003994464874267578
0.00399470329284668
0.004029512405395508
0.004008293151855469
0.003993511199951172
0.004994869232177734
0.003989458084106445
0.00500035285949707
0.004994869232177734
0.004004240036010742
0.005005359649658203
0.005002021789550781
0.004002809524536133
0.004002571105957031
0.006997823715209961
0.005994081497192383
0.005000591278076172
0.004990816116333008
0.005982875823974609
0.004994392395019531
0.004987955093383789
0.006001472473144531
0.0059967041015625
0.005990743637084961
0.0060024261474609375
0.006001710891723633
0.0060024261474609375
0.007002115249633789
0.005986452102661133
0.006003856658935547
0.0060045719146728516
0.0060002803802490234
0.0059967041015625
0.006001710891723633
0.006993770599365234
0.0059964656829833984
0.005997180938720703
0.005993843078613281
0.006002902984619141
0.00598907470703125
0.006999969482421875
0.007001399993896484
0.007001399993896484
0.0070002079010009766
0.005989551544189453
0.006989955902099609
0.008996009826660156
0.006998538970947266
0.006990671157836914
0.0069882869720458984
0.0070018768310546875
0.007000923156738281
0.0069997310638427734
0.009009838104248047
0.007987260818481445
0.006986379623413086
0.007995367050170898
0.007988691329956055
0.007995128631591797
0.007002592086791992
0.007988929748535156
0.006999492645263672
0.007989645004272461
0.007988214492797852
0.007999420166015625
0.008999347686767578
0.008987665176391602
0.009003639221191406
0.009003877639770508
0.009002685546875
0.008001565933227539
0.008994817733764648
0.008000850677490234
0.007989645004272461
0.007997751235961914
0.00900125503540039
0.008994817733764648
0.008001327514648438
0.009987115859985352
0.008002519607543945
0.009003162384033203
0.009000778198242188
0.010994195938110352
0.007995843887329102
0.00899505615234375
0.008999347686767578
0.00998830795288086
0.00898599624633789
0.009994745254516602
0.009990453720092773
0.009009122848510742
0.009999275207519531
0.008989095687866211
0.009002447128295898
0.010994434356689453
0.010001420974731445
0.010003089904785156
0.009003162384033203
0.011000633239746094
0.010999202728271484
0.00900125503540039
0.01000070571899414
0.011004924774169922
0.00998377799987793
0.010001659393310547
0.010003328323364258
0.01000070571899414
0.011003732681274414
0.010993242263793945
0.010988950729370117
0.011004209518432617
0.010996103286743164
0.011005878448486328
0.009999752044677734
0.01100301742553711
0.013002395629882812
0.010989189147949219
0.011003971099853516
0.011003255844116211
0.01098942756652832
0.011005163192749023
0.012003421783447266
0.012017965316772461
0.011906147003173828
0.012012958526611328
0.011005163192749023
0.011002540588378906
0.010987281799316406
0.012003660202026367
0.012995004653930664
0.012002229690551758
0.011995792388916016
0.01300358772277832
0.011990070343017578
0.012995719909667969
0.012003421783447266
0.014002561569213867
0.013003826141357422
0.011989355087280273
0.012988805770874023
0.012996435165405273
0.011986017227172852
0.011988639831542969
0.01298832893371582
0.013003110885620117
0.013005733489990234
0.013005733489990234
0.01299595832824707
0.012994766235351562
0.01300358772277832
0.013004064559936523
0.01400136947631836
0.01298975944519043
0.014002323150634766
0.013990402221679688
0.013994693756103516
0.013004302978515625
0.01299428939819336
0.014659404754638672
0.016004085540771484
0.014002561569213867
0.01299905776977539
0.015002727508544922
0.01500248908996582
0.01499032974243164
0.013984918594360352
0.013990163803100586
0.013008356094360352
0.014003753662109375
0.014003992080688477
0.013995647430419922
0.01500391960144043
0.013989925384521484
0.013995647430419922
0.015006303787231445
0.015001058578491211
0.015017271041870117
0.015991687774658203
0.015004158020019531
0.013988971710205078
0.013999462127685547
0.013988733291625977
0.014998912811279297
0.015002250671386719
0.014988899230957031
0.015002727508544922
0.016002655029296875
0.015995025634765625
0.015005111694335938
0.014997005462646484
0.015002965927124023
0.014996051788330078
0.01600503921508789
0.014000415802001953
0.016002655029296875
0.015004396438598633
0.015996694564819336
0.01700115203857422
0.017011642456054688
0.018004417419433594
0.01801156997680664
0.016999006271362305
0.01800370216369629
0.024006366729736328
0.017995357513427734
0.018001556396484375
0.018002033233642578
0.01900482177734375
0.018041133880615234
0.01800394058227539
0.019001245498657227
0.0179901123046875
0.020103931427001953
0.01900339126586914
0.01899576187133789
0.01799321174621582
0.019004106521606445
0.019002676010131836
0.018990516662597656
0.019999980926513672
0.01901102066040039
0.019005298614501953
0.019004344940185547
0.01898980140686035
0.020996570587158203
0.021990060806274414
0.019994735717773438
0.020003795623779297
0.0200045108795166
0.01898980140686035
0.019997119903564453
0.0200045108795166
0.020009756088256836
0.019999265670776367
0.020997285842895508
0.01999831199645996
0.020003318786621094
0.019997835159301758
0.02100348472595215
0.0200042724609375
0.019993066787719727
0.01999068260192871
0.020007610321044922
0.021993160247802734
0.02100396156311035
0.01999068260192871
0.020991086959838867
0.020997285842895508
0.022008180618286133
0.020992279052734375
0.02201104164123535
0.021007299423217773
0.020998716354370117
0.020990371704101562
0.02098989486694336
0.020998716354370117
0.021999359130859375
0.022004365921020508
0.02099013328552246
0.0220034122467041
0.02100658416748047
0.021999120712280273
0.02200627326965332
0.020986080169677734
0.020999908447265625
0.022997617721557617
0.021999597549438477
0.024004220962524414
0.02199244499206543
0.02399921417236328
0.022993087768554688
0.02300405502319336
0.02299213409423828
0.02300739288330078
0.02199697494506836
0.022992610931396484
0.023992538452148438
0.02398681640625
0.02500319480895996
0.02299332618713379
0.024000167846679688
0.02400970458984375
0.025015830993652344
0.02400040626525879
0.022991180419921875
0.022998571395874023
0.022997617721557617
0.02398991584777832
0.025005578994750977
0.024002552032470703
0.02299213409423828
0.024007320404052734
0.023998498916625977
0.023992300033569336
0.025006771087646484
0.024005413055419922
0.024005889892578125
0.025995731353759766
0.0257415771484375
0.02399301528930664
0.025006532669067383
0.024997949600219727
0.025006771087646484
0.026005983352661133
0.025005102157592773
0.02499699592590332
0.02500748634338379
0.02499842643737793
0.02700638771057129
0.024990081787109375
0.025002479553222656
0.02601027488708496
0.0260012149810791
0.02599024772644043
0.025992870330810547
0.02700662612915039
0.02599954605102539
0.026990890502929688
0.027007579803466797
0.026991605758666992
0.026008129119873047
0.027031660079956055
0.029007911682128906
0.0269925594329834
0.026990652084350586
0.02700519561767578
0.027008056640625
0.02701544761657715
0.026991605758666992
0.02698826789855957
0.025993824005126953
0.027005672454833984
0.025992631912231445
0.027042150497436523
0.02800130844116211
0.02800464630126953
0.02699875831604004
0.027006149291992188
0.026048898696899414
0.027994394302368164
0.02899765968322754
0.027998685836791992
0.02800726890563965
0.02901005744934082
0.026999235153198242
0.02801966667175293
0.028020620346069336
0.028010845184326172
0.027992725372314453
0.029998064041137695
0.02799391746520996
0.02800464630126953
0.02799820899963379
0.029002666473388672
0.03000807762145996
0.029998302459716797
0.030005693435668945
0.03000617027282715
0.031006336212158203
0.03003692626953125
0.031006336212158203
0.0299985408782959
0.0300142765045166
0.02899956703186035
0.030005216598510742
0.029999256134033203
0.02999258041381836
0.02822113037109375
0.030013322830200195
0.02900409698486328
0.030005931854248047
0.02899956703186035
0.029993534088134766
0.029999256134033203
0.029001474380493164
0.029993534088134766
0.03200578689575195
0.029014110565185547
0.029995203018188477
0.032007455825805664
0.03000044822692871
0.029996633529663086
0.030993223190307617
0.031007766723632812
0.030010461807250977
0.031012535095214844
0.030994892120361328
0.030992984771728516
0.029858827590942383
0.03100109100341797
0.029993772506713867
0.03099799156188965
0.033010244369506836
0.03099346160888672
0.031005382537841797
0.03199458122253418
0.03200244903564453
0.031996965408325195
0.03500628471374512
0.03202557563781738
0.032006263732910156
0.03200554847717285
0.032006025314331055
0.031998634338378906
0.032003164291381836
0.03299117088317871
0.031999826431274414
0.031993865966796875
0.031999826431274414
0.03400015830993652
0.032015085220336914
0.03299975395202637
0.030998706817626953
0.032999515533447266
0.03399920463562012
0.03400731086730957
0.03501009941101074
0.034008026123046875
0.03300642967224121
0.03300809860229492
0.035006046295166016
0.033006906509399414
0.039008140563964844
0.03700900077819824
0.03500843048095703
0.03500628471374512
0.03401780128479004
0.03501605987548828
0.03499794006347656
0.0360109806060791
0.03499174118041992
0.03501152992248535
0.03500699996948242
0.0359952449798584
0.03600764274597168
0.03603649139404297
0.03500819206237793
0.0400087833404541
0.03500962257385254
0.03600907325744629
0.03600668907165527
0.03399968147277832
0.03499245643615723
0.035009145736694336
0.035009145736694336
0.033992767333984375
0.03600716590881348
0.037007808685302734
0.03499960899353027
0.03500962257385254
0.0360109806060791
0.03757619857788086
0.03501105308532715
0.03699898719787598
0.037001848220825195
0.036006927490234375
0.037009239196777344
0.03700852394104004
0.036000967025756836
0.038007259368896484
0.03700113296508789
0.036993980407714844
0.03699088096618652
0.0370030403137207
0.0370030403137207
0.03600716590881348
0.036994218826293945
0.03899979591369629
0.03800797462463379
0.03700733184814453
0.037000417709350586
0.03701019287109375
0.03699445724487305
0.03900885581970215
0.0370028018951416
0.03702044486999512
