0.000997781753540039
0.0016226768493652344
0.002001523971557617
0.001001596450805664
0.0010006427764892578
0.0009996891021728516
0.0009958744049072266
0.0009999275207519531
0.00099945068359375
0.0010008811950683594
0.0010008811950683594
0.0010066032409667969
0.0020020008087158203
0.0029859542846679688
0.0029816627502441406
0.002994060516357422
0.0020008087158203125
0.002997875213623047
0.002988576889038086
0.0020003318786621094
0.0030007362365722656
0.0030012130737304688
0.0019941329956054688
0.003000974655151367
0.0010068416595458984
0.0010001659393310547
0.0020017623901367188
0.0010006427764892578
0.0010006427764892578
0.001018524169921875
0.001998424530029297
0.001001119613647461
0.0029990673065185547
0.0030031204223632812
0.003000497817993164
0.0039119720458984375
0.0015354156494140625
0.0020074844360351562
0.0010097026824951172
0.0019998550415039062
0.0020105838775634766
0.0020003318786621094
0.0019998550415039062
0.003990888595581055
0.0020024776458740234
0.0029952526092529297
0.00313568115234375
0.004000425338745117
0.0029990673065185547
0.0030007362365722656
0.004003286361694336
0.0040018558502197266
0.0031893253326416016
0.004003047943115234
0.003003358840942383
0.002992868423461914
0.0019953250885009766
0.003986835479736328
0.003997802734375
0.004001617431640625
0.003003358840942383
0.003550291061401367
0.003988742828369141
0.003000020980834961
0.003547191619873047
0.0040051937103271484
0.003992795944213867
0.004002571105957031
0.003991365432739258
0.003998756408691406
0.0039861202239990234
0.004002809524536133
0.004002809524536133
0.0035774707794189453
0.003998517990112305
0.004002571105957031
0.0029859542846679688
0.003013134002685547
0.0030002593994140625
0.0019958019256591797
0.0020024776458740234
0.0030035972595214844
0.0029997825622558594
0.0019998550415039062
0.0030088424682617188
0.0030014514923095703
0.003002643585205078
0.0020012855529785156
0.003000020980834961
0.002000570297241211
0.003000974655151367
0.0029985904693603516
0.0030128955841064453
0.0030024051666259766
0.0019979476928710938
0.0040035247802734375
0.0030624866485595703
0.0029990673065185547
0.002993345260620117
0.003000974655151367
0.003000974655151367
0.004001140594482422
0.003008127212524414
0.004008293151855469
0.0029876232147216797
0.003987789154052734
0.003999471664428711
0.003999948501586914
0.0039997100830078125
0.0040013790130615234
0.003007173538208008
0.003000497817993164
