0.00099945068359375
0.0010013580322265625
0.0010006427764892578
0.0009930133819580078
0.003003358840942383
0.002988100051879883
0.0019996166229248047
0.0019910335540771484
0.002987384796142578
0.0030007362365722656
0.003002166748046875
0.003986358642578125
0.0029952526092529297
0.002994060516357422
0.0030002593994140625
0.0030024051666259766
0.005994081497192383
0.005000591278076172
0.004004716873168945
0.003997087478637695
0.003993511199951172
0.0049932003021240234
0.004995822906494141
0.005001068115234375
0.004994392395019531
0.00399470329284668
0.0039865970611572266
0.003988981246948242
0.004000186920166016
0.0039844512939453125
0.0039975643157958984
0.004003286361694336
0.00599360466003418
0.004991054534912109
0.004987955093383789
0.003996133804321289
0.0049855709075927734
0.005002498626708984
0.004987001419067383
0.005007505416870117
0.005002021789550781
0.0050048828125
0.003995180130004883
0.0050013065338134766
0.0039942264556884766
0.00598907470703125
0.0050008296966552734
0.003006458282470703
0.002994060516357422
0.0040056705474853516
0.0029952526092529297
0.003007173538208008
0.0029935836791992188
0.003993511199951172
0.002994537353515625
0.004001617431640625
0.004002094268798828
0.004000425338745117
0.003013134002685547
0.004000186920166016
0.004999637603759766
0.005015373229980469
0.0039937496185302734
0.0049991607666015625
0.00400233268737793
0.004999399185180664
0.0040013790130615234
0.004001617431640625
0.0040035247802734375
0.004987478256225586
0.003996610641479492
0.0039942264556884766
0.004007101058959961
0.003998994827270508
0.004036426544189453
0.004001140594482422
0.004993915557861328
0.006000995635986328
0.005996227264404297
0.004991292953491211
0.004988193511962891
0.003986835479736328
0.00400853157043457
0.0039942264556884766
0.005001068115234375
0.005000591278076172
0.00399017333984375
0.0039899349212646484
0.0050046443939208984
0.004004478454589844
0.0060062408447265625
0.005997419357299805
0.0059888362884521484
0.006007671356201172
0.005003213882446289
0.0050089359283447266
0.006994962692260742
0.005989789962768555
0.005987405776977539
0.006007671356201172
0.006006479263305664
0.005992889404296875
0.005001068115234375
0.003994464874267578
0.0050067901611328125
0.004006385803222656
0.006008625030517578
0.0070018768310546875
0.00499415397644043
0.007037162780761719
0.006996870040893555
0.006987571716308594
0.006987094879150391
0.0069959163665771484
0.006994485855102539
0.007008075714111328
0.006001949310302734
0.006001472473144531
0.008008241653442383
0.005999565124511719
0.006986379623413086
0.006991147994995117
0.007990598678588867
0.0069980621337890625
0.00800180435180664
0.007002353668212891
0.009002447128295898
0.008001327514648438
0.008001565933227539
0.007987260818481445
0.008996725082397461
0.007002115249633789
0.007001399993896484
0.006986856460571289
0.009006261825561523
0.00798797607421875
0.006998538970947266
0.009002447128295898
0.010995626449584961
0.011001110076904297
0.01099252700805664
0.009994745254516602
0.01100921630859375
0.01000523567199707
0.010988950729370117
0.009992122650146484
0.008996725082397461
0.01298666000366211
0.010994434356689453
0.011995553970336914
0.011005163192749023
0.010990619659423828
0.009991168975830078
0.0099945068359375
0.010998725891113281
0.011991739273071289
0.011003255844116211
0.011020421981811523
0.016005277633666992
0.010989189147949219
0.010993480682373047
0.01000523567199707
0.01000213623046875
0.010995149612426758
0.01199960708618164
0.011008977890014648
0.01000070571899414
0.010995864868164062
0.010991096496582031
0.010988950729370117
0.011990070343017578
0.011004924774169922
0.010996580123901367
0.010994672775268555
0.0110015869140625
0.012005329132080078
0.010008573532104492
0.010002374649047852
0.011994361877441406
0.009987831115722656
0.009989738464355469
0.011001825332641602
0.010001420974731445
0.010004758834838867
0.01100611686706543
0.010994672775268555
0.009003162384033203
0.009990453720092773
0.010988473892211914
0.010004281997680664
0.010001182556152344
0.010001659393310547
0.010001182556152344
0.010991334915161133
0.010996103286743164
0.010004520416259766
0.010004520416259766
0.009993553161621094
0.010001659393310547
0.012003898620605469
0.011002779006958008
0.012000560760498047
0.01099085807800293
0.011995315551757812
0.011002779006958008
0.010002851486206055
0.009995222091674805
0.010988950729370117
0.010986328125
0.01101064682006836
0.012003421783447266
0.011003971099853516
0.011001110076904297
0.00901031494140625
0.009999990463256836
0.007002115249633789
0.0070133209228515625
0.006002187728881836
0.008005142211914062
0.006993293762207031
0.0070018768310546875
0.0069882869720458984
0.007001399993896484
0.008002042770385742
0.007990121841430664
0.008014202117919922
0.006996631622314453
0.0070078372955322266
0.007003307342529297
0.0069882869720458984
0.0070133209228515625
0.008996248245239258
0.0070002079010009766
0.007007122039794922
0.007994890213012695
0.008001327514648438
0.007993936538696289
0.008987903594970703
0.007001638412475586
0.006987571716308594
0.007002115249633789
0.007001638412475586
0.0089874267578125
0.007994890213012695
0.007013797760009766
0.008000612258911133
0.008001089096069336
0.007001161575317383
0.008001327514648438
0.008000373840332031
0.008990049362182617
0.007995367050170898
0.00800180435180664
0.007999658584594727
0.00800180435180664
0.008014440536499023
0.008002758026123047
0.009002447128295898
0.008014917373657227
0.009000301361083984
0.009003877639770508
0.009998798370361328
0.010016679763793945
0.010003328323364258
