0.0
0.0010004043579101562
0.0
0.0009996891021728516
0.0
0.0010077953338623047
0.0010008811950683594
0.0010006427764892578
0.0010018348693847656
0.001005411148071289
0.0010004043579101562
0.0010004043579101562
0.0010066032409667969
0.0030078887939453125
0.0040018558502197266
0.0029916763305664062
0.00299072265625
0.0029981136322021484
0.0040018558502197266
0.004004001617431641
0.0040013790130615234
0.003997802734375
0.0030012130737304688
0.0040018558502197266
0.002991199493408203
0.004002094268798828
0.004003286361694336
0.0039958953857421875
0.004784584045410156
0.0040013790130615234
0.0029993057250976562
0.004002809524536133
0.0029990673065185547
0.0030028820037841797
0.00400233268737793
0.0030031204223632812
0.003987312316894531
0.0030007362365722656
0.0032126903533935547
0.0030107498168945312
0.0040018558502197266
0.0039861202239990234
0.0030050277709960938
0.004000186920166016
0.0040013790130615234
0.004988670349121094
0.00398707389831543
0.0039958953857421875
0.004002094268798828
0.004015445709228516
0.003993511199951172
0.003995180130004883
0.003999948501586914
0.004001140594482422
0.003991127014160156
0.003995418548583984
0.003994941711425781
0.005999326705932617
0.004061222076416016
0.003999948501586914
0.004003047943115234
0.004001140594482422
0.003992795944213867
0.0059986114501953125
0.003988504409790039
0.00500178337097168
0.004003047943115234
0.005000591278076172
0.005322694778442383
0.00500035285949707
0.00530552864074707
0.006434202194213867
0.0054895877838134766
0.0047092437744140625
0.0058786869049072266
0.005181312561035156
0.005385398864746094
0.0059931278228759766
0.005234241485595703
0.006988525390625
0.005465030670166016
0.0048122406005859375
0.004643440246582031
0.004782915115356445
0.006001710891723633
0.0052297115325927734
0.005221366882324219
0.0053594112396240234
0.006000995635986328
0.005239009857177734
0.005309343338012695
0.005837917327880859
0.005743741989135742
0.00643610954284668
0.005005836486816406
0.0069887638092041016
0.006204128265380859
0.006300210952758789
0.006001710891723633
0.00680088996887207
0.005997180938720703
0.00633692741394043
0.005996227264404297
0.007002353668212891
0.005998849868774414
0.0055637359619140625
0.007002592086791992
0.006986856460571289
0.006999969482421875
0.006001710891723633
0.007322788238525391
0.006238698959350586
0.007083892822265625
0.0072743892669677734
0.007336139678955078
0.007980585098266602
0.0070018768310546875
0.00955653190612793
0.00680994987487793
0.007719278335571289
0.006791114807128906
0.007178068161010742
0.007246494293212891
0.007831573486328125
0.007010459899902344
0.008001565933227539
0.006506681442260742
0.0065326690673828125
0.007318258285522461
0.008104085922241211
0.007999420166015625
0.00795888900756836
0.006997346878051758
0.007835149765014648
0.008003950119018555
0.007999658584594727
0.007997751235961914
0.009006977081298828
0.00800323486328125
0.008560657501220703
0.007988929748535156
0.008120536804199219
0.00800180435180664
0.008715629577636719
0.008525609970092773
0.008004426956176758
0.008999824523925781
0.00904226303100586
0.009003400802612305
0.00799870491027832
0.007929086685180664
0.009037494659423828
0.008001089096069336
0.009154081344604492
0.009002685546875
0.00799703598022461
0.008992910385131836
0.009453058242797852
0.007994651794433594
0.008940696716308594
0.008003950119018555
0.008994579315185547
0.009613275527954102
0.009002685546875
0.00799417495727539
0.01000356674194336
0.011001110076904297
0.010001659393310547
0.011000871658325195
0.010002851486206055
0.010849475860595703
0.010004043579101562
0.01123189926147461
0.009989261627197266
0.011002779006958008
0.010921955108642578
0.009999513626098633
0.011002540588378906
0.012805938720703125
0.012001991271972656
0.01400613784790039
0.01100468635559082
0.014004230499267578
0.015004873275756836
0.012000083923339844
0.011505365371704102
0.014003276824951172
0.011005401611328125
0.011994123458862305
0.01200246810913086
0.012002944946289062
0.011999845504760742
0.01300358772277832
0.014512062072753906
0.011008024215698242
0.012566566467285156
0.013002157211303711
0.014032840728759766
0.013001203536987305
0.015005111694335938
0.041747331619262695
0.015003204345703125
0.011996030807495117
0.015338897705078125
0.017005205154418945
0.015019655227661133
0.017232179641723633
0.019005298614501953
0.023003339767456055
0.017004728317260742
0.016002655029296875
0.01500248908996582
0.016003847122192383
0.014013290405273438
0.013060569763183594
0.01700425148010254
0.017003536224365234
0.01652050018310547
0.01700878143310547
0.0164945125579834
0.017004013061523438
0.015007495880126953
0.015006303787231445
0.017005205154418945
0.01500248908996582
0.015003681182861328
0.016144514083862305
0.016000032424926758
0.014359474182128906
0.01472926139831543
0.016513824462890625
0.021270275115966797
0.017516374588012695
0.019005537033081055
0.01600480079650879
0.013996124267578125
0.016004562377929688
0.015001773834228516
0.018011093139648438
0.01704239845275879
0.015510082244873047
0.014986038208007812
0.017515897750854492
0.016262531280517578
0.017004728317260742
0.017003536224365234
0.01826310157775879
0.017162084579467773
0.01700592041015625
0.01600337028503418
0.015512943267822266
0.014935731887817383
0.01700305938720703
0.0180051326751709
0.01900339126586914
0.016001462936401367
0.018004179000854492
0.01700735092163086
0.0160067081451416
0.019006729125976562
0.01700139045715332
0.017003297805786133
0.018004655838012695
0.01830291748046875
0.020004749298095703
0.01792144775390625
0.019005298614501953
0.0200040340423584
0.020008325576782227
0.021002769470214844
0.018005847930908203
0.02001166343688965
0.01700592041015625
0.01700592041015625
0.016504764556884766
0.01762866973876953
0.020119905471801758
0.017004966735839844
0.020004749298095703
0.01800370216369629
0.018000364303588867
0.018512248992919922
0.01900339126586914
0.02040553092956543
0.019004344940185547
0.01899576187133789
0.019003868103027344
0.01900482177734375
0.019353866577148438
0.019004106521606445
0.018004894256591797
0.01848125457763672
0.018003463745117188
0.018004894256591797
0.019003629684448242
0.019002676010131836
0.01902294158935547
0.019006729125976562
0.020023345947265625
0.021512508392333984
0.01801443099975586
0.019518613815307617
0.020995378494262695
0.0185089111328125
0.020005226135253906
0.019512176513671875
0.022002696990966797
0.022005319595336914
0.021515607833862305
0.01900482177734375
0.021047592163085938
0.020004749298095703
0.02000260353088379
0.024003982543945312
0.02200460433959961
0.026006460189819336
0.022010087966918945
0.02151203155517578
0.02031874656677246
0.02200484275817871
0.022003173828125
0.022221803665161133
0.02000737190246582
0.02400350570678711
0.022005081176757812
0.021008014678955078
0.022182464599609375
0.025005102157592773
0.02300882339477539
0.1470339298248291
0.022005319595336914
0.023006439208984375
0.023871898651123047
0.023759126663208008
0.021006107330322266
0.022004127502441406
0.021058082580566406
0.0220029354095459
0.02300858497619629
0.022003889083862305
0.022005796432495117
0.022006750106811523
0.02287006378173828
0.023006439208984375
0.02300429344177246
0.02227950096130371
0.021989107131958008
0.02400517463684082
0.023508787155151367
0.023007869720458984
0.024241209030151367
0.023638248443603516
0.022511720657348633
0.024982929229736328
0.023006200790405273
0.022003650665283203
0.023370027542114258
0.023247957229614258
0.0220034122467041
0.022026538848876953
0.022005558013916016
0.02202129364013672
0.02399754524230957
0.02351236343383789
0.0250546932220459
0.024515628814697266
0.023009061813354492
0.023998260498046875
0.025005340576171875
0.02300286293029785
0.024013042449951172
0.022005558013916016
0.025006532669067383
0.022000551223754883
0.023537635803222656
0.02300858497619629
0.023024559020996094
0.026015043258666992
0.024406909942626953
0.024815797805786133
0.023024320602416992
0.02500009536743164
0.02401113510131836
0.02500772476196289
0.023784160614013672
0.024006128311157227
0.02451157569885254
0.025571584701538086
0.025008678436279297
0.02400827407836914
0.024523258209228516
0.02323436737060547
0.025233030319213867
0.025025129318237305
0.02600550651550293
0.025008201599121094
0.0259702205657959
0.02500176429748535
0.025524616241455078
0.02601456642150879
0.02500605583190918
0.024906635284423828
0.027006149291992188
0.02451157569885254
0.025340557098388672
0.024990081787109375
0.027479887008666992
0.02600383758544922
0.025586366653442383
0.026003599166870117
0.025011062622070312
0.025990009307861328
0.028017759323120117
0.02877521514892578
0.04278159141540527
0.027513980865478516
0.02500462532043457
0.025772809982299805
0.026005268096923828
0.026125431060791016
0.025014638900756836
0.028005361557006836
0.02499103546142578
0.026007413864135742
0.026992082595825195
0.025004148483276367
0.03000664710998535
0.025992870330810547
0.025990724563598633
0.02699112892150879
0.0321652889251709
0.02800893783569336
0.035009145736694336
