0.1050260066986084
0.0059871673583984375
0.005999565124511719
0.006005525588989258
0.00600743293762207
0.006997823715209961
0.0070133209228515625
0.0060007572174072266
0.00600433349609375
0.007001638412475586
0.006003618240356445
0.006000995635986328
0.006000041961669922
0.006005764007568359
0.006009101867675781
0.006001949310302734
0.006001949310302734
0.007004499435424805
0.0070035457611083984
0.0070018768310546875
0.006001949310302734
0.007009744644165039
0.00599360466003418
0.0070018768310546875
0.005999088287353516
0.00600123405456543
0.006009101867675781
0.006001949310302734
0.0060024261474609375
0.0060040950775146484
0.006002187728881836
0.00601959228515625
0.00599360466003418
0.0060024261474609375
0.0060007572174072266
0.006014347076416016
0.0060007572174072266
0.006999969482421875
0.00600123405456543
0.005993366241455078
0.006997108459472656
0.0060002803802490234
0.006012916564941406
0.006008625030517578
0.006002902984619141
0.0060007572174072266
0.006007194519042969
0.006001710891723633
0.0060040950775146484
0.006011009216308594
0.006996631622314453
0.00600123405456543
0.007014751434326172
0.006006479263305664
0.006000995635986328
0.005995750427246094
0.007013559341430664
0.0069882869720458984
0.006009101867675781
0.00601506233215332
0.0050013065338134766
0.005995035171508789
0.00600123405456543
0.006001949310302734
0.006000995635986328
0.006012439727783203
0.006007671356201172
0.006015300750732422
0.007015705108642578
0.006987810134887695
0.005997180938720703
0.006014585494995117
0.0059888362884521484
0.006013154983520508
0.007008790969848633
0.006015777587890625
0.006013154983520508
0.006001949310302734
0.006001949310302734
0.006002187728881836
0.00600123405456543
0.0060117244720458984
0.005995988845825195
0.007002830505371094
0.00599980354309082
0.006013393402099609
0.006001710891723633
0.010995149612426758
0.006009340286254883
0.006000995635986328
0.0059947967529296875
0.006000518798828125
0.005995273590087891
0.0060007572174072266
0.006013393402099609
0.006008148193359375
0.0059964656829833984
0.006001710891723633
0.006001949310302734
0.005995750427246094
0.006000518798828125
0.006002187728881836
0.0070149898529052734
0.006015777587890625
0.0060079097747802734
0.006000995635986328
0.0059947967529296875
0.005990266799926758
0.0060024261474609375
0.00599980354309082
0.0060002803802490234
0.006010532379150391
0.006001472473144531
0.006000995635986328
0.005995988845825195
0.005994558334350586
0.006013631820678711
0.007002592086791992
0.00599980354309082
0.00600123405456543
0.006007671356201172
0.0070037841796875
0.0060040950775146484
0.006009101867675781
0.0060024261474609375
0.00598907470703125
0.005988359451293945
0.006002664566040039
0.006002664566040039
0.005994558334350586
0.005995988845825195
0.00700688362121582
0.006001949310302734
0.007005214691162109
0.006001472473144531
0.006001710891723633
0.0060040950775146484
0.006001472473144531
0.006000995635986328
0.005999565124511719
0.006000518798828125
0.007009983062744141
0.006014823913574219
0.00599980354309082
0.006008625030517578
0.0070035457611083984
0.006002902984619141
0.006001710891723633
0.005997419357299805
0.006000518798828125
0.006002902984619141
0.0069887638092041016
0.006006479263305664
0.006002664566040039
0.009002208709716797
0.006002664566040039
0.0069942474365234375
0.006001949310302734
0.006002664566040039
0.006001472473144531
0.006002902984619141
0.006016254425048828
0.006000041961669922
0.005988121032714844
0.0070037841796875
0.0060045719146728516
0.006999492645263672
0.006004810333251953
0.006006479263305664
0.0070018768310546875
0.006002187728881836
0.006989479064941406
0.006009340286254883
0.005999326705932617
0.0060007572174072266
0.007003068923950195
0.0059888362884521484
0.005989789962768555
0.006001472473144531
0.006002187728881836
0.0060024261474609375
0.006001472473144531
0.00600123405456543
0.0060007572174072266
0.007000446319580078
0.006001472473144531
0.006003379821777344
0.006006956100463867
0.00800323486328125
0.007000923156738281
0.0069959163665771484
0.0049936771392822266
0.005995273590087891
0.006009340286254883
0.006006956100463867
0.006003618240356445
0.007006406784057617
0.008002042770385742
0.00600123405456543
0.005995988845825195
0.006000995635986328
0.006002187728881836
0.0060155391693115234
0.006015300750732422
0.005991697311401367
0.0050220489501953125
0.005995512008666992
0.006001710891723633
0.006989240646362305
0.005995273590087891
0.0060100555419921875
0.005995273590087891
0.006001710891723633
0.006000995635986328
0.00600123405456543
0.005990266799926758
0.007015228271484375
0.006007671356201172
0.007002353668212891
0.0059947967529296875
0.006001710891723633
0.006001710891723633
0.00600123405456543
0.007005929946899414
0.006002187728881836
0.006014585494995117
0.007004976272583008
0.0060024261474609375
0.006001710891723633
0.0060138702392578125
0.007001399993896484
0.0060040950775146484
0.007001161575317383
0.006001949310302734
0.006000995635986328
0.007008790969848633
0.006998777389526367
0.006006002426147461
0.006006479263305664
0.005995512008666992
0.006001472473144531
0.007002115249633789
0.005990743637084961
0.00600886344909668
0.00600123405456543
0.006002902984619141
0.006075382232666016
0.0050084590911865234
0.006001472473144531
0.006002664566040039
0.006000041961669922
0.006001472473144531
0.006001472473144531
0.00598907470703125
0.005999088287353516
0.005995035171508789
0.006036520004272461
0.005995273590087891
0.0060024261474609375
0.00599980354309082
0.006002187728881836
0.005995750427246094
0.0069959163665771484
0.007014751434326172
0.006007671356201172
0.00600123405456543
0.0050008296966552734
0.005996227264404297
0.005002260208129883
0.006000995635986328
0.007005929946899414
0.005995273590087891
0.00701141357421875
0.007007598876953125
0.005995988845825195
0.006003141403198242
0.005988121032714844
0.007002353668212891
0.0059931278228759766
0.005995512008666992
0.0070037841796875
0.00600123405456543
0.006002664566040039
0.0059871673583984375
0.008008956909179688
0.0059967041015625
0.006006002426147461
0.006003618240356445
0.0060007572174072266
0.005999565124511719
0.006994724273681641
0.006013393402099609
0.005990028381347656
0.005989789962768555
0.006005287170410156
0.006014347076416016
0.007988452911376953
0.005990505218505859
0.005999088287353516
0.005988121032714844
0.006001949310302734
0.0070073604583740234
0.005995988845825195
0.006003379821777344
0.006001949310302734
0.006002902984619141
0.006007194519042969
0.005988121032714844
0.006993770599365234
0.0059926509857177734
0.005994319915771484
0.00600123405456543
0.0059947967529296875
0.006000995635986328
0.007006168365478516
0.006994962692260742
0.00600123405456543
0.005989789962768555
0.005996227264404297
0.005999565124511719
0.006004810333251953
0.005995273590087891
0.005991458892822266
0.006001710891723633
0.005994081497192383
0.0069959163665771484
0.007004737854003906
0.006995201110839844
0.005004167556762695
0.00600123405456543
0.006014585494995117
0.006003618240356445
0.006001710891723633
0.005999326705932617
0.005997419357299805
0.0060138702392578125
0.006000995635986328
0.005997896194458008
0.006012678146362305
0.0069959163665771484
0.006001472473144531
0.0070154666900634766
0.006002187728881836
0.00600123405456543
0.006989717483520508
0.00699615478515625
0.006003618240356445
0.006009340286254883
0.006014108657836914
0.006008148193359375
0.006003856658935547
0.00700831413269043
0.006001710891723633
0.007002830505371094
0.0060079097747802734
0.006990194320678711
0.0060007572174072266
0.007012844085693359
0.006009340286254883
0.00600123405456543
0.0050144195556640625
0.005998373031616211
0.007988691329956055
0.0069959163665771484
0.006006479263305664
0.006003141403198242
0.006006956100463867
0.006003856658935547
0.005995035171508789
0.005995512008666992
0.006991147994995117
0.00600743293762207
0.007003307342529297
0.005985736846923828
0.006016254425048828
0.00600123405456543
0.00700068473815918
0.006014585494995117
0.006983041763305664
0.006995677947998047
0.00800180435180664
0.005999088287353516
0.0070018768310546875
0.005993843078613281
0.00599980354309082
0.006001472473144531
0.006014823913574219
0.007005214691162109
0.005994558334350586
0.005999088287353516
0.006003379821777344
0.006011009216308594
0.006010532379150391
0.006987571716308594
0.00800776481628418
0.006002902984619141
0.007996082305908203
0.0059642791748046875
0.00600123405456543
0.007017374038696289
0.006005764007568359
0.0059969425201416016
0.0060024261474609375
0.005990743637084961
0.0060176849365234375
0.006015300750732422
0.00600123405456543
0.006008625030517578
0.00601506233215332
0.006002664566040039
0.006001949310302734
0.0065059661865234375
0.00600123405456543
0.006000041961669922
0.007007598876953125
0.006007194519042969
0.0070035457611083984
0.006001710891723633
0.005994558334350586
0.007016181945800781
0.006008148193359375
0.006007194519042969
0.006008148193359375
0.00600123405456543
0.006000518798828125
0.005995750427246094
0.00600123405456543
0.0060002803802490234
0.005989551544189453
0.007007598876953125
0.006007194519042969
0.007008552551269531
0.0059893131256103516
0.006009101867675781
0.0059947967529296875
0.007004976272583008
0.00600123405456543
0.007005453109741211
0.006001710891723633
0.006001472473144531
0.006001949310302734
0.0059969425201416016
0.006987571716308594
0.0060079097747802734
0.005989551544189453
0.005994558334350586
0.005996227264404297
0.006002664566040039
0.005995273590087891
0.006001949310302734
0.006006956100463867
0.006001710891723633
0.0060002803802490234
0.005994319915771484
0.0059947967529296875
0.005991697311401367
0.006002187728881836
0.006003856658935547
0.005999326705932617
0.0060007572174072266
0.00600123405456543
0.007004499435424805
0.006005048751831055
0.004997730255126953
0.005987405776977539
0.006001472473144531
0.006001710891723633
0.006011962890625
0.005999565124511719
0.0059964656829833984
0.006000518798828125
0.005998134613037109
0.006002187728881836
0.007009029388427734
0.006002664566040039
0.006001472473144531
0.00600123405456543
0.0060002803802490234
0.006999492645263672
0.006000995635986328
0.005999088287353516
0.0060007572174072266
0.006991147994995117
0.006001710891723633
0.0060002803802490234
0.005014657974243164
0.006986856460571289
0.006011486053466797
0.0059986114501953125
0.0060083866119384766
0.005999565124511719
0.005002498626708984
0.004995107650756836
0.0059969425201416016
0.0069828033447265625
0.006014823913574219
0.006009340286254883
0.007000923156738281
0.0059964656829833984
0.006000041961669922
0.005989789962768555
0.006001710891723633
0.006002902984619141
0.006014108657836914
0.007000923156738281
0.007008790969848633
0.006002664566040039
0.0060024261474609375
0.006020784378051758
0.0060079097747802734
0.0060024261474609375
0.0059888362884521484
0.007001161575317383
0.006007671356201172
