1.7660014629364014
1.6788249015808105
1.716519832611084
1.718186616897583
1.726076364517212
1.6827404499053955
1.780747652053833
1.790374755859375
1.833136796951294
1.7173585891723633
1.6883950233459473
1.9242351055145264
1.737053394317627
1.7458066940307617
1.7462286949157715
1.795818567276001
1.6907830238342285
1.8269784450531006
1.7220818996429443
1.7774558067321777
1.7652416229248047
1.7886738777160645
1.7633485794067383
1.8111276626586914
1.8079473972320557
1.9499056339263916
1.8009843826293945
1.7418370246887207
1.7017507553100586
1.8058195114135742
1.7661426067352295
1.7280941009521484
1.7412056922912598
1.6965675354003906
1.8996362686157227
1.7670023441314697
1.7430171966552734
1.759739875793457
1.786060094833374
1.7170255184173584
1.8043615818023682
1.7861967086791992
1.8245446681976318
1.770754098892212
1.8166217803955078
1.7681961059570312
1.7432186603546143
1.7387146949768066
1.8010668754577637
1.7740325927734375
1.8157398700714111
1.747154712677002
1.826012372970581
1.8571419715881348
1.7725441455841064
1.7453043460845947
1.8718163967132568
2.1573073863983154
1.9681339263916016
1.7745320796966553
1.8106417655944824
1.7858226299285889
1.7208456993103027
1.7769064903259277
1.7900419235229492
1.857102870941162
1.791261911392212
1.7749812602996826
1.964789628982544
1.7950935363769531
1.8096654415130615
1.9346351623535156
1.839259147644043
1.8602540493011475
1.8263251781463623
1.9619371891021729
1.9129700660705566
1.9476449489593506
1.980954885482788
1.9008355140686035
1.9189584255218506
1.7889158725738525
1.7608954906463623
1.76762056350708
1.9333889484405518
1.8305470943450928
1.9106953144073486
1.8134706020355225
1.9020001888275146
1.851747989654541
1.8491051197052002
1.8149335384368896
1.8274405002593994
1.8367149829864502
1.959573745727539
1.8673186302185059
1.8842873573303223
1.8567254543304443
1.8931474685668945
1.865112543106079
1.8390495777130127
1.8086721897125244
1.7411909103393555
1.9284462928771973
1.8641877174377441
1.7762424945831299
1.8332552909851074
1.8765692710876465
1.857398509979248
1.8381562232971191
1.799239158630371
1.9179420471191406
1.8165473937988281
1.943058967590332
1.836294412612915
1.9935400485992432
1.8887677192687988
1.9316043853759766
1.8490824699401855
1.8193073272705078
1.8533422946929932
1.8813865184783936
1.8573729991912842
1.8521020412445068
1.7704856395721436
1.751802921295166
2.0265140533447266
1.84010648727417
1.7402276992797852
1.778069019317627
1.9157252311706543
1.8052687644958496
1.8279857635498047
1.770261287689209
1.8302669525146484
1.7515101432800293
1.8286666870117188
1.8132896423339844
1.800811529159546
1.8003551959991455
1.8334190845489502
1.8713629245758057
1.8133819103240967
1.8070151805877686
1.8373398780822754
1.8252182006835938
1.7973814010620117
1.828441858291626
1.834315299987793
1.9089863300323486
1.8108510971069336
1.927250623703003
1.786074161529541
1.7881829738616943
1.8733947277069092
1.8608393669128418
1.737548828125
1.7853167057037354
1.758387565612793
1.9545986652374268
1.8104310035705566
1.7662477493286133
1.7318549156188965
1.7528934478759766
1.803786039352417
1.7959914207458496
1.8881261348724365
1.7862153053283691
1.8478858470916748
1.775224208831787
1.8601109981536865
1.8023571968078613
1.8422253131866455
1.769380807876587
1.8533940315246582
1.7864699363708496
1.86384916305542
2.03535532951355
1.9516279697418213
1.8820760250091553
2.017082691192627
1.993046522140503
1.960062026977539
1.9611926078796387
1.950798511505127
1.8781673908233643
1.861194372177124
1.8545539379119873
1.7804315090179443
1.8100340366363525
1.8827674388885498
2.031888008117676
1.8280651569366455
1.8871095180511475
1.860567331314087
1.835615634918213
1.9548254013061523
2.440981388092041
2.1788885593414307
2.591576099395752
2.3991897106170654
2.612020254135132
2.2056732177734375
2.181257963180542
2.9238266944885254
2.6577985286712646
2.4428489208221436
2.575289249420166
3.0835886001586914
2.800008773803711
2.5729598999023438
2.4194538593292236
2.4450042247772217
2.297873020172119
2.189408779144287
2.526470899581909
2.5492584705352783
2.6070709228515625
2.6809513568878174
2.685563325881958
2.7910165786743164
2.5728373527526855
2.210801362991333
2.4903724193573
2.1988582611083984
2.6126961708068848
2.4300575256347656
2.197692394256592
2.2084813117980957
2.403808832168579
2.3028035163879395
2.7446508407592773
2.5535776615142822
2.6566362380981445
2.3616557121276855
2.312412977218628
2.161825180053711
2.2273879051208496
2.239687204360962
2.1937479972839355
2.092949390411377
2.204936981201172
2.1863059997558594
2.2502834796905518
2.1764862537384033
2.2877326011657715
2.415470600128174
2.27321195602417
2.0870916843414307
2.01287579536438
2.2329795360565186
2.016601800918579
2.213409900665283
2.087881088256836
2.1926870346069336
2.3167192935943604
2.220696449279785
2.1552224159240723
2.2119317054748535
2.152730703353882
2.1128695011138916
2.1699326038360596
2.3055949211120605
2.2333638668060303
2.2233822345733643
2.1281583309173584
2.118797779083252
2.208163261413574
2.129070281982422
2.12776780128479
2.2527108192443848
2.2698886394500732
2.0652174949645996
2.155376672744751
2.0518620014190674
2.191714286804199
2.0468931198120117
2.101651906967163
2.094021797180176
2.2868194580078125
2.0904247760772705
2.1194348335266113
2.146242618560791
2.1548826694488525
2.102529525756836
2.086167335510254
2.0950076580047607
1.9876577854156494
2.138471841812134
2.018395185470581
2.008247137069702
1.9870424270629883
2.0603675842285156
1.9780027866363525
2.0502383708953857
2.0137672424316406
2.0755133628845215
1.9827451705932617
2.0856375694274902
2.0108580589294434
2.1065690517425537
2.0425405502319336
2.04192852973938
2.036895751953125
2.1370677947998047
2.181318521499634
2.0498783588409424
2.112950563430786
2.1411499977111816
2.3639473915100098
2.2024052143096924
2.1159555912017822
2.3483729362487793
2.653217315673828
2.6237564086914062
2.416168451309204
2.1566765308380127
2.2458267211914062
2.07798433303833
2.0868473052978516
2.0920825004577637
2.1470937728881836
2.1592442989349365
2.1605305671691895
2.185636520385742
2.231987714767456
2.1708123683929443
2.521841287612915
2.279953718185425
2.3254282474517822
2.7700538635253906
2.2685296535491943
2.0167293548583984
2.0389041900634766
2.1044108867645264
2.044067859649658
2.1100525856018066
2.075244903564453
2.0925443172454834
2.007249116897583
2.0791428089141846
2.011202335357666
2.126891613006592
2.0595479011535645
2.169130563735962
2.019939422607422
2.1039035320281982
2.081778049468994
2.046854257583618
2.047853946685791
1.9434089660644531
2.1107420921325684
1.988689661026001
1.9661915302276611
2.0481176376342773
2.117455244064331
2.0010526180267334
2.095273971557617
1.9765746593475342
2.0561771392822266
1.9891886711120605
2.083554267883301
2.0165066719055176
2.0872340202331543
2.1054630279541016
2.04135799407959
2.008798837661743
2.102128028869629
2.1258692741394043
2.0669353008270264
2.0353035926818848
1.9761395454406738
2.099968671798706
2.0647504329681396
1.8939838409423828
1.9559147357940674
2.018375873565674
1.9866764545440674
2.024199962615967
1.9673545360565186
2.0298750400543213
1.8897573947906494
2.049935817718506
2.0031239986419678
2.087695598602295
2.0173499584198
2.0040998458862305
1.9360454082489014
2.0478765964508057
2.025895118713379
2.393993377685547
1.9765567779541016
1.9419190883636475
2.0828511714935303
1.930297613143921
1.9193856716156006
2.121818780899048
2.0505337715148926
1.9568896293640137
2.0497093200683594
1.8797128200531006
1.9807660579681396
1.9683349132537842
2.127638816833496
2.0274436473846436
2.028292417526245
2.098223924636841
1.9762017726898193
2.142996072769165
2.105677843093872
2.047604560852051
2.1314778327941895
1.9287793636322021
1.8458545207977295
2.715681314468384
2.386782646179199
2.026365280151367
2.0050554275512695
1.9656190872192383
1.8724594116210938
1.9955823421478271
1.9310181140899658
1.9206194877624512
1.8807945251464844
1.8614161014556885
1.876532793045044
1.8796768188476562
1.9293649196624756
1.821540355682373
1.7904086112976074
1.908557415008545
1.9229753017425537
2.566230535507202
