1.72996187210083
1.535355806350708
1.7150659561157227
1.5261125564575195
1.7173850536346436
1.525376319885254
1.6883609294891357
1.7364020347595215
1.523979902267456
1.7106215953826904
1.5484497547149658
1.7292122840881348
1.5278573036193848
1.686483383178711
1.723130226135254
1.5403587818145752
1.7408487796783447
1.5303428173065186
1.716259479522705
1.5153517723083496
1.6925184726715088
1.7199795246124268
1.5203485488891602
1.728388786315918
1.5400500297546387
1.7159125804901123
1.5164811611175537
1.681457757949829
1.7102720737457275
1.5433540344238281
1.711794137954712
1.5298898220062256
1.7603933811187744
1.529341459274292
1.6783812046051025
1.7334387302398682
1.5254061222076416
1.7132785320281982
1.5283565521240234
1.7174360752105713
1.515105962753296
1.6876940727233887
1.7153921127319336
1.546337604522705
1.7003865242004395
1.559128761291504
1.7034306526184082
1.5610716342926025
1.7010776996612549
1.714712381362915
1.5143260955810547
1.7352447509765625
1.5210068225860596
1.7052383422851562
1.730414628982544
1.581329107284546
1.719391107559204
1.750406265258789
1.5493474006652832
1.5689435005187988
1.7572617530822754
1.8030767440795898
1.5878586769104004
1.6033611297607422
1.7832825183868408
1.601372480392456
1.5663580894470215
1.7713932991027832
1.596357822418213
1.5723505020141602
1.5329196453094482
1.71846604347229
1.7530279159545898
1.5623502731323242
1.540389060974121
1.700157880783081
1.7683978080749512
1.6027748584747314
1.5413541793823242
1.7674016952514648
1.5659294128417969
1.5439541339874268
1.7549068927764893
1.564009666442871
1.5889019966125488
1.5170795917510986
1.6813991069793701
1.7284502983093262
1.5960114002227783
1.7689619064331055
1.5533454418182373
1.7215056419372559
1.5183508396148682
1.6843903064727783
1.7219107151031494
1.5413587093353271
1.7412989139556885
1.5267744064331055
1.7083947658538818
1.5163440704345703
1.6763780117034912
1.721707820892334
1.532205581665039
1.7228662967681885
1.535355806350708
1.705660104751587
1.5198752880096436
1.6833701133728027
1.7203941345214844
1.5259051322937012
1.7128140926361084
1.5378921031951904
1.7183985710144043
1.5235655307769775
1.6753818988800049
1.7173991203308105
1.5313351154327393
1.7200703620910645
1.5359408855438232
1.7013676166534424
1.5103507041931152
1.686384916305542
1.7186939716339111
1.5803515911102295
1.7994921207427979
1.5533483028411865
1.7853999137878418
1.5863900184631348
1.7853999137878418
1.7433879375457764
1.690380334854126
1.8528735637664795
1.667945146560669
1.7617719173431396
1.5503506660461426
1.69940185546875
1.7424142360687256
1.5418975353240967
1.7451601028442383
1.5403449535369873
1.7428805828094482
1.7634038925170898
1.5654172897338867
1.7053065299987793
1.7663919925689697
1.573366641998291
1.5273520946502686
1.732414960861206
1.5273492336273193
1.728774070739746
1.5393445491790771
1.7418677806854248
1.5423493385314941
1.5293402671813965
1.702911138534546
1.7604050636291504
1.5788850784301758
1.606766939163208
1.79539155960083
1.5813686847686768
1.5783562660217285
1.7854092121124268
1.6073670387268066
1.5813682079315186
1.5703513622283936
1.7013821601867676
1.7501444816589355
1.5628044605255127
1.7404038906097412
1.6206202507019043
1.716036081314087
1.5489985942840576
1.7653944492340088
1.7383954524993896
1.533344030380249
1.765441656112671
1.5440731048583984
1.710390329360962
1.5179624557495117
1.6868054866790771
1.775411605834961
1.5393438339233398
1.723285436630249
1.5463464260101318
1.7092366218566895
1.5277776718139648
1.6883792877197266
1.731921672821045
1.5328989028930664
1.716479778289795
1.5403950214385986
1.7133839130401611
1.5404720306396484
1.7236642837524414
1.79744291305542
1.578352928161621
1.817403793334961
1.551767110824585
1.7536866664886475
1.58036208152771
1.7376413345336914
1.741396427154541
1.5473520755767822
1.7273931503295898
1.5243418216705322
1.7363991737365723
1.542534351348877
1.6953887939453125
1.7417943477630615
1.5433578491210938
1.7253808975219727
1.5649774074554443
1.7984106540679932
1.6129934787750244
1.753936767578125
1.7573943138122559
1.5775268077850342
1.7429530620574951
1.5613563060760498
1.7523980140686035
1.5473554134368896
1.70888090133667
1.8140158653259277
1.6040878295898438
1.7515010833740234
1.5389010906219482
1.741910457611084
1.7434055805206299
1.569281816482544
1.7648403644561768
1.780956745147705
1.7163710594177246
1.558570384979248
1.7914013862609863
1.574540376663208
1.7457597255706787
1.551927089691162
1.797396183013916
1.6263644695281982
1.5623586177825928
1.7364516258239746
1.7653822898864746
1.559335708618164
1.5471224784851074
1.7814652919769287
1.5874078273773193
1.5832948684692383
1.811474323272705
1.6393673419952393
1.6822929382324219
1.5843701362609863
1.7338967323303223
1.8214011192321777
1.6273658275604248
1.7948169708251953
1.5761711597442627
1.730931043624878
1.602715253829956
1.8500354290008545
1.8778865337371826
1.741934061050415
1.8042783737182617
1.6338303089141846
1.8143982887268066
