0.10901117324829102
0.009005069732666016
0.008003950119018555
0.007988214492797852
0.008655786514282227
0.007994413375854492
0.008988618850708008
0.008002996444702148
0.009002923965454102
0.008001565933227539
0.009032487869262695
0.008001089096069336
0.008417844772338867
0.006014108657836914
0.006007194519042969
0.008002758026123047
0.008002519607543945
0.00800180435180664
0.013003110885620117
0.010004520416259766
0.006000518798828125
0.007002115249633789
0.00598907470703125
0.006000041961669922
0.00600743293762207
0.009004354476928711
0.01500248908996582
0.007999897003173828
0.010009765625
0.009555816650390625
0.00900125503540039
0.009008169174194336
0.010016202926635742
0.014002799987792969
0.013004064559936523
0.01600193977355957
0.014014482498168945
0.009001970291137695
0.008003473281860352
0.008996009826660156
0.008029699325561523
0.008002281188964844
0.007992744445800781
0.011016845703125
0.006994962692260742
0.006013393402099609
0.009849786758422852
0.006838083267211914
0.009000778198242188
0.0062258243560791016
0.00799870491027832
0.01400613784790039
0.008014440536499023
0.008003950119018555
0.0070018768310546875
0.007019996643066406
0.007001638412475586
0.015007972717285156
0.0070002079010009766
0.009001493453979492
0.009003162384033203
0.00828695297241211
0.009576082229614258
0.009001493453979492
0.036550045013427734
0.03809690475463867
0.007999420166015625
0.009001731872558594
0.01999831199645996
0.02100682258605957
0.007007598876953125
0.0069942474365234375
0.006989240646362305
0.006995677947998047
0.01353144645690918
0.03703618049621582
0.03801608085632324
0.01999950408935547
0.020998001098632812
0.03701305389404297
0.008008480072021484
0.04056835174560547
0.03500866889953613
0.03500866889953613
0.04256415367126465
0.036062002182006836
0.0384678840637207
0.03700733184814453
0.04300975799560547
0.03500819206237793
0.03705096244812012
0.0338597297668457
0.03900313377380371
0.046006202697753906
0.03600811958312988
0.03982686996459961
0.03754448890686035
0.04100918769836426
0.0356447696685791
0.03799557685852051
0.0400388240814209
0.03499746322631836
0.03579378128051758
0.0065500736236572266
0.00802159309387207
0.00500178337097168
0.01400303840637207
0.013017892837524414
0.006995201110839844
0.006998777389526367
0.04501056671142578
0.10500931739807129
