0.10978174209594727
0.00599360466003418
0.00600123405456543
0.0060002803802490234
0.005997896194458008
0.005016326904296875
0.006001472473144531
0.006003141403198242
0.005986452102661133
0.005995988845825195
0.006996631622314453
0.006001472473144531
0.006014347076416016
0.005013942718505859
0.0060083866119384766
0.006000995635986328
0.0050013065338134766
0.00601649284362793
0.006051540374755859
0.005003690719604492
0.006003141403198242
0.006008148193359375
0.00499415397644043
0.00600433349609375
0.007179975509643555
0.006003141403198242
0.007000446319580078
0.005988597869873047
0.006008625030517578
0.006013154983520508
0.006001472473144531
0.006015777587890625
0.00600886344909668
0.006002664566040039
0.006999015808105469
0.0060007572174072266
0.0060083866119384766
0.0059893131256103516
0.00601506233215332
0.005999326705932617
0.006002664566040039
0.006002664566040039
0.006001472473144531
0.006000995635986328
0.006003379821777344
0.005987405776977539
0.005997419357299805
0.0060002803802490234
0.007001638412475586
0.006001710891723633
0.006003856658935547
0.005008697509765625
0.006000995635986328
0.006001949310302734
0.0055501461029052734
0.005995988845825195
0.005993843078613281
0.0060291290283203125
0.006008625030517578
0.006002664566040039
0.006001949310302734
0.0059871673583984375
0.006000518798828125
0.005989789962768555
0.007009029388427734
0.006000995635986328
0.005995512008666992
0.005027294158935547
0.0063664913177490234
0.006295919418334961
0.007002353668212891
0.006003141403198242
0.005734443664550781
0.006003379821777344
0.006237983703613281
0.005574703216552734
0.006200075149536133
0.0060269832611083984
0.007004261016845703
0.006960868835449219
0.006022453308105469
0.006307125091552734
0.006244182586669922
0.006226301193237305
0.006349325180053711
0.0062906742095947266
0.0059871673583984375
0.005533456802368164
0.005794525146484375
0.005995512008666992
0.006529092788696289
0.0057528018951416016
0.0060100555419921875
0.007975101470947266
0.006000995635986328
0.00562739372253418
0.006919384002685547
0.006219148635864258
0.006842374801635742
0.006500959396362305
0.006019115447998047
0.0055315494537353516
0.006001949310302734
0.006003141403198242
0.005995273590087891
0.005999565124511719
0.006012439727783203
0.006014108657836914
0.0060002803802490234
0.006007671356201172
0.006003618240356445
0.006806612014770508
0.006023883819580078
0.005100250244140625
0.00639033317565918
0.007001638412475586
0.006002187728881836
0.00674748420715332
0.006002187728881836
0.00599980354309082
0.005001068115234375
0.005892515182495117
0.005999326705932617
0.004989147186279297
0.007009267807006836
0.007001638412475586
0.006783246994018555
0.0057506561279296875
0.005003213882446289
0.006951570510864258
0.0065631866455078125
0.0052602291107177734
0.006001710891723633
0.006011009216308594
0.006331205368041992
0.0060002803802490234
0.006008148193359375
0.006301164627075195
0.006002187728881836
0.00600123405456543
0.00598907470703125
0.006315708160400391
0.006003379821777344
0.005709171295166016
0.0060040950775146484
0.006000041961669922
0.0055234432220458984
0.006060123443603516
0.006000518798828125
0.0055391788482666016
0.005926370620727539
0.005795478820800781
0.006001710891723633
0.0070018768310546875
0.007004976272583008
0.005987644195556641
0.005605220794677734
0.0066492557525634766
0.005993366241455078
0.005225181579589844
0.0060024261474609375
0.006005287170410156
0.006001710891723633
0.005995512008666992
0.0059888362884521484
0.0057735443115234375
0.006654977798461914
0.005514383316040039
0.006000995635986328
0.0059967041015625
0.006999015808105469
0.006000041961669922
0.0069751739501953125
0.006002187728881836
0.006013631820678711
0.006003856658935547
0.005999565124511719
0.005002260208129883
0.0049898624420166016
0.0059964656829833984
0.006002187728881836
0.008000612258911133
0.00600123405456543
0.006001949310302734
0.005509376525878906
0.006002664566040039
0.008002042770385742
0.008002758026123047
0.008002996444702148
0.0060024261474609375
0.0070002079010009766
0.0070002079010009766
0.005994319915771484
0.006006479263305664
0.006125688552856445
0.006003379821777344
0.006001472473144531
0.00861668586730957
0.010516881942749023
0.008999109268188477
0.010001897811889648
0.009448051452636719
0.007002353668212891
0.008260011672973633
0.006623029708862305
0.006999969482421875
0.008001565933227539
0.006001949310302734
0.009956121444702148
0.009875059127807617
0.008002519607543945
0.006011009216308594
0.010002613067626953
0.007000923156738281
0.0060024261474609375
0.008512496948242188
0.009001016616821289
0.007517099380493164
0.009001970291137695
0.011001110076904297
0.008003950119018555
0.010002851486206055
0.007997989654541016
0.007000923156738281
0.006994724273681641
0.007000923156738281
0.008003473281860352
0.00851130485534668
0.008000850677490234
0.007514238357543945
0.007003068923950195
0.011002063751220703
0.007998943328857422
0.007004499435424805
0.006209373474121094
0.005984306335449219
0.006001472473144531
0.007009029388427734
0.0060024261474609375
0.007002353668212891
0.006001949310302734
0.007506132125854492
0.006003141403198242
0.009384632110595703
0.00599980354309082
0.008007526397705078
0.009001970291137695
0.0069997310638427734
0.00700688362121582
0.007002115249633789
0.0060024261474609375
0.00801539421081543
0.006509065628051758
0.006000995635986328
0.006979465484619141
0.007117271423339844
0.007001638412475586
0.007002830505371094
0.006003618240356445
0.007002353668212891
0.006002664566040039
0.008000850677490234
0.0070018768310546875
0.007001399993896484
0.006001710891723633
0.008002281188964844
0.005999565124511719
0.008003711700439453
0.007000446319580078
0.007001399993896484
0.00771784782409668
0.008000850677490234
0.005998849868774414
0.006296634674072266
0.008000612258911133
0.008279800415039062
0.008001089096069336
0.006002187728881836
0.006994724273681641
0.006001472473144531
0.008002758026123047
0.0070018768310546875
0.006053447723388672
0.006001949310302734
0.005986452102661133
0.007003307342529297
0.00800180435180664
0.009001493453979492
0.006999492645263672
0.008004188537597656
0.006007194519042969
0.005991697311401367
0.006000518798828125
0.0070018768310546875
0.007002830505371094
0.007002353668212891
0.008010387420654297
0.006999969482421875
0.007012128829956055
0.008514404296875
0.007002353668212891
0.006001949310302734
0.00802755355834961
0.008002042770385742
0.007003307342529297
0.006993770599365234
0.007001161575317383
0.006995677947998047
0.007999658584594727
0.00700068473815918
0.006996870040893555
0.007001638412475586
0.0060007572174072266
0.00800323486328125
0.010002613067626953
0.007996559143066406
0.0070040225982666016
0.00700068473815918
0.006238222122192383
0.005991458892822266
0.006005048751831055
0.010004758834838867
0.006003141403198242
0.008000850677490234
0.009002923965454102
0.0059893131256103516
0.008001327514648438
0.011002779006958008
0.00900125503540039
0.008003950119018555
0.007002592086791992
0.006999969482421875
0.007001638412475586
0.007002592086791992
0.006001949310302734
0.007004976272583008
0.007004737854003906
0.006999015808105469
0.006517887115478516
0.005999326705932617
0.00600123405456543
0.007005214691162109
0.0071599483489990234
0.008397579193115234
0.0070037841796875
0.007341146469116211
0.0060079097747802734
0.006000518798828125
0.0070035457611083984
0.0070018768310546875
0.006000041961669922
0.006001472473144531
0.00700068473815918
0.00599360466003418
0.008002281188964844
0.007521867752075195
0.006987333297729492
0.007000923156738281
0.00701904296875
0.006993770599365234
0.009004354476928711
0.006002664566040039
0.007001638412475586
0.006998538970947266
0.007003307342529297
0.007002353668212891
0.0069997310638427734
0.006010293960571289
0.007015705108642578
0.006000995635986328
0.006985902786254883
0.007855653762817383
0.006002902984619141
0.007014274597167969
0.007860422134399414
0.00697636604309082
0.0070149898529052734
0.006713390350341797
0.0060002803802490234
0.00600886344909668
0.00639033317565918
0.007993221282958984
0.006001472473144531
0.007183074951171875
0.007026195526123047
0.008511543273925781
0.00600123405456543
0.006001710891723633
0.006661653518676758
0.0070018768310546875
0.00700831413269043
0.006245136260986328
0.008999347686767578
0.007006406784057617
0.006015777587890625
0.006006717681884766
0.006525993347167969
0.006506204605102539
0.007997512817382812
0.00697636604309082
0.006531715393066406
0.007002115249633789
0.0059967041015625
0.0070040225982666016
0.0070040225982666016
0.007001638412475586
0.0060002803802490234
0.005999326705932617
0.0070002079010009766
0.005992412567138672
0.0070002079010009766
0.0057163238525390625
0.0060007572174072266
0.007002115249633789
0.013033390045166016
0.007328033447265625
0.009433507919311523
0.006000995635986328
0.00656437873840332
0.007349967956542969
0.006003618240356445
0.006998777389526367
0.007006168365478516
0.006008625030517578
0.006001949310302734
0.006000995635986328
0.005999565124511719
0.006003379821777344
0.006003856658935547
0.005009174346923828
0.01056814193725586
0.009003877639770508
0.008002758026123047
