1.3458280563354492
1.601848840713501
1.649906873703003
1.6557393074035645
1.6407749652862549
1.6323637962341309
1.6241695880889893
1.6711997985839844
1.6484408378601074
1.6526215076446533
1.6653711795806885
1.7109568119049072
1.7601847648620605
1.6485540866851807
1.6563637256622314
1.6011569499969482
1.7654740810394287
1.6957314014434814
1.6295340061187744
1.6859350204467773
1.7549054622650146
1.7080028057098389
1.722316026687622
1.6843938827514648
1.7203319072723389
1.6532976627349854
1.7941009998321533
1.7521867752075195
1.7802505493164062
1.7639508247375488
1.7556676864624023
1.7014172077178955
1.7416274547576904
1.7275161743164062
1.8915820121765137
1.7768490314483643
1.7999451160430908
1.774125576019287
1.706529140472412
1.8316564559936523
1.7102622985839844
1.7116947174072266
1.701103925704956
1.7929332256317139
1.7172939777374268
1.770223617553711
1.6816673278808594
1.771684169769287
1.7768058776855469
1.752762794494629
1.7242894172668457
1.75132417678833
1.6976287364959717
1.7583489418029785
1.7089307308197021
1.69832181930542
1.7452774047851562
1.7303555011749268
1.738342523574829
1.785346269607544
1.6944901943206787
1.7096617221832275
1.9665255546569824
1.718545913696289
1.6681137084960938
1.698911190032959
1.8370692729949951
1.7181220054626465
1.7170982360839844
1.6558380126953125
1.7365658283233643
1.6612675189971924
1.7698516845703125
1.6980528831481934
1.7653782367706299
1.7200877666473389
1.7705309391021729
1.746671199798584
1.7232418060302734
1.7387194633483887
1.805037021636963
1.7616655826568604
1.762540340423584
1.7342956066131592
1.7549934387207031
1.8107526302337646
1.6970033645629883
1.6653547286987305
1.7320401668548584
1.8446705341339111
1.7446775436401367
1.7913165092468262
1.7046616077423096
1.7681093215942383
1.7091786861419678
1.7863147258758545
1.7196629047393799
1.699627161026001
1.6939470767974854
1.7286458015441895
1.695119857788086
1.7037441730499268
1.6653404235839844
1.743852138519287
1.7311220169067383
1.7030022144317627
1.6876513957977295
1.6580297946929932
1.8479540348052979
1.6885919570922852
1.6788322925567627
1.7121458053588867
