1.7854008674621582
1.7713408470153809
1.7463934421539307
1.5403566360473633
1.7331888675689697
1.5413455963134766
1.7303876876831055
1.6133627891540527
1.7646000385284424
1.7384443283081055
1.573695182800293
1.7443795204162598
1.554574966430664
1.7419157028198242
1.5461876392364502
1.7063968181610107
1.887540578842163
1.6860897541046143
1.8784139156341553
1.7092108726501465
1.7503983974456787
1.5447537899017334
1.7150366306304932
1.7529761791229248
1.5623650550842285
1.7593894004821777
1.5523476600646973
1.780871868133545
1.5667943954467773
1.7394628524780273
1.7732179164886475
1.6023585796356201
1.7733964920043945
1.6303880214691162
1.7441365718841553
1.569913625717163
1.7597482204437256
1.8234097957611084
1.5725879669189453
1.7934093475341797
1.5617191791534424
1.7602431774139404
1.591768503189087
1.73439621925354
1.7493915557861328
1.5583622455596924
1.7263867855072021
1.5673494338989258
1.7259633541107178
1.8662760257720947
1.649571418762207
1.7623932361602783
1.8334174156188965
1.6395375728607178
1.5549137592315674
1.7304024696350098
1.7931334972381592
1.596372365951538
1.5708723068237305
1.7923784255981445
1.59136962890625
1.5693647861480713
1.7976856231689453
1.597886085510254
1.5923564434051514
1.5673532485961914
1.7241997718811035
1.77457594871521
1.6143591403961182
1.5543572902679443
1.7323944568634033
1.8017070293426514
1.6423821449279785
1.599318027496338
1.7984085083007812
1.5933563709259033
1.5823619365692139
1.7913928031921387
1.6031725406646729
1.5775244235992432
1.5720765590667725
1.725024700164795
1.7655203342437744
1.574359655380249
1.7513866424560547
1.5480201244354248
1.7572133541107178
1.5850639343261719
1.757195234298706
1.7597005367279053
1.554358720779419
1.7495288848876953
1.5659193992614746
1.7534029483795166
1.5708365440368652
1.7403898239135742
1.805271863937378
1.5770797729492188
1.7446682453155518
1.5603625774383545
1.8083713054656982
1.5719935894012451
1.7341809272766113
1.8034048080444336
1.5923619270324707
1.7621774673461914
1.5733587741851807
1.7574055194854736
1.5495789051055908
1.719008207321167
1.7470729351043701
1.5688512325286865
1.7874131202697754
1.5655536651611328
1.7678420543670654
1.5553624629974365
1.7203834056854248
1.821408748626709
1.5903592109680176
1.7821571826934814
1.5864100456237793
1.7524828910827637
1.6143584251403809
1.7285830974578857
1.7584013938903809
1.5648932456970215
1.7608592510223389
1.558363676071167
1.783360481262207
1.5880544185638428
1.7486441135406494
1.8028600215911865
1.5539729595184326
1.7474303245544434
1.574134111404419
1.7368996143341064
1.8094043731689453
1.5909643173217773
1.775399923324585
1.8014042377471924
1.7170939445495605
1.6363651752471924
1.8001556396484375
1.8798658847808838
1.6132242679595947
1.6443696022033691
1.8084192276000977
1.5963661670684814
1.5841712951660156
1.805417537689209
1.6063592433929443
1.5935695171356201
1.5602169036865234
1.7288613319396973
1.785036563873291
1.6504266262054443
1.5773682594299316
1.7555410861968994
1.7934153079986572
1.6353647708892822
1.6507902145385742
1.8692376613616943
1.6789984703063965
1.6393725872039795
1.8012847900390625
1.6826565265655518
1.67803955078125
1.573469877243042
1.7841911315917969
1.8060622215270996
1.6049587726593018
1.7578613758087158
1.5693581104278564
1.7453925609588623
1.5910894870758057
1.7370367050170898
1.7604072093963623
1.569887399673462
1.83241868019104
1.6613664627075195
1.771409034729004
1.548356533050537
1.7323997020721436
1.8565609455108643
1.5893573760986328
1.8151252269744873
1.5723655223846436
1.7442831993103027
1.5743131637573242
1.8134419918060303
1.8034179210662842
1.6287968158721924
1.7574131488800049
1.6213641166687012
1.850498914718628
1.6503677368164062
1.7794573307037354
1.8325557708740234
1.6497697830200195
1.813129186630249
1.637387990951538
1.7813994884490967
1.6053600311279297
1.7403881549835205
1.7682569026947021
1.5847923755645752
1.7610530853271484
1.5653636455535889
1.8087158203125
1.6165800094604492
1.7313923835754395
1.7823898792266846
1.587355375289917
1.8354241847991943
1.6003572940826416
1.7543926239013672
1.6329715251922607
1.7680671215057373
1.7839148044586182
1.5723671913146973
1.7674040794372559
1.575355052947998
1.73624587059021
1.7883846759796143
1.623363733291626
1.7711482048034668
1.8274099826812744
1.5903689861297607
1.6614866256713867
1.7487304210662842
1.803070306777954
1.6411521434783936
1.62278413772583
1.856522798538208
1.630962610244751
1.6869280338287354
1.8434154987335205
1.6139016151428223
1.6021361351013184
1.5575766563415527
1.791203260421753
1.8124070167541504
1.6296074390411377
1.5773518085479736
1.7563939094543457
1.8577992916107178
1.6375465393066406
1.5825958251953125
1.8097162246704102
1.6073756217956543
1.575361967086792
1.8455257415771484
1.6233649253845215
1.5983731746673584
1.563584566116333
1.7138900756835938
1.7790288925170898
1.580367088317871
1.7603938579559326
1.6008729934692383
1.7783970832824707
1.5543551445007324
1.7252428531646729
1.7565670013427734
1.559432029724121
1.779409408569336
1.621886968612671
1.7584083080291748
1.5555942058563232
1.7325189113616943
1.7585368156433105
1.591428518295288
1.7564725875854492
1.5698516368865967
1.770409345626831
1.603358268737793
1.7293944358825684
1.800405502319336
1.5823688507080078
1.7593693733215332
1.5883557796478271
1.7519798278808594
1.573042392730713
1.7284021377563477
1.7682805061340332
1.5710997581481934
1.7644054889678955
1.5703577995300293
1.7560360431671143
1.569678783416748
1.7285606861114502
1.7480723857879639
1.5739569664001465
1.7591748237609863
1.5785801410675049
1.7514050006866455
1.5618805885314941
1.713402271270752
1.771399736404419
1.561363697052002
1.7633988857269287
1.5573546886444092
1.7321436405181885
1.5577330589294434
1.7145969867706299
1.916396141052246
1.6283671855926514
1.849428415298462
1.5614213943481445
1.750398874282837
1.862426996231079
1.5719549655914307
1.758406639099121
1.7934346199035645
1.5914709568023682
1.567542552947998
1.760408878326416
1.5736923217773438
1.7744007110595703
1.5793700218200684
1.7723751068115234
1.5856170654296875
1.5483589172363281
1.733396053314209
1.7884204387664795
1.6023774147033691
1.5859003067016602
1.8304176330566406
1.602278470993042
1.602954387664795
1.7984018325805664
1.616267204284668
1.6263768672943115
1.5473477840423584
1.7744057178497314
1.7764179706573486
1.5612561702728271
1.7592885494232178
1.5750823020935059
1.7524046897888184
1.5789055824279785
1.7585301399230957
1.7728116512298584
1.5673716068267822
1.7751116752624512
1.571362018585205
1.7603952884674072
1.5529565811157227
1.7293505668640137
1.7726483345031738
1.5933525562286377
1.7653982639312744
1.5873713493347168
1.7964017391204834
1.6132686138153076
1.7394049167633057
1.8146207332611084
1.6383697986602783
1.8228704929351807
1.6433615684509277
1.7733430862426758
1.5423593521118164
1.7179083824157715
1.7594079971313477
1.572464942932129
1.7941365242004395
1.5923569202423096
1.7784137725830078
1.552361249923706
1.7293956279754639
1.7604095935821533
1.5858018398284912
1.7607250213623047
1.5623631477355957
1.7692549228668213
1.55013108253479
1.7828683853149414
1.7623162269592285
1.6193783283233643
1.8532626628875732
1.6433825492858887
1.7954049110412598
1.555774450302124
1.7226929664611816
1.7563812732696533
1.5628902912139893
1.7539668083190918
1.560356616973877
1.7416355609893799
1.5448238849639893
1.712059736251831
1.755946159362793
1.6133511066436768
1.8208825588226318
1.638979196548462
1.7774124145507812
1.8123440742492676
1.639357089996338
1.8081004619598389
1.846764087677002
1.5983738899230957
1.568356990814209
1.761408805847168
1.5753779411315918
1.7723970413208008
1.5825626850128174
1.794499397277832
1.5874531269073486
1.553368091583252
1.7363922595977783
1.8060784339904785
1.5966246128082275
1.5837445259094238
1.7903151512145996
1.6003592014312744
1.5803585052490234
1.805403470993042
1.6025760173797607
1.5783627033233643
1.5518348217010498
1.7226157188415527
1.7573463916778564
1.5684373378753662
1.7453827857971191
1.5663580894470215
1.7409768104553223
1.5580873489379883
1.7165107727050781
1.761340856552124
1.5713024139404297
1.7653582096099854
1.5605559349060059
1.739450216293335
1.5502288341522217
1.753406286239624
1.7914001941680908
1.5963592529296875
1.7630233764648438
1.5874934196472168
1.7732484340667725
1.594438076019287
1.7533996105194092
1.7988409996032715
1.62436842918396
1.8094208240509033
1.6265482902526855
1.7724099159240723
1.57045578956604
1.7303948402404785
1.803403615951538
1.5748584270477295
1.770409345626831
1.5768260955810547
1.8340001106262207
1.5877001285552979
1.7554152011871338
1.7805874347686768
1.570352554321289
1.7794015407562256
1.5973577499389648
1.7884018421173096
1.6940622329711914
1.7814052104949951
1.7663490772247314
1.5790679454803467
1.7987236976623535
1.5833630561828613
1.8042285442352295
1.5783655643463135
1.7674109935760498
1.845411777496338
1.6317975521087646
1.8413050174713135
1.634122371673584
1.7779676914215088
1.58235502243042
1.7809269428253174
1.8106615543365479
1.598581314086914
1.7643375396728516
1.5870602130889893
1.7415900230407715
1.7504048347473145
1.5813612937927246
1.7368862628936768
1.8004391193389893
1.601372480392456
1.5729494094848633
1.7644059658050537
1.5733582973480225
1.7841906547546387
1.5908970832824707
1.7901546955108643
1.6043555736541748
1.5696635246276855
1.7498362064361572
1.8014051914215088
1.6243646144866943
1.588226318359375
1.8024070262908936
1.6043767929077148
1.584188461303711
1.8140454292297363
1.606740951538086
1.6283659934997559
1.5793616771697998
1.761394739151001
1.8115861415863037
1.5729267597198486
1.8094062805175781
1.5782933235168457
1.7495129108428955
1.6132469177246094
1.7483978271484375
