0.11043500900268555
0.007988691329956055
0.008998870849609375
0.008003473281860352
0.008000612258911133
0.005998134613037109
0.0060024261474609375
0.005996227264404297
0.009003400802612305
0.006996631622314453
0.009005546569824219
0.00600123405456543
0.009006500244140625
0.00600886344909668
0.006001472473144531
0.005995750427246094
0.008015632629394531
0.009002208709716797
0.006002902984619141
0.00600123405456543
0.005997180938720703
0.037543296813964844
0.03800082206726074
0.03800535202026367
0.03802227973937988
0.006015777587890625
0.009001731872558594
0.013003349304199219
0.013002872467041016
0.013014793395996094
0.008008241653442383
0.038014888763427734
0.028003454208374023
0.03600788116455078
0.007995128631591797
0.007996320724487305
0.008033275604248047
0.00800323486328125
0.03699636459350586
0.03706622123718262
0.038008928298950195
0.038005828857421875
0.03602099418640137
0.03700995445251465
0.03601479530334473
0.037698984146118164
0.038996219635009766
0.0380101203918457
0.00800776481628418
0.013003826141357422
0.013016462326049805
0.013013839721679688
0.014033317565917969
0.014017105102539062
0.008008241653442383
0.009015560150146484
0.00904393196105957
0.008994579315185547
0.00800180435180664
0.010001659393310547
0.008001327514648438
0.008007526397705078
0.008002042770385742
0.008003473281860352
0.008000850677490234
0.008002042770385742
0.007994890213012695
0.009002923965454102
0.008015632629394531
0.009011268615722656
0.008008480072021484
0.009014606475830078
0.008016109466552734
0.012991905212402344
0.013041496276855469
0.014009952545166016
0.012987375259399414
0.01299595832824707
0.008008241653442383
0.008001327514648438
0.008001565933227539
0.009008407592773438
0.013996124267578125
0.013983726501464844
0.02000284194946289
0.01999831199645996
0.03700137138366699
0.020004749298095703
0.02411365509033203
0.019002914428710938
0.020003557205200195
0.03700113296508789
0.008995294570922852
0.008989572525024414
0.014017105102539062
0.008995294570922852
0.006001710891723633
0.006000995635986328
0.005988359451293945
0.008012771606445312
0.020005464553833008
0.006015300750732422
0.006005764007568359
0.006009817123413086
0.037996768951416016
0.038008928298950195
0.036995649337768555
0.013003110885620117
0.02001047134399414
0.03747677803039551
0.013996601104736328
0.008005619049072266
0.009001970291137695
0.00800943374633789
0.010997295379638672
0.007996559143066406
0.014017343521118164
0.00798344612121582
0.015003204345703125
0.00902104377746582
0.009007453918457031
0.014014959335327148
0.016017913818359375
0.01700592041015625
0.019989728927612305
0.021004915237426758
0.020005226135253906
0.014003276824951172
0.01600503921508789
0.014001846313476562
0.014002799987792969
0.01400303840637207
0.013995885848999023
0.020012855529785156
0.02100396156311035
0.014012813568115234
0.020000934600830078
0.014002561569213867
0.015219926834106445
0.03700757026672363
0.013002157211303711
0.015004873275756836
0.036020517349243164
0.01300191879272461
0.01401829719543457
0.03600120544433594
0.036995887756347656
0.037008047103881836
0.03701519966125488
0.006995201110839844
0.038008928298950195
0.037008047103881836
0.037017107009887695
0.020006656646728516
0.03700900077819824
0.008990764617919922
0.0390162467956543
0.008002996444702148
0.007000923156738281
0.03700113296508789
0.007006406784057617
0.0070018768310546875
0.008994340896606445
0.00800180435180664
0.04000973701477051
0.00901484489440918
0.009003162384033203
0.007994651794433594
0.008001565933227539
0.006998777389526367
0.007007598876953125
0.009009838104248047
0.01401376724243164
0.0370020866394043
0.00801539421081543
0.008001089096069336
0.007001399993896484
0.0069980621337890625
0.013988971710205078
0.0059967041015625
0.00800180435180664
0.008001327514648438
0.007001399993896484
0.0070056915283203125
0.007001638412475586
0.006008148193359375
0.013002872467041016
0.007002592086791992
0.008005380630493164
0.008001089096069336
0.009003162384033203
0.03900861740112305
0.009008646011352539
0.00899505615234375
0.009011507034301758
0.007015705108642578
0.010001659393310547
0.008008480072021484
0.0380098819732666
0.014003276824951172
0.013012886047363281
0.01300954818725586
0.008002281188964844
0.007008075714111328
0.007002830505371094
0.014007091522216797
0.00700068473815918
0.007012605667114258
0.007004499435424805
0.008988380432128906
0.009001731872558594
0.008996248245239258
0.012008428573608398
0.013002634048461914
0.038008928298950195
0.0380094051361084
0.009007692337036133
0.0520167350769043
0.008008003234863281
0.039008378982543945
0.03800177574157715
0.03901338577270508
0.040015220642089844
0.005998373031616211
0.01300048828125
0.007998466491699219
0.014001131057739258
0.044010162353515625
0.03800153732299805
0.04401087760925293
0.03701519966125488
0.014003992080688477
0.037007808685302734
0.03701305389404297
0.00699615478515625
0.037008047103881836
0.007002353668212891
0.03702259063720703
0.0380098819732666
0.007002115249633789
0.043004751205444336
0.039021968841552734
0.04401206970214844
0.039038658142089844
0.04402279853820801
0.0420079231262207
0.0410764217376709
0.008004188537597656
0.045009613037109375
0.034009695053100586
0.03400230407714844
0.03500866889953613
0.03500843048095703
0.038008689880371094
0.03800535202026367
0.034004926681518555
0.03500938415527344
0.041008710861206055
0.04300975799560547
0.038997650146484375
0.03800702095031738
0.0400083065032959
0.0400083065032959
0.1090235710144043
