2.9571151733398438
2.670583963394165
2.8325607776641846
3.081393003463745
2.654107093811035
2.6462695598602295
2.6944332122802734
2.980501413345337
2.72220778465271
2.9307353496551514
2.9920437335968018
2.687492847442627
2.7863807678222656
2.8420817852020264
2.912774085998535
2.6593213081359863
2.612792730331421
2.5186688899993896
2.7974026203155518
2.8730156421661377
2.5918827056884766
2.8885045051574707
2.6266088485717773
2.574389696121216
2.8456194400787354
2.5653233528137207
2.8242886066436768
2.5579309463500977
2.8288278579711914
2.597480058670044
3.010030508041382
2.698911666870117
2.9336414337158203
2.6913952827453613
2.8914971351623535
2.5685548782348633
2.9408819675445557
2.6182925701141357
2.8333399295806885
2.5758843421936035
2.822359323501587
2.5680572986602783
2.797102212905884
2.8211889266967773
2.8880324363708496
2.6244959831237793
2.62518048286438
2.618152379989624
2.813951015472412
2.858043909072876
2.605289936065674
2.9157073497772217
2.665440559387207
2.6852359771728516
2.887009859085083
2.6262879371643066
2.8448424339294434
2.5631978511810303
2.886181592941284
2.6203715801239014
2.8518483638763428
2.623523712158203
2.883737564086914
2.6044859886169434
2.828538656234741
2.5653960704803467
2.7880067825317383
2.844736099243164
2.9375364780426025
2.667093276977539
2.607548236846924
2.6163456439971924
3.054999828338623
3.017868995666504
2.6876955032348633
3.0093190670013428
2.669875383377075
2.66536283493042
2.866945266723633
2.6143972873687744
2.8851780891418457
2.6318247318267822
2.8582499027252197
2.6434977054595947
3.0539727210998535
2.6136462688446045
2.878059148788452
2.5576462745666504
2.8355066776275635
2.554265260696411
2.788222074508667
2.8183467388153076
2.8973426818847656
2.7039880752563477
2.697321653366089
2.5766937732696533
2.8224856853485107
2.8934364318847656
2.6342129707336426
2.975994348526001
2.6579160690307617
2.580496311187744
2.856687307357788
2.631805658340454
2.8511698246002197
2.5842530727386475
2.8738532066345215
2.6188273429870605
2.86311936378479
2.5696024894714355
2.861280918121338
2.5811679363250732
2.8531382083892822
2.584536552429199
2.8294317722320557
2.862513303756714
3.0524868965148926
2.7017252445220947
2.6558339595794678
2.6597697734832764
2.8951315879821777
2.9714672565460205
2.698220729827881
2.9587714672088623
2.7155134677886963
2.661301851272583
2.8952877521514893
2.589526414871216
2.884699821472168
2.6247057914733887
2.877728223800659
2.591836929321289
2.8699963092803955
2.6223220825195312
2.894312620162964
2.5879006385803223
2.8645169734954834
2.5640275478363037
2.8228988647460938
2.874554395675659
2.962602138519287
2.722972869873047
2.628200054168701
2.614856481552124
2.8677945137023926
2.978889226913452
2.6469287872314453
2.940613269805908
2.732860803604126
2.6094141006469727
2.9376258850097656
2.6307313442230225
2.932710647583008
2.649289131164551
2.908487558364868
2.595139503479004
2.990426540374756
2.6491618156433105
2.9066805839538574
2.6515612602233887
2.8765056133270264
2.596977472305298
2.8491647243499756
2.8653430938720703
2.9599404335021973
2.680295944213867
2.6480047702789307
2.6167891025543213
2.90036940574646
2.9354441165924072
2.615157127380371
3.1247572898864746
2.7917799949645996
2.806304454803467
3.2330451011657715
2.8237578868865967
3.134570598602295
2.922065019607544
3.0388550758361816
2.855506420135498
2.9864354133605957
2.822770357131958
2.982722282409668
2.8767991065979004
3.071420431137085
2.7292778491973877
3.0320773124694824
3.085577964782715
3.1522879600524902
2.8565924167633057
2.7241735458374023
2.7437379360198975
3.120145797729492
3.8664281368255615
3.0392508506774902
3.3770604133605957
3.076507568359375
3.0509748458862305
3.285362482070923
2.7784459590911865
3.194838047027588
2.877664089202881
3.088806629180908
2.742924451828003
3.029493808746338
2.7457196712493896
2.9777307510375977
3.142670154571533
3.0814130306243896
2.871180534362793
2.909759998321533
3.0209615230560303
3.194453716278076
2.793126106262207
2.8127756118774414
2.7661197185516357
2.967200517654419
2.98441481590271
2.8455843925476074
3.1676676273345947
2.801311731338501
2.7211031913757324
3.00935697555542
2.65773606300354
2.9465367794036865
2.679680347442627
3.023155927658081
2.946387767791748
3.0341274738311768
2.8917906284332275
3.0528950691223145
2.7213668823242188
2.99847412109375
2.6735594272613525
2.9879355430603027
2.9371910095214844
3.000241994857788
2.730701446533203
2.710477113723755
2.672900915145874
2.983207941055298
3.061492681503296
2.7477798461914062
2.967215061187744
2.7893011569976807
2.7143609523773193
2.9714243412017822
2.6847116947174072
2.9586403369903564
2.7203521728515625
3.0051515102386475
2.697770595550537
2.9911751747131348
2.8749213218688965
3.0559451580047607
2.7145886421203613
2.986898183822632
2.6749610900878906
2.884328842163086
3.0917184352874756
3.450509786605835
2.989394426345825
2.961469888687134
2.9627768993377686
3.149787425994873
3.085764169692993
2.8240437507629395
3.2308385372161865
2.923271417617798
2.816835403442383
3.1492245197296143
2.798180341720581
3.074606418609619
2.722292900085449
2.966817855834961
2.7049560546875
2.9282028675079346
2.6989288330078125
3.0230231285095215
2.7397115230560303
2.9588186740875244
2.7318530082702637
2.911555051803589
2.9044575691223145
2.981677293777466
2.709853172302246
2.70422101020813
2.7088191509246826
2.871100425720215
2.963294744491577
2.654083013534546
3.0369412899017334
2.955535411834717
2.787415027618408
2.9428648948669434
2.928433656692505
3.4148032665252686
2.9306516647338867
3.0683019161224365
2.8206393718719482
3.003563404083252
2.843033790588379
3.0615122318267822
2.931518316268921
3.126535177230835
2.757762908935547
3.054335117340088
3.015619993209839
3.1249372959136963
2.8380637168884277
2.8055906295776367
2.7881176471710205
3.0888445377349854
3.2233898639678955
2.826824903488159
3.2248411178588867
2.972348690032959
