2.5617053508758545
2.495168447494507
2.5725624561309814
2.4785563945770264
2.4426159858703613
2.611537456512451
2.580394983291626
2.552572250366211
2.6046152114868164
2.451932668685913
2.618666887283325
2.45605731010437
2.5737102031707764
2.546912431716919
2.6685986518859863
2.4850969314575195
2.6211001873016357
2.529559373855591
2.6318535804748535
2.4825599193573
2.5830790996551514
2.6715993881225586
2.815918207168579
2.6797127723693848
2.7355942726135254
2.686981678009033
2.5839333534240723
2.6345279216766357
2.7493839263916016
2.611572027206421
2.5775821208953857
2.6640818119049072
2.573225498199463
2.4167826175689697
2.609684705734253
2.6411850452423096
2.6760387420654297
2.7826249599456787
2.635591745376587
2.4555063247680664
2.657597303390503
2.6625969409942627
2.722611665725708
2.7242836952209473
2.574068307876587
2.645202398300171
2.7267425060272217
2.77966046333313
2.6503875255584717
2.6375927925109863
2.7150890827178955
2.608423948287964
2.624593734741211
2.6452643871307373
2.5320475101470947
2.8256289958953857
2.7993733882904053
2.7125277519226074
2.725466728210449
2.652595043182373
2.5034453868865967
2.7099311351776123
2.76987886428833
2.631991386413574
2.7009902000427246
2.7670648097991943
2.7406158447265625
2.485387086868286
2.6440682411193848
2.653963327407837
2.780616521835327
2.8426759243011475
2.7035181522369385
2.5052413940429688
2.7490394115448
2.796654224395752
2.8453640937805176
2.8726415634155273
2.54550838470459
2.652672290802002
2.6650707721710205
2.76062273979187
2.6666646003723145
2.6541032791137695
2.7978780269622803
2.6645894050598145
2.7371537685394287
2.787031888961792
2.715604305267334
2.644707441329956
2.819647789001465
2.662360191345215
2.74999737739563
2.7906301021575928
2.659674644470215
2.747765302658081
2.785625457763672
2.7089293003082275
2.6911299228668213
2.792005777359009
2.704066038131714
2.535569906234741
2.8342862129211426
2.8330307006835938
2.801020860671997
2.809823751449585
2.6447079181671143
2.4861788749694824
2.7154300212860107
2.758754253387451
2.850125312805176
2.756951093673706
2.473554849624634
2.771057605743408
2.6724355220794678
2.7556638717651367
2.771613836288452
2.6784863471984863
2.714937686920166
2.6410422325134277
2.660259246826172
2.6625189781188965
2.6652982234954834
2.7516191005706787
2.8191990852355957
2.6511406898498535
2.706346273422241
2.662522315979004
2.6977944374084473
2.8626456260681152
2.829632043838501
2.716588258743286
2.64859938621521
2.8099539279937744
2.680612802505493
2.6404385566711426
2.7899131774902344
2.7771763801574707
2.721499443054199
2.8552112579345703
2.6746017932891846
2.5795810222625732
2.783808469772339
2.8379249572753906
2.877002239227295
2.7626185417175293
2.6015710830688477
2.6928768157958984
2.7138097286224365
2.8016157150268555
2.797407627105713
2.726168632507324
2.753403425216675
2.736649513244629
2.7096121311187744
2.67549991607666
2.6386303901672363
2.7173686027526855
2.8309364318847656
2.7930846214294434
2.748777389526367
2.69826602935791
2.7056081295013428
2.713611364364624
2.829036235809326
2.7245283126831055
2.647862195968628
2.7746224403381348
2.656632661819458
2.4855666160583496
2.71529483795166
2.719500780105591
2.7136125564575195
2.8296287059783936
2.694605827331543
2.5244643688201904
2.693467855453491
2.675666093826294
2.7499327659606934
2.7770328521728516
2.5393924713134766
2.6715967655181885
2.6857171058654785
2.664747714996338
2.7206246852874756
2.657142162322998
2.771413803100586
2.669292688369751
2.662257432937622
2.6900603771209717
2.6030962467193604
2.6366047859191895
2.7716238498687744
2.663682460784912
2.688610553741455
2.6879732608795166
2.7446236610412598
2.6965982913970947
2.8060758113861084
2.705118417739868
2.760589122772217
2.9538633823394775
2.789626359939575
2.5599119663238525
2.741549253463745
2.8177695274353027
2.768622875213623
2.893975257873535
2.8403003215789795
2.6205451488494873
2.794625997543335
2.790417194366455
2.762688398361206
2.7856333255767822
2.518162250518799
2.662635564804077
2.6793503761291504
2.694399356842041
2.712610960006714
2.71860933303833
2.770848512649536
2.681854724884033
2.6610217094421387
2.7058165073394775
2.5820846557617188
2.6746015548706055
2.8190927505493164
2.6734657287597656
2.683762311935425
2.6956052780151367
2.5967516899108887
2.6783411502838135
2.852548360824585
2.6319024562835693
2.5819859504699707
2.7550923824310303
2.6791791915893555
2.483769655227661
2.6911072731018066
2.73392653465271
2.7999818325042725
2.769618511199951
2.683250665664673
2.5423455238342285
2.737502098083496
2.6893150806427
2.746583938598633
2.7962515354156494
2.516226053237915
2.695824146270752
2.7344274520874023
2.7676236629486084
2.7449350357055664
2.6906564235687256
2.797632932662964
2.7218270301818848
2.710844039916992
2.6806693077087402
2.5825955867767334
2.661069869995117
2.7850472927093506
2.678941249847412
2.727613925933838
2.7602667808532715
2.6048696041107178
2.7066092491149902
2.8795924186706543
2.678734540939331
2.6716294288635254
2.812145471572876
2.7065999507904053
2.574911594390869
2.7320311069488525
2.698258876800537
2.7525711059570312
2.7864387035369873
2.68660831451416
2.552830457687378
2.7235214710235596
2.6865432262420654
2.767794132232666
2.605433225631714
2.954667329788208
2.7172622680664062
2.513103485107422
2.763533115386963
2.7272939682006836
2.789167881011963
2.7685227394104004
2.525282859802246
2.745927333831787
2.719611167907715
2.732611894607544
2.7327992916107178
2.7868704795837402
2.8320999145507812
2.5515575408935547
2.918841600418091
2.8036396503448486
2.7410831451416016
2.832209348678589
2.838580369949341
2.7406160831451416
3.034682035446167
2.8506877422332764
2.808870315551758
3.181452989578247
2.73974609375
2.8128061294555664
2.832639694213867
2.5468215942382812
2.694495916366577
2.690422296524048
2.712615728378296
2.6873629093170166
2.7568113803863525
2.8006272315979004
2.502560615539551
2.711749315261841
2.6953396797180176
2.696545362472534
2.722062110900879
2.7510457038879395
2.606585741043091
2.8663811683654785
2.6655986309051514
2.5073986053466797
2.696606397628784
2.7114574909210205
2.750041961669922
2.786229133605957
2.505744218826294
2.6957948207855225
2.6994035243988037
