2.7077476978302
2.701101303100586
2.735995292663574
2.7076807022094727
2.8267791271209717
2.7082605361938477
2.681138753890991
2.705897808074951
2.7465991973876953
2.7076001167297363
2.724785566329956
2.758537530899048
2.7986090183258057
2.688602924346924
2.8318800926208496
2.6693241596221924
2.8256542682647705
2.8786351680755615
2.55521821975708
2.7790539264678955
2.75844144821167
2.7511823177337646
2.77282977104187
2.7326135635375977
2.8348634243011475
2.7128500938415527
2.7168989181518555
2.7806172370910645
2.6471312046051025
2.7209246158599854
2.817812204360962
2.8856313228607178
2.7686214447021484
2.7224364280700684
2.624735116958618
2.6889309883117676
2.8480074405670166
2.7452666759490967
2.6815695762634277
2.823625087738037
2.8073043823242188
2.6802327632904053
2.822943687438965
2.8462305068969727
2.870741128921509
2.869307041168213
2.8466923236846924
2.734090566635132
2.746068000793457
2.733926773071289
2.6295905113220215
2.7982234954833984
2.86964750289917
2.627971887588501
2.8397936820983887
2.615572214126587
2.7922725677490234
2.6399595737457275
2.7751076221466064
2.762619733810425
2.8316214084625244
2.8306350708007812
2.716736078262329
2.7825400829315186
2.730634927749634
3.0157406330108643
2.9613733291625977
2.7376151084899902
2.709381341934204
2.8745546340942383
2.7316343784332275
2.57155704498291
2.7832679748535156
2.7556159496307373
2.813708782196045
2.8766322135925293
2.736443042755127
2.6494970321655273
2.8468313217163086
2.8925013542175293
2.5786821842193604
2.864642858505249
2.925677537918091
2.8269641399383545
2.7795047760009766
2.727407693862915
2.833582639694214
2.7582781314849854
2.7205965518951416
2.7711687088012695
2.6407299041748047
2.7045857906341553
2.841653347015381
2.7369747161865234
2.7350196838378906
2.7482664585113525
2.624746799468994
2.7499945163726807
2.860147476196289
2.6935932636260986
2.640254259109497
2.829949140548706
2.7206108570098877
2.5325770378112793
2.770949363708496
2.747206449508667
2.8061811923980713
2.8242881298065186
2.7462332248687744
2.5392346382141113
2.8403444290161133
2.8346357345581055
2.5477635860443115
2.7369539737701416
2.739623546600342
2.7572944164276123
2.759385824203491
2.72363543510437
2.809553861618042
2.716975688934326
2.9056484699249268
2.900378942489624
2.8021435737609863
2.883455276489258
3.0046682357788086
2.7454540729522705
2.7416157722473145
2.7504584789276123
2.6552958488464355
2.7393014430999756
2.8722450733184814
2.708599805831909
2.715609073638916
2.8739302158355713
2.747807741165161
2.6315934658050537
2.7594118118286133
2.849280834197998
2.9136879444122314
2.8723316192626953
2.8166379928588867
2.563568115234375
2.848459482192993
2.8779520988464355
2.555569648742676
2.7714078426361084
2.782130241394043
2.772622585296631
2.805696964263916
2.734722852706909
2.834057092666626
2.740704298019409
2.749238967895508
2.7558655738830566
2.661198139190674
2.878476858139038
2.9897263050079346
2.8745951652526855
2.847250461578369
2.847951650619507
2.64391827583313
2.7662456035614014
2.878628730773926
2.706505060195923
2.665597915649414
2.8706510066986084
2.7504971027374268
2.5579521656036377
2.7417516708374023
2.7991693019866943
2.814574956893921
2.8666434288024902
2.7398858070373535
2.5597431659698486
2.815687894821167
2.8636434078216553
2.653609275817871
2.7922332286834717
2.8051469326019287
2.8006434440612793
2.8296210765838623
2.7576868534088135
2.8358094692230225
2.747036933898926
2.7412800788879395
2.7635347843170166
2.638579845428467
2.7427315711975098
2.9267616271972656
2.7641429901123047
2.763620138168335
2.815640926361084
2.665745735168457
2.7738261222839355
2.9161577224731445
2.7402217388153076
2.6756012439727783
2.8582942485809326
2.7740752696990967
2.5883078575134277
2.7776310443878174
2.776562213897705
2.8369946479797363
2.8630008697509766
2.7509000301361084
2.565139055252075
2.830784559249878
2.874638557434082
2.6405112743377686
2.882099151611328
2.847043037414551
2.9456610679626465
2.9116532802581787
2.9726786613464355
2.9636669158935547
2.8361918926239014
2.805763006210327
2.8796746730804443
2.867642879486084
2.8216331005096436
2.9625325202941895
2.879645824432373
2.8822379112243652
2.921339511871338
2.821070909500122
2.907278299331665
3.0406832695007324
2.882761240005493
2.8256356716156006
3.0411722660064697
2.9518001079559326
2.7906253337860107
2.9066965579986572
2.887645721435547
2.94968843460083
2.917656183242798
2.8108813762664795
2.8732550144195557
3.0566859245300293
2.992673397064209
2.752173900604248
2.8971571922302246
2.898965358734131
3.0496819019317627
3.109501361846924
3.287722110748291
3.1218082904815674
2.8364031314849854
2.827636957168579
2.8160512447357178
2.7976207733154297
2.8294484615325928
2.9074525833129883
2.8616433143615723
2.93007493019104
2.8580193519592285
2.8003275394439697
2.946204662322998
2.989638090133667
2.8396477699279785
2.878645420074463
3.0164785385131836
2.882221221923828
2.6638801097869873
3.0548202991485596
3.098271608352661
3.06558895111084
3.0472793579101562
2.913891077041626
2.724954128265381
2.9796688556671143
3.0162153244018555
2.7106080055236816
2.8896493911743164
2.933861255645752
2.947265625
2.978557586669922
2.8915066719055176
2.957166910171509
2.863554000854492
2.896101236343384
2.856642246246338
2.7170491218566895
2.824254035949707
3.1800119876861572
2.8887312412261963
2.9136545658111572
3.0415661334991455
2.9336581230163574
2.9694197177886963
3.457925319671631
3.901813268661499
2.864673376083374
3.066673517227173
2.9416606426239014
2.7602200508117676
2.9562668800354004
2.9087626934051514
3.1376945972442627
3.0596861839294434
2.966513156890869
2.768317937850952
2.923104763031006
3.0336828231811523
2.7176101207733154
2.978668689727783
2.964665174484253
2.964390993118286
3.0493667125701904
2.9006600379943848
2.9806711673736572
2.841651201248169
2.8423519134521484
2.8650941848754883
2.769904851913452
2.837049722671509
2.950655460357666
2.840684413909912
2.8324151039123535
2.8590285778045654
