2.7197530269622803
2.737607955932617
2.482081413269043
2.4587035179138184
2.734614849090576
2.487933874130249
2.5155727863311768
2.4418442249298096
2.7636308670043945
2.791344165802002
2.5945818424224854
2.8014414310455322
2.5955913066864014
2.621471881866455
2.796628475189209
2.593515634536743
2.754567861557007
2.5576188564300537
2.8962771892547607
2.650595188140869
2.884661912918091
2.546314001083374
2.7616043090820312
2.542571783065796
2.7926337718963623
2.5229742527008057
2.783053398132324
2.5027201175689697
2.8776910305023193
2.560575485229492
2.9476447105407715
2.564107894897461
2.7789194583892822
2.5673835277557373
2.7601609230041504
2.724604845046997
2.9206557273864746
2.530301570892334
2.5205652713775635
2.576305389404297
2.850816249847412
2.8406550884246826
2.50657057762146
2.8666374683380127
2.544422149658203
2.570575475692749
2.8646435737609863
2.5246591567993164
2.812283754348755
2.6232974529266357
2.8459699153900146
2.4815421104431152
2.7512762546539307
2.6302874088287354
2.9497313499450684
2.6229135990142822
2.8691723346710205
2.5375607013702393
2.856642246246338
2.823249101638794
2.9053854942321777
2.653411388397217
2.6176187992095947
2.652782440185547
2.849640130996704
2.8286378383636475
2.9538002014160156
3.1289706230163574
2.7626194953918457
2.640101194381714
3.008312702178955
2.6455416679382324
2.8377737998962402
2.6425940990448
2.929100275039673
2.61613392829895
3.052692174911499
2.553159475326538
2.8084094524383545
2.5317423343658447
2.7749946117401123
2.4958486557006836
2.859689950942993
2.8482396602630615
2.856987953186035
2.5741827487945557
2.600586175918579
2.596580743789673
2.987288236618042
2.952662944793701
2.612149477005005
2.912651300430298
2.6609582901000977
2.7078285217285156
2.885582685470581
2.7040627002716064
2.9666669368743896
2.691150665283203
2.8886489868164062
2.6409823894500732
2.889647960662842
2.692147731781006
2.8832366466522217
2.627333879470825
2.878507137298584
2.6578354835510254
2.8134400844573975
2.951659679412842
2.9362120628356934
2.7845914363861084
2.729644775390625
2.5455713272094727
2.7636187076568604
2.8581879138946533
2.5575742721557617
2.817709445953369
2.5929765701293945
2.5230472087860107
2.840640068054199
2.559539794921875
2.7826197147369385
2.532567024230957
2.8106327056884766
2.5335757732391357
2.775280714035034
2.5585880279541016
2.8635010719299316
2.6616015434265137
2.953906774520874
2.713615655899048
3.2888901233673096
3.6853413581848145
3.12754487991333
2.929065704345703
3.120084285736084
3.273777484893799
3.9705522060394287
4.07723069190979
3.4927852153778076
3.504622459411621
2.961820363998413
3.081714153289795
3.1203298568725586
2.7687368392944336
2.910463571548462
2.6362850666046143
2.901792049407959
2.666520357131958
2.911149740219116
2.583650588989258
2.8586363792419434
2.5919086933135986
2.807225227355957
2.563993215560913
2.7745511531829834
2.8757781982421875
2.9208011627197266
2.9064431190490723
2.7956295013427734
2.697091579437256
2.8921735286712646
3.0105373859405518
2.6504340171813965
2.8485634326934814
2.570371150970459
2.578674077987671
2.9928698539733887
2.603989362716675
2.8953678607940674
2.728379964828491
2.9317007064819336
2.736417770385742
3.140580892562866
2.735433340072632
2.9681859016418457
2.6840760707855225
2.865320920944214
2.586629629135132
2.8318421840667725
2.8148746490478516
2.86576247215271
2.604586124420166
2.582498550415039
2.5341641902923584
2.8129751682281494
2.878741979598999
2.601809501647949
2.85805082321167
2.6498310565948486
2.5805811882019043
2.840367555618286
2.5782175064086914
2.837905168533325
2.6292848587036133
2.9334716796875
2.630048990249634
2.9381027221679688
2.6391963958740234
2.891596794128418
2.5712192058563232
2.8184003829956055
2.5657267570495605
2.7769882678985596
2.8730416297912598
2.9129152297973633
2.5922560691833496
2.5928564071655273
2.531651496887207
2.7726938724517822
2.8229012489318848
2.676304340362549
2.9067153930664062
2.6128835678100586
2.5704164505004883
2.8181450366973877
2.5681943893432617
2.9056413173675537
2.62359356880188
2.808098793029785
2.639272689819336
2.865143060684204
2.565197706222534
2.8506500720977783
2.6582231521606445
2.8505349159240723
2.6256518363952637
2.779250144958496
2.8366458415985107
2.9508233070373535
2.8554117679595947
2.9060211181640625
2.780120611190796
3.2605206966400146
3.435835838317871
2.9479198455810547
3.1832523345947266
2.77437686920166
2.7110626697540283
2.9064781665802
2.6868228912353516
2.9278061389923096
2.6102447509765625
2.881371259689331
2.582862377166748
2.8815529346466064
2.583404541015625
2.8593075275421143
2.6805970668792725
2.8608968257904053
2.559704303741455
2.8092355728149414
2.804788827896118
3.079880952835083
2.960083246231079
2.7967464923858643
2.6386353969573975
2.864182949066162
2.898099184036255
2.720355987548828
2.913179874420166
2.703822374343872
2.6452078819274902
2.865950107574463
2.5547633171081543
2.8298985958099365
2.5597686767578125
2.923044204711914
2.704620361328125
2.8668248653411865
2.5613174438476562
2.9333956241607666
2.652512788772583
2.973289966583252
2.7894041538238525
2.928043842315674
2.8429198265075684
3.167909622192383
2.8080215454101562
2.8452937602996826
2.6641368865966797
3.023174285888672
2.9379000663757324
2.659052848815918
3.2591869831085205
2.869190216064453
2.656080484390259
2.939661741256714
2.603599786758423
2.871305465698242
2.675978422164917
2.9094455242156982
2.6469948291778564
2.8748080730438232
2.683974504470825
2.897791624069214
2.6149799823760986
2.9217429161071777
2.6800174713134766
2.9708058834075928
2.9316537380218506
3.0870518684387207
2.7418012619018555
2.703927516937256
2.562098741531372
2.8333160877227783
2.8517768383026123
2.6352975368499756
2.9223787784576416
2.5993432998657227
2.5734803676605225
2.8748369216918945
2.613173723220825
2.8930747509002686
2.645909309387207
2.865673303604126
2.5904810428619385
2.8513612747192383
2.5959136486053467
2.897886037826538
2.670215129852295
2.9627559185028076
2.7351930141448975
2.8507962226867676
2.9013967514038086
