0.003994464874267578
0.004001617431640625
0.0029997825622558594
0.00500178337097168
0.003993988037109375
0.005999565124511719
0.0029993057250976562
0.0040013790130615234
0.0040128231048583984
0.004982948303222656
0.003989458084106445
0.003987550735473633
0.003983020782470703
0.003981828689575195
0.005002498626708984
0.004000186920166016
0.004991292953491211
0.004982471466064453
0.004985809326171875
0.003996849060058594
0.006002902984619141
0.004001140594482422
0.006003379821777344
0.0049839019775390625
0.005005359649658203
0.006002664566040039
0.005001544952392578
0.00501561164855957
0.005008697509765625
0.00499725341796875
0.006986379623413086
0.005002498626708984
0.006001949310302734
0.006006002426147461
0.006006956100463867
0.00600123405456543
0.006003379821777344
0.006002664566040039
0.005987882614135742
0.0060024261474609375
0.006987810134887695
0.00700068473815918
0.007001638412475586
0.006998300552368164
0.007001638412475586
0.006988525390625
0.007994651794433594
0.007002830505371094
0.0069887638092041016
0.007996320724487305
0.00700068473815918
0.007987022399902344
0.007991552352905273
0.008002758026123047
0.008011817932128906
0.009003162384033203
0.009002923965454102
0.00800466537475586
0.00800180435180664
0.009002447128295898
0.007996320724487305
0.007993221282958984
0.008986711502075195
0.008999109268188477
0.009002208709716797
0.0089874267578125
0.009003162384033203
0.008991241455078125
0.009006500244140625
0.008983850479125977
0.009002208709716797
0.010002613067626953
0.009001731872558594
0.01000356674194336
0.010003805160522461
0.010003089904785156
0.010002851486206055
0.010001897811889648
0.011002779006958008
0.009991884231567383
0.010001182556152344
0.011002779006958008
0.010002374649047852
0.010000944137573242
0.01000213623046875
0.011005640029907227
0.013004064559936523
0.010994672775268555
0.010001420974731445
0.011989593505859375
0.011003494262695312
0.011002540588378906
0.012002944946289062
0.011009931564331055
0.01100301742553711
0.011988162994384766
0.011995077133178711
0.012002944946289062
0.010982513427734375
0.012999296188354492
0.012005329132080078
0.01200413703918457
0.013004302978515625
0.014003276824951172
0.014004230499267578
0.012004852294921875
0.012007474899291992
0.013984203338623047
0.012002944946289062
0.013004302978515625
0.013004541397094727
0.01298975944519043
0.013996601104736328
0.013003826141357422
0.014999151229858398
0.013995885848999023
0.013984203338623047
0.014003515243530273
0.014003515243530273
0.012984275817871094
0.013998031616210938
0.01499795913696289
0.014004230499267578
0.013999700546264648
0.01300191879272461
0.013005971908569336
0.01399850845336914
0.014010190963745117
0.01600360870361328
0.013995885848999023
0.01399540901184082
0.014004707336425781
0.015009164810180664
0.016003847122192383
0.01600360870361328
0.015006780624389648
0.016004562377929688
0.015004158020019531
0.014999151229858398
0.01500248908996582
0.01798415184020996
0.015002965927124023
0.016010046005249023
0.01599740982055664
0.015998125076293945
0.015996456146240234
0.012559890747070312
0.01300501823425293
0.013010501861572266
0.01300358772277832
0.013007402420043945
0.01401519775390625
0.013004779815673828
0.012999296188354492
0.013005495071411133
0.012996673583984375
0.012984991073608398
0.01400613784790039
0.014001607894897461
0.014017581939697266
0.014998197555541992
0.014988899230957031
0.015002727508544922
0.014003515243530273
0.013994693756103516
0.01700448989868164
0.01598954200744629
0.015004158020019531
0.015005111694335938
0.0149993896484375
0.01500391960144043
0.015007972717285156
0.014995336532592773
0.017006635665893555
0.015005111694335938
0.016016483306884766
0.016000986099243164
0.01499795913696289
0.015004873275756836
0.016005992889404297
0.015997886657714844
0.016997814178466797
0.015988588333129883
0.015996932983398438
0.017009258270263672
0.018006324768066406
0.01600813865661621
0.016998291015625
0.016003131866455078
0.016003847122192383
0.018006563186645508
0.016989946365356445
0.017998695373535156
0.017989635467529297
0.016983509063720703
0.016990184783935547
0.017013072967529297
0.018004179000854492
0.018004655838012695
0.018013715744018555
0.01798534393310547
0.0180051326751709
0.018004655838012695
0.018011093139648438
0.018010377883911133
0.018004417419433594
0.017004728317260742
0.02000284194946289
0.01800537109375
0.01900482177734375
0.018004179000854492
0.018004894256591797
0.01998591423034668
0.01801133155822754
0.01799178123474121
0.01798534393310547
0.018999814987182617
0.019991397857666016
0.018998384475708008
0.020004987716674805
0.01899886131286621
0.018984079360961914
0.018989086151123047
0.01999807357788086
0.019004344940185547
0.01999950408935547
0.017992019653320312
0.01899886131286621
0.020006179809570312
0.01998424530029297
0.01900315284729004
0.01999664306640625
0.021006107330322266
0.01998615264892578
0.02099919319152832
0.021006107330322266
0.021004438400268555
0.0199887752532959
0.02098560333251953
0.021002769470214844
0.02200770378112793
0.021003007888793945
0.020999908447265625
0.020992755889892578
0.02100086212158203
0.02200460433959961
0.02100658416748047
0.021996498107910156
0.021991491317749023
0.022009849548339844
0.023006916046142578
0.021997928619384766
0.022004127502441406
0.02399134635925293
0.02200627326965332
0.02200174331665039
0.022012948989868164
0.023006439208984375
0.02299332618713379
0.024008750915527344
0.024999141693115234
0.024994373321533203
0.025032997131347656
0.025011062622070312
0.02399277687072754
0.025998353958129883
0.026004552841186523
0.025986671447753906
0.02700662612915039
0.02498650550842285
0.026003360748291016
0.026340007781982422
0.02600717544555664
0.02701115608215332
0.026015281677246094
0.025999069213867188
0.02901148796081543
0.027007102966308594
0.02600574493408203
0.027007579803466797
0.027019977569580078
0.027005672454833984
0.026988506317138672
0.02600693702697754
0.0280001163482666
0.029009103775024414
0.02799367904663086
0.02798628807067871
0.028013944625854492
0.030007362365722656
0.02900528907775879
0.028004169464111328
0.02800607681274414
0.03400921821594238
0.030007600784301758
0.031014680862426758
0.031007051467895508
0.03700709342956543
0.03301048278808594
0.029986858367919922
0.031008243560791016
0.031021595001220703
0.03200697898864746
0.03300809860229492
0.03400540351867676
0.03200697898864746
0.04300999641418457
0.03099966049194336
0.03200674057006836
0.03101038932800293
0.031008481979370117
0.030986785888671875
0.02998805046081543
0.031995534896850586
0.033994197845458984
0.0309903621673584
0.03100872039794922
0.03400063514709473
0.033000946044921875
0.0330195426940918
0.0310060977935791
0.031996965408325195
0.031995296478271484
0.03198814392089844
0.032001495361328125
0.033002614974975586
0.031993865966796875
0.03100752830505371
0.03300905227661133
0.03199934959411621
0.03500533103942871
0.03199958801269531
0.034993886947631836
0.033992767333984375
