0.0009992122650146484
0.0
0.0010268688201904297
0.0016477108001708984
0.0010018348693847656
0.001837015151977539
0.0010030269622802734
0.0020008087158203125
0.0009996891021728516
0.0015904903411865234
0.001600027084350586
0.0015614032745361328
0.0016756057739257812
0.0015292167663574219
0.0016002655029296875
0.002316713333129883
0.002054452896118164
0.0020017623901367188
0.0019884109497070312
0.002064228057861328
0.002008676528930664
0.002002716064453125
0.0015289783477783203
0.001980304718017578
0.002493143081665039
0.0030019283294677734
0.00299835205078125
0.0020008087158203125
0.002061605453491211
0.001980304718017578
0.002621173858642578
0.0026330947875976562
0.0030138492584228516
0.0025529861450195312
0.002577066421508789
0.002655029296875
0.003168344497680664
0.002027273178100586
0.0029990673065185547
0.003202676773071289
0.002657175064086914
0.0032317638397216797
0.0031135082244873047
0.0030012130737304688
0.004007577896118164
0.003206014633178711
0.0031540393829345703
0.0040018558502197266
0.004001617431640625
0.0035376548767089844
0.00402069091796875
0.004524946212768555
0.0049991607666015625
0.004443168640136719
0.004000186920166016
0.0054242610931396484
0.005002498626708984
0.004792928695678711
0.0069921016693115234
0.0057659149169921875
0.005778074264526367
0.006402015686035156
0.0059092044830322266
0.00522303581237793
0.005704641342163086
0.005057811737060547
0.0060193538665771484
0.006001472473144531
0.006366252899169922
0.006727695465087891
0.006209611892700195
0.006833076477050781
0.006737947463989258
0.006787538528442383
0.005680084228515625
0.007479429244995117
0.008156299591064453
0.006202220916748047
0.006823301315307617
0.0068318843841552734
0.00745844841003418
0.008002042770385742
0.007987499237060547
0.008122444152832031
0.00777435302734375
0.008267641067504883
0.007009029388427734
0.008874654769897461
0.008053302764892578
0.008742332458496094
0.0077664852142333984
0.009185314178466797
0.008353948593139648
0.00812530517578125
0.008821487426757812
0.008521318435668945
0.009022951126098633
0.009001493453979492
0.009393692016601562
0.008793830871582031
0.009628057479858398
0.010595560073852539
0.009355545043945312
0.012902975082397461
0.009601593017578125
0.009897470474243164
0.0091094970703125
0.0096588134765625
0.010306358337402344
0.010123491287231445
0.021833419799804688
0.02195453643798828
0.02346038818359375
0.023193359375
0.024914264678955078
0.024875640869140625
0.024036645889282227
0.026192426681518555
0.027703285217285156
0.02585625648498535
0.026279687881469727
0.02891063690185547
0.027486801147460938
0.027889013290405273
0.02882552146911621
0.0285036563873291
0.02988123893737793
0.03054976463317871
0.029548168182373047
0.031023025512695312
0.030231952667236328
0.030410051345825195
0.029683351516723633
0.03165721893310547
0.03011178970336914
0.02905893325805664
0.02989673614501953
0.028998374938964844
0.03167152404785156
0.03292560577392578
0.030445575714111328
0.031868696212768555
0.03238415718078613
0.03416609764099121
0.03379201889038086
0.03394722938537598
0.034538984298706055
0.034813880920410156
0.03611922264099121
0.03336453437805176
0.03269767761230469
0.033875226974487305
0.034739017486572266
0.03602242469787598
0.03705334663391113
0.0366969108581543
0.0378875732421875
0.03740501403808594
0.038461923599243164
0.04275798797607422
0.0388798713684082
0.039026498794555664
0.04063272476196289
0.03835129737854004
0.058330535888671875
0.04405808448791504
0.039328813552856445
0.040029287338256836
0.045584917068481445
0.040087223052978516
0.040364980697631836
0.041452884674072266
0.0420076847076416
0.04212546348571777
0.04132986068725586
0.0425877571105957
0.07959485054016113
0.04338550567626953
0.045859575271606445
0.04377484321594238
0.04297018051147461
0.044004201889038086
0.043416500091552734
0.04516172409057617
0.04575657844543457
0.04403114318847656
0.04360318183898926
0.04761672019958496
0.04595494270324707
0.04555106163024902
0.044896841049194336
0.045786142349243164
0.04805612564086914
0.05327200889587402
0.04621315002441406
0.0521240234375
0.04976820945739746
0.0560152530670166
0.05262112617492676
0.04451775550842285
0.0473177433013916
0.04633307456970215
0.0532383918762207
0.048464298248291016
0.05059051513671875
0.04940605163574219
0.05177807807922363
0.0595552921295166
0.05576038360595703
0.06042313575744629
0.059026241302490234
0.06125688552856445
0.06563782691955566
0.06430506706237793
0.06041431427001953
0.062204599380493164
0.05869174003601074
0.058702945709228516
0.0644528865814209
0.060228824615478516
0.058928728103637695
0.06222820281982422
0.06372952461242676
0.06201577186584473
0.0637204647064209
0.06190299987792969
0.06617474555969238
0.07714295387268066
0.06828808784484863
0.06838488578796387
0.07176804542541504
0.07477259635925293
0.07426738739013672
0.07232403755187988
0.07432413101196289
0.07258272171020508
0.07267642021179199
0.07459354400634766
0.07327032089233398
0.0824899673461914
0.08574199676513672
0.08920550346374512
0.0778353214263916
0.08090686798095703
0.08770203590393066
0.08245444297790527
0.0847785472869873
0.08099055290222168
0.08380627632141113
0.08774733543395996
0.08424615859985352
0.08811712265014648
0.09025001525878906
0.09523940086364746
0.08506107330322266
0.08919692039489746
0.08548402786254883
0.08971285820007324
0.08624386787414551
0.09574723243713379
0.1093895435333252
0.10646414756774902
0.09432554244995117
0.10126352310180664
0.09440875053405762
0.1017293930053711
0.10985374450683594
0.10310840606689453
0.09570002555847168
0.09979867935180664
0.0996863842010498
0.10089421272277832
0.0964353084564209
0.09924030303955078
0.0937187671661377
0.09382486343383789
0.0997016429901123
0.10793042182922363
0.1008002758026123
0.10074591636657715
0.09998416900634766
0.1054236888885498
0.10095405578613281
0.0989677906036377
0.09789061546325684
0.10164952278137207
0.09759020805358887
0.09904623031616211
0.09906744956970215
0.13712286949157715
0.0992424488067627
0.10611248016357422
0.12138509750366211
0.10504388809204102
0.10998106002807617
0.1184389591217041
0.12288260459899902
0.11233377456665039
0.11812233924865723
0.12731409072875977
0.1151421070098877
0.11205911636352539
0.11855101585388184
0.11717605590820312
0.1220545768737793
0.11205911636352539
0.13023877143859863
0.11678767204284668
0.11836123466491699
0.11537408828735352
0.11821246147155762
0.11714625358581543
0.12096142768859863
0.12853074073791504
0.14034557342529297
0.16287755966186523
0.11499404907226562
