0.0029916763305664062
0.003000974655151367
0.0040090084075927734
0.002985239028930664
0.0030002593994140625
0.0039942264556884766
0.0039899349212646484
0.004004478454589844
0.004000425338745117
0.005002260208129883
0.003999948501586914
0.005008220672607422
0.004000425338745117
0.003988981246948242
0.005002260208129883
0.0039997100830078125
0.004022359848022461
0.004002094268798828
0.00400233268737793
0.005002021789550781
0.005011081695556641
0.00500035285949707
0.005002260208129883
0.005002737045288086
0.004993915557861328
0.004994869232177734
0.0050008296966552734
0.005001068115234375
0.006001472473144531
0.0050008296966552734
0.006001472473144531
0.0070035457611083984
0.0049932003021240234
0.006000995635986328
0.005000114440917969
0.005988121032714844
0.0059947967529296875
0.006000518798828125
0.007001638412475586
0.005001068115234375
0.005987882614135742
0.006993770599365234
0.005995512008666992
0.007003068923950195
0.005987644195556641
0.007002115249633789
0.007003307342529297
0.007016181945800781
0.006999969482421875
0.0069811344146728516
0.00801396369934082
0.006994009017944336
0.006988048553466797
0.008002281188964844
0.009000062942504883
0.007000446319580078
0.008011102676391602
0.009001731872558594
0.008001565933227539
0.007988214492797852
0.009003877639770508
0.009002208709716797
0.008988142013549805
0.009994983673095703
0.009003400802612305
0.011005640029907227
0.009996891021728516
0.009015083312988281
0.010004520416259766
0.009001731872558594
0.01098775863647461
0.010003805160522461
0.010994434356689453
0.010002613067626953
0.011001348495483398
0.01098775863647461
0.011001348495483398
0.010996341705322266
0.010994911193847656
0.011983871459960938
0.010009765625
0.010995864868164062
0.009009122848510742
0.009988069534301758
0.011995792388916016
0.010985136032104492
0.010991096496582031
0.013011932373046875
0.011995077133178711
0.013004779815673828
0.013005733489990234
0.01300048828125
0.011996746063232422
0.011994361877441406
0.014003992080688477
0.013004302978515625
0.013996124267578125
0.014004230499267578
0.012996673583984375
0.012996673583984375
0.012005090713500977
0.013004779815673828
0.013001203536987305
0.011990785598754883
0.012001991271972656
0.01399540901184082
0.01400303840637207
0.013775825500488281
0.014002323150634766
0.014000654220581055
0.014005899429321289
0.013997077941894531
0.013993024826049805
0.01299595832824707
0.015004158020019531
0.016002893447875977
0.014995098114013672
0.01500248908996582
0.01500701904296875
0.013994932174682617
0.014006376266479492
0.015995264053344727
0.015002727508544922
0.016004085540771484
0.01399683952331543
0.01700568199157715
0.014992952346801758
0.01600503921508789
0.015003204345703125
0.015999317169189453
0.0670161247253418
0.018004655838012695
0.01599574089050293
0.01600027084350586
0.02100348472595215
0.025004863739013672
0.024314403533935547
0.016003847122192383
0.029072999954223633
0.019976139068603516
0.01865839958190918
0.024405241012573242
0.017548561096191406
0.01802849769592285
0.01939558982849121
0.018617868423461914
0.01926255226135254
0.018572092056274414
0.01787114143371582
0.018210649490356445
0.017713546752929688
0.018468618392944336
0.019451379776000977
0.020016193389892578
0.018790483474731445
0.020586013793945312
0.019419431686401367
0.020347118377685547
0.020502328872680664
0.019492626190185547
0.01853799819946289
0.02035069465637207
0.01984572410583496
0.02004408836364746
0.02089095115661621
0.020733356475830078
0.021250247955322266
0.02049994468688965
0.02090144157409668
0.023372173309326172
0.02177882194519043
0.024933576583862305
0.021304845809936523
0.019581317901611328
0.020517826080322266
0.025856494903564453
0.02335953712463379
0.0265960693359375
0.025519371032714844
0.023834705352783203
0.025006771087646484
0.024500608444213867
0.024444580078125
0.026205778121948242
0.028205394744873047
0.02609419822692871
0.024561643600463867
0.02498626708984375
0.0259096622467041
0.025527477264404297
0.028890609741210938
0.02877521514892578
0.02819061279296875
0.029038190841674805
0.0271303653717041
0.027560949325561523
0.02895212173461914
0.02998805046081543
0.03009033203125
0.02821516990661621
0.02814316749572754
0.029692888259887695
0.02803969383239746
0.027164936065673828
0.027811765670776367
0.028309345245361328
0.03032851219177246
0.030002355575561523
0.03036665916442871
0.02852010726928711
0.030406475067138672
0.030818462371826172
0.030164480209350586
0.029609203338623047
0.03000330924987793
0.03118610382080078
0.03169846534729004
0.03183484077453613
0.029709577560424805
0.03018951416015625
0.03348827362060547
0.030459880828857422
0.03246355056762695
0.0309906005859375
0.032195329666137695
0.030832767486572266
0.031008005142211914
0.03511548042297363
0.03137779235839844
0.039124250411987305
0.04105567932128906
0.03978705406188965
0.04151630401611328
0.042296409606933594
0.043114662170410156
0.0400843620300293
0.039083003997802734
0.03898000717163086
0.0389251708984375
0.0420989990234375
0.04012703895568848
0.041304588317871094
0.044409751892089844
0.037125587463378906
0.04122447967529297
0.04257607460021973
0.03966188430786133
0.042558908462524414
0.040767669677734375
0.04305744171142578
0.04285001754760742
0.042549848556518555
0.045191287994384766
0.04402637481689453
0.0493166446685791
0.04258012771606445
0.043024539947509766
0.042909860610961914
0.04657888412475586
0.04566669464111328
0.04456329345703125
0.04400515556335449
0.04400897026062012
0.04417085647583008
0.04156184196472168
0.043998003005981445
0.04386591911315918
0.042917490005493164
0.04103279113769531
0.04617714881896973
0.045308589935302734
0.046042442321777344
0.0449976921081543
0.057033538818359375
0.04360675811767578
0.04475545883178711
0.04349398612976074
0.05177187919616699
0.045923709869384766
0.04665732383728027
0.046926021575927734
0.0470120906829834
0.04526996612548828
0.05195307731628418
0.045156240463256836
0.051297664642333984
0.046033620834350586
0.04633355140686035
0.04998779296875
0.047777652740478516
0.04920530319213867
0.04676556587219238
0.045003414154052734
0.04541945457458496
0.049155235290527344
0.0499882698059082
0.04917621612548828
0.04964709281921387
0.05573248863220215
0.04989194869995117
0.04857444763183594
0.05274558067321777
0.047110557556152344
0.04896211624145508
0.05238056182861328
0.04987668991088867
0.054221153259277344
0.05234885215759277
0.04969382286071777
0.05088925361633301
0.05008506774902344
0.05674147605895996
0.051796674728393555
0.05100655555725098
0.04979276657104492
0.05306386947631836
0.05148172378540039
0.0543818473815918
0.051733970642089844
0.05394458770751953
0.058638572692871094
0.05781388282775879
0.053235530853271484
0.05611610412597656
