0.0010063648223876953
0.0010075569152832031
0.0009961128234863281
0.0009996891021728516
0.0010006427764892578
0.001001119613647461
0.0010035037994384766
0.0020012855529785156
0.0009992122650146484
0.0020020008087158203
0.0019991397857666016
0.0010006427764892578
0.0020020008087158203
0.0010006427764892578
0.0010066032409667969
0.0019991397857666016
0.0019953250885009766
0.0030088424682617188
0.0009944438934326172
0.0010008811950683594
0.002002239227294922
0.002000093460083008
0.0019998550415039062
0.0019991397857666016
0.0020096302032470703
0.001988649368286133
0.0019888877868652344
0.0020008087158203125
0.0020024776458740234
0.0019948482513427734
0.003008604049682617
0.0029973983764648438
0.0020008087158203125
0.0020012855529785156
0.003010272979736328
0.0030007362365722656
0.0030181407928466797
0.0030002593994140625
0.003008127212524414
0.002999544143676758
0.002994060516357422
0.003000497817993164
0.0029976367950439453
0.003005504608154297
0.004000186920166016
0.00301361083984375
0.00400853157043457
0.004008769989013672
0.004016399383544922
0.0039958953857421875
0.004021406173706055
0.004012346267700195
0.0040013790130615234
0.004007577896118164
0.00501704216003418
0.004992961883544922
0.00401616096496582
0.004988908767700195
0.004014253616333008
0.004994869232177734
0.004981279373168945
0.0050013065338134766
0.005000591278076172
0.0050013065338134766
0.0050029754638671875
0.006001472473144531
0.00600123405456543
0.006998300552368164
0.006009578704833984
0.005992889404296875
0.006014108657836914
0.005999326705932617
0.0059814453125
0.006001949310302734
0.005996227264404297
0.006994724273681641
0.00600123405456543
0.007021427154541016
0.0070018768310546875
0.006981849670410156
0.00800180435180664
0.007001638412475586
0.008022308349609375
0.008003473281860352
0.0070018768310546875
0.007013082504272461
0.008002281188964844
0.007018566131591797
0.00799560546875
0.00799250602722168
0.022990942001342773
0.022998571395874023
0.026012420654296875
0.022003889083862305
0.02299356460571289
0.022986173629760742
0.02452707290649414
0.02400803565979004
0.0260164737701416
0.026004791259765625
0.02700495719909668
0.025998353958129883
0.02698826789855957
0.0260007381439209
0.02800750732421875
0.026999711990356445
0.029992103576660156
0.02899456024169922
0.0299985408782959
0.02699422836303711
0.02899956703186035
0.03100752830505371
0.03099966049194336
0.032000064849853516
0.030986547470092773
0.031008481979370117
0.031008005142211914
0.027998685836791992
0.03107452392578125
0.032994985580444336
0.03299689292907715
0.03199267387390137
0.03800797462463379
0.03299260139465332
0.03499484062194824
0.03299975395202637
0.032987356185913086
0.03499269485473633
0.035085439682006836
0.036531925201416016
0.03400778770446777
0.036000728607177734
0.03800034523010254
0.03700876235961914
0.034999847412109375
0.03699088096618652
0.03599071502685547
0.03600811958312988
0.039014339447021484
0.03699374198913574
0.030013561248779297
0.030999183654785156
0.029999732971191406
0.031018495559692383
0.02999138832092285
0.03199934959411621
0.03300738334655762
0.030987262725830078
0.03300881385803223
0.03382086753845215
0.03198671340942383
0.03600311279296875
0.03399229049682617
0.03299093246459961
0.03299975395202637
0.03500699996948242
0.036008596420288086
0.03398847579956055
0.03401446342468262
0.03500103950500488
0.03503680229187012
0.03600788116455078
0.035988807678222656
0.03500866889953613
0.035993337631225586
0.039008140563964844
0.03598761558532715
0.03600788116455078
0.03699994087219238
0.03699350357055664
0.037994384765625
0.038007497787475586
0.03600120544433594
0.03701424598693848
0.03700852394104004
0.03798961639404297
0.03702235221862793
0.03802895545959473
0.039008140563964844
0.03801774978637695
0.03999495506286621
0.03999519348144531
0.03900957107543945
0.03900861740112305
0.04099416732788086
0.0400087833404541
0.03900623321533203
0.03999519348144531
0.04101848602294922
0.04200100898742676
0.03900003433227539
0.04901909828186035
0.04199028015136719
0.04137110710144043
0.04399585723876953
0.044007062911987305
0.04400134086608887
0.044008731842041016
0.04299163818359375
0.04499006271362305
0.04499959945678711
0.04499053955078125
0.04499053955078125
0.04499244689941406
0.04701852798461914
0.04899096488952637
0.04599881172180176
0.0480036735534668
0.04899764060974121
0.049010515213012695
0.049012184143066406
0.05401182174682617
0.05101156234741211
0.05001235008239746
0.05301403999328613
0.05301308631896973
0.05201148986816406
0.05501127243041992
0.053002357482910156
0.05301237106323242
0.05299234390258789
0.05401253700256348
0.05700564384460449
0.0580134391784668
0.0618746280670166
0.0600123405456543
0.057999372482299805
0.0550074577331543
0.05901455879211426
0.056993961334228516
0.06270766258239746
0.0670156478881836
0.06101512908935547
0.06099367141723633
0.058013200759887695
0.06100606918334961
0.07001638412475586
0.06501507759094238
0.061994314193725586
0.06801676750183105
0.06257081031799316
0.0660085678100586
0.06501603126525879
0.06501460075378418
0.06799983978271484
0.06692171096801758
0.06601405143737793
0.06601619720458984
0.06501007080078125
0.06701397895812988
0.06601428985595703
0.06601524353027344
0.06901383399963379
0.0680079460144043
0.06999778747558594
0.07380318641662598
0.07399892807006836
0.07101750373840332
0.07373905181884766
0.06999683380126953
0.07301521301269531
0.07400822639465332
0.07501626014709473
0.07337069511413574
0.07201480865478516
0.08201932907104492
0.07352781295776367
0.07701468467712402
0.07501912117004395
0.0760195255279541
0.07401728630065918
0.07500290870666504
0.07401657104492188
0.07701778411865234
0.07600808143615723
0.08301925659179688
0.0779275894165039
0.07701778411865234
0.08100676536560059
0.0791020393371582
0.07801604270935059
0.07801938056945801
0.07832074165344238
0.07699823379516602
0.08801960945129395
0.08099985122680664
0.08402061462402344
0.09202146530151367
0.089019775390625
0.08502078056335449
0.09301114082336426
0.09101200103759766
0.08903288841247559
0.0839998722076416
0.08499884605407715
0.08501076698303223
0.08700084686279297
0.10602235794067383
0.09202075004577637
0.09201741218566895
0.09502124786376953
0.08601188659667969
0.09301257133483887
0.09201860427856445
0.09002113342285156
0.09402203559875488
0.09902262687683105
0.09201860427856445
0.09102177619934082
0.0890190601348877
0.09001302719116211
0.09101486206054688
0.0910341739654541
0.09000658988952637
0.09603476524353027
0.09302139282226562
0.09302210807800293
0.09700417518615723
0.09400486946105957
0.09502267837524414
