0.06601476669311523
0.009007453918457031
0.00799107551574707
0.008002758026123047
0.008000612258911133
0.007983207702636719
0.008009910583496094
0.00800323486328125
0.008010625839233398
0.008001327514648438
0.007986783981323242
0.008008241653442383
0.008003950119018555
0.009002685546875
0.00802159309387207
0.007963895797729492
0.008002758026123047
0.007994890213012695
0.008002996444702148
0.00800180435180664
0.008989095687866211
0.009002447128295898
0.008993387222290039
0.008001089096069336
0.008004188537597656
0.007995367050170898
0.008001089096069336
0.008001565933227539
0.00799870491027832
0.009008407592773438
0.010008096694946289
0.07901787757873535
0.008001565933227539
0.008002042770385742
0.00800180435180664
0.009001016616821289
0.008532285690307617
0.009005069732666016
0.007998943328857422
0.01000356674194336
0.010002374649047852
0.009003400802612305
0.008000850677490234
0.007996320724487305
0.008999824523925781
0.009001016616821289
0.008002519607543945
0.00800633430480957
0.007987022399902344
0.008987188339233398
0.008002042770385742
0.009009122848510742
0.008021831512451172
0.008004903793334961
0.009000301361083984
0.009015321731567383
0.007988929748535156
0.00900411605834961
0.008002996444702148
0.008001089096069336
0.008003950119018555
0.008002281188964844
0.008007049560546875
0.008996963500976562
0.010001420974731445
0.008002042770385742
0.007999897003173828
0.007997512817382812
0.00801992416381836
0.008021116256713867
0.008001089096069336
0.008998870849609375
0.008987665176391602
0.009002447128295898
0.007996797561645508
0.008003950119018555
0.00802755355834961
0.008016824722290039
0.007995367050170898
0.008001565933227539
0.007989168167114258
0.009003877639770508
0.007994890213012695
0.008000850677490234
0.008994579315185547
0.009021997451782227
0.009000778198242188
0.00801706314086914
0.008014678955078125
0.007988214492797852
0.007990837097167969
0.007989168167114258
0.00800180435180664
0.009001970291137695
0.007982015609741211
0.007983207702636719
0.008008480072021484
0.008002042770385742
0.008003711700439453
0.008008241653442383
0.008017778396606445
0.008008241653442383
0.008989810943603516
0.007989168167114258
0.008015632629394531
0.007995367050170898
0.007993936538696289
0.007988691329956055
0.00798654556274414
0.00998997688293457
0.009001016616821289
0.009001970291137695
0.008021354675292969
0.008021116256713867
0.008002519607543945
0.00800180435180664
0.008017539978027344
0.007996320724487305
0.009009838104248047
0.0070018768310546875
0.00800180435180664
0.007982254028320312
0.011023283004760742
0.00800323486328125
0.008013725280761719
0.008013725280761719
0.007982730865478516
0.008003711700439453
0.008009910583496094
0.008014440536499023
0.008015871047973633
0.007982015609741211
0.009009599685668945
0.008000850677490234
0.007001161575317383
0.00799250602722168
0.00800323486328125
0.00900125503540039
0.010008573532104492
0.008996009826660156
0.009019851684570312
0.009983301162719727
0.00798177719116211
0.010002851486206055
0.00800180435180664
0.008994340896606445
0.008015155792236328
0.008982181549072266
0.008002281188964844
0.007996320724487305
0.009015798568725586
0.00700831413269043
0.00800180435180664
0.008008480072021484
0.009003639221191406
0.009003877639770508
0.00799703598022461
0.007994413375854492
0.00901031494140625
0.008001089096069336
0.007998943328857422
0.007009744644165039
0.008002281188964844
0.008022069931030273
0.008005142211914062
0.009000778198242188
0.008002281188964844
0.007994413375854492
0.00801396369934082
0.009001970291137695
0.008002519607543945
0.009004831314086914
0.009001970291137695
0.00899362564086914
0.009014129638671875
0.009009599685668945
0.00801706314086914
0.007035970687866211
0.00800013542175293
0.008017539978027344
0.008988380432128906
0.009012937545776367
0.007990121841430664
0.008016109466552734
0.008009195327758789
0.00799560546875
0.009001970291137695
0.008001565933227539
0.007989645004272461
0.00802159309387207
0.008995771408081055
0.006999015808105469
0.008001327514648438
0.009001731872558594
0.007993936538696289
0.007001638412475586
0.009002447128295898
0.008002281188964844
0.00800323486328125
0.009009361267089844
0.008990049362182617
0.008994817733764648
0.00798177719116211
0.007008552551269531
0.009021282196044922
0.008001565933227539
0.00799560546875
0.007980108261108398
0.008007287979125977
0.009002208709716797
0.008003473281860352
0.00900578498840332
0.00900125503540039
0.007001638412475586
0.008001565933227539
0.009007453918457031
0.010003089904785156
0.008002996444702148
0.009001493453979492
0.00900888442993164
0.008980512619018555
0.009002923965454102
0.010000944137573242
0.008002042770385742
0.009001493453979492
0.009003877639770508
0.007995843887329102
0.009001970291137695
0.010002851486206055
0.009995222091674805
0.011003732681274414
0.00800180435180664
0.008998870849609375
0.008995294570922852
0.008016586303710938
0.007001161575317383
0.00800013542175293
0.008000850677490234
0.009010076522827148
0.009008169174194336
0.00899958610534668
0.008013725280761719
0.009001731872558594
0.010007619857788086
0.008988142013549805
0.009001016616821289
0.010001659393310547
0.008021116256713867
0.009021759033203125
0.007985115051269531
0.008014678955078125
0.008001089096069336
0.007987022399902344
0.009016752243041992
0.009983539581298828
0.007994890213012695
0.009984016418457031
0.007987737655639648
0.008995294570922852
0.010009765625
0.008002042770385742
0.008015632629394531
0.010009765625
0.008013725280761719
0.008995294570922852
0.008010625839233398
0.008003711700439453
0.008002758026123047
0.009003400802612305
0.00801849365234375
0.009002685546875
0.008993864059448242
0.009001731872558594
0.008002042770385742
0.009987115859985352
0.008009672164916992
0.010004281997680664
0.007995367050170898
0.009021997451782227
0.008016347885131836
0.008002996444702148
0.008011817932128906
0.00902104377746582
0.010009288787841797
0.00901174545288086
0.007992267608642578
0.008003950119018555
0.009003162384033203
0.008002281188964844
0.008001089096069336
0.00900578498840332
0.007995843887329102
0.009002208709716797
0.012009620666503906
0.007987022399902344
0.009016990661621094
0.008995532989501953
0.00900125503540039
0.0110015869140625
0.00800776481628418
0.00798797607421875
0.008996725082397461
0.009001731872558594
0.009007930755615234
0.008014678955078125
0.009003639221191406
0.007993459701538086
0.009001493453979492
0.010004520416259766
0.009003162384033203
0.008002042770385742
0.009014368057250977
0.008015155792236328
0.009021759033203125
0.00800180435180664
0.008995771408081055
0.009990453720092773
0.00902247428894043
0.008995532989501953
0.009012460708618164
