0.06802225112915039
0.008994579315185547
0.010002374649047852
0.008995294570922852
0.008986473083496094
0.008003473281860352
0.008010625839233398
0.009001970291137695
0.008989810943603516
0.009002923965454102
0.008002281188964844
0.007989883422851562
0.007990360260009766
0.010995626449584961
0.008004426956176758
0.009009599685668945
0.007989168167114258
0.010002374649047852
0.008992433547973633
0.009998559951782227
0.009009361267089844
0.00999760627746582
0.008002042770385742
0.010001897811889648
0.009008646011352539
0.008981466293334961
0.008982419967651367
0.00900125503540039
0.008002042770385742
0.010007381439208984
0.008994817733764648
0.009014606475830078
0.008000850677490234
0.009001731872558594
0.009000778198242188
0.00800180435180664
0.008001565933227539
0.009000539779663086
0.008000373840332031
0.009010076522827148
0.00899648666381836
0.008994817733764648
0.007994413375854492
0.009000301361083984
0.009001016616821289
0.008994340896606445
0.008983612060546875
0.008002519607543945
0.007994651794433594
0.009001016616821289
0.009001970291137695
0.007989645004272461
0.010015249252319336
0.010002851486206055
0.010001659393310547
0.009004354476928711
0.008001327514648438
0.009001731872558594
0.009001970291137695
0.01000833511352539
0.008017301559448242
0.009002685546875
0.008995532989501953
0.008996248245239258
0.009002447128295898
0.008995771408081055
0.009012937545776367
0.012000560760498047
0.01000213623046875
0.010001420974731445
0.00899648666381836
0.00800466537475586
0.009021520614624023
0.009992837905883789
0.009003400802612305
0.00799417495727539
0.009982585906982422
0.008990049362182617
0.009010791778564453
0.008008241653442383
0.009005308151245117
0.008002758026123047
0.06402277946472168
0.07100939750671387
0.008999347686767578
0.009008169174194336
0.009001493453979492
0.009014368057250977
0.008999347686767578
0.008001089096069336
0.008016109466552734
0.00798177719116211
0.008008003234863281
0.010009765625
0.00800943374633789
0.010002374649047852
0.011003971099853516
0.009001731872558594
0.01000213623046875
0.009002685546875
0.03400754928588867
0.008020639419555664
0.00900125503540039
0.009984016418457031
0.008986711502075195
0.010001420974731445
0.008001565933227539
0.009015083312988281
0.009001493453979492
0.012003183364868164
0.009003162384033203
0.008002042770385742
0.009002923965454102
0.03400754928588867
0.009002208709716797
0.008981943130493164
0.00902247428894043
0.008983373641967773
0.009002685546875
0.00899648666381836
0.009009838104248047
0.00800776481628418
0.009002447128295898
0.00901484489440918
0.01000213623046875
0.008995532989501953
0.009001970291137695
0.009002923965454102
0.009002923965454102
0.008981943130493164
0.025005340576171875
0.009001970291137695
0.009999513626098633
0.008985519409179688
0.011000633239746094
0.011003255844116211
0.01291346549987793
0.010008096694946289
0.02028179168701172
0.07057857513427734
0.008435249328613281
0.008904457092285156
0.008002281188964844
0.008016109466552734
0.009119749069213867
0.012771844863891602
0.008940935134887695
0.06006622314453125
0.008984088897705078
0.008783102035522461
0.009085416793823242
0.008611679077148438
0.009505271911621094
0.009537696838378906
0.008530139923095703
0.008436918258666992
0.009905099868774414
0.009348154067993164
0.008280515670776367
0.008985042572021484
0.009085893630981445
0.009423971176147461
0.007890939712524414
0.008156776428222656
0.00909733772277832
0.008892536163330078
0.00800466537475586
0.00781869888305664
0.007504463195800781
0.00901937484741211
0.008588314056396484
0.009360074996948242
0.008939027786254883
0.009585380554199219
0.009870529174804688
0.008405447006225586
0.008442878723144531
0.009274005889892578
0.00892949104309082
0.010364055633544922
0.009021282196044922
0.00909566879272461
0.009427785873413086
0.008665323257446289
0.009095430374145508
0.009201526641845703
0.008800506591796875
0.009012222290039062
0.007997751235961914
0.00800943374633789
0.009884834289550781
0.01018834114074707
0.009112119674682617
0.008829832077026367
0.009302139282226562
0.008929014205932617
0.008896350860595703
0.008986711502075195
0.008833646774291992
0.008010387420654297
0.0082855224609375
0.00841069221496582
0.008199691772460938
0.00796651840209961
0.008173465728759766
0.008012771606445312
0.011258125305175781
0.00806427001953125
0.009430646896362305
0.008015632629394531
0.008432626724243164
0.007591724395751953
0.008848905563354492
0.009990215301513672
0.00900125503540039
0.009003400802612305
0.008503437042236328
0.008609771728515625
0.008547306060791016
0.008987903594970703
0.007807731628417969
0.008206367492675781
0.010242938995361328
0.008002996444702148
0.007935762405395508
0.008249521255493164
0.008013725280761719
0.009009838104248047
0.008630037307739258
0.011879682540893555
0.009027481079101562
0.010454654693603516
0.01055598258972168
0.009002208709716797
0.009000539779663086
0.009566307067871094
0.008046627044677734
0.008512020111083984
0.008209466934204102
0.010084390640258789
0.00999760627746582
0.008947610855102539
0.0077381134033203125
0.009738683700561523
0.008016109466552734
0.008735418319702148
0.010769844055175781
0.008361101150512695
0.008947610855102539
0.008954524993896484
0.008535385131835938
0.008479833602905273
0.008316993713378906
0.008213996887207031
0.007707357406616211
0.008509635925292969
0.010608196258544922
0.009500980377197266
0.00847315788269043
0.008383512496948242
0.008978128433227539
0.00776219367980957
0.008161306381225586
0.009402990341186523
0.007672786712646484
0.007994413375854492
0.007918119430541992
0.008680582046508789
0.008413553237915039
0.008001565933227539
0.009541034698486328
0.008823156356811523
0.008377790451049805
0.00986027717590332
0.008002519607543945
0.008990764617919922
0.009638786315917969
0.009025812149047852
0.009076356887817383
0.008467674255371094
0.009080886840820312
0.008006572723388672
0.008176088333129883
0.00882411003112793
0.010047197341918945
0.008296489715576172
0.008649349212646484
0.008369207382202148
0.009197473526000977
0.008440256118774414
0.008462667465209961
0.00851130485534668
0.009006977081298828
0.008994817733764648
0.008983135223388672
0.008838891983032227
0.008185625076293945
0.008003473281860352
0.008363008499145508
0.009799957275390625
0.009093523025512695
0.00871896743774414
0.008227348327636719
0.009439229965209961
0.009074926376342773
0.009032726287841797
0.009917020797729492
0.008458852767944336
0.008598566055297852
0.008984565734863281
0.009300470352172852
0.008542060852050781
0.008103370666503906
0.008383989334106445
0.008217334747314453
0.00845479965209961
0.008220195770263672
0.009004354476928711
0.008267879486083984
0.007357358932495117
0.010380029678344727
0.009006500244140625
0.008967876434326172
0.00800323486328125
