2.4456918239593506
2.4341588020324707
2.5105483531951904
2.413541555404663
2.3826093673706055
2.547522783279419
2.5183794498443604
2.49055814743042
2.5436012744903564
2.388918161392212
2.556673288345337
2.393033981323242
2.511714458465576
2.48089599609375
2.605584144592285
2.4220893383026123
2.559096336364746
2.4645440578460693
2.563830852508545
2.4185445308685303
2.515073299407959
2.604591131210327
2.7509031295776367
2.61468505859375
2.6705753803253174
2.6219820976257324
2.5169169902801514
2.569523811340332
2.684373617172241
2.544555902481079
2.511570692062378
2.598083972930908
2.506200075149536
2.349778175354004
2.5436747074127197
2.575183153152466
2.609022855758667
2.712615728378296
2.568575382232666
2.388491630554199
2.589583158493042
2.5905890464782715
2.6545956134796143
2.657259941101074
2.5030534267425537
2.578200101852417
2.65867280960083
2.7106430530548096
2.583378314971924
2.569575071334839
2.6470725536346436
2.5404040813446045
2.5565683841705322
2.5742475986480713
2.4620354175567627
2.752612352371216
2.72635817527771
2.642510414123535
2.6554503440856934
2.5835983753204346
2.434429883956909
2.6389167308807373
2.7008633613586426
2.560969591140747
2.6289732456207275
2.6960551738739014
2.6695988178253174
2.4163706302642822
2.574167490005493
2.58294677734375
2.7066001892089844
2.7646591663360596
2.6264970302581787
2.4302239418029785
2.677022695541382
2.7176353931427
2.771346092224121
2.7996251583099365
2.4734914302825928
2.5816664695739746
2.5930557250976562
2.6826016902923584
2.5916473865509033
2.580085039138794
2.725860357284546
2.5905728340148926
2.6491401195526123
2.714010000228882
2.6415858268737793
2.5716981887817383
2.7466351985931396
2.5893442630767822
2.6759822368621826
2.7176108360290527
2.584660291671753
2.674757242202759
2.7116167545318604
2.6339120864868164
2.615112543106079
2.7190048694610596
2.604062080383301
2.4595584869384766
2.7592685222625732
2.7530128955841064
2.725024700164795
2.7338054180145264
2.567689895629883
2.4111688137054443
2.6384310722351074
2.6807353496551514
2.7751047611236572
2.679952383041382
2.397538423538208
2.6950395107269287
2.5964179039001465
2.6806552410125732
2.696348190307617
2.599473476409912
2.638932704925537
2.5650296211242676
2.585247755050659
2.585986614227295
2.5832767486572266
2.676598072052002
2.741642475128174
2.575047254562378
2.630333662033081
2.5864927768707275
2.616776943206787
2.7856268882751465
2.7536230087280273
2.6385767459869385
2.5695760250091553
2.731936454772949
2.601595401763916
2.5614209175109863
2.7118947505950928
2.7001583576202393
2.644498348236084
2.769191026687622
2.5945818424224854
2.500560998916626
2.704695224761963
2.755905866622925
2.7979822158813477
2.6835997104644775
2.4694724082946777
2.6184029579162598
2.636784791946411
2.724616050720215
2.7203869819641113
2.652013063430786
2.6783885955810547
2.638629198074341
2.6355855464935303
2.599480390548706
2.564631223678589
2.641740322113037
2.7519192695617676
2.7180514335632324
2.6720056533813477
2.6222527027130127
2.6266095638275146
2.6385927200317383
2.7520241737365723
2.6425094604492188
2.568843126296997
2.697605609893799
2.5816214084625244
2.409538984298706
2.6372642517089844
2.6405014991760254
2.637590169906616
2.7506134510040283
2.564575433731079
2.442413806915283
2.6154494285583496
2.59865403175354
2.670914649963379
2.698026418685913
2.460386037826538
2.5905792713165283
2.6068637371063232
2.5857293605804443
2.6396117210388184
2.576122522354126
2.694755792617798
2.590275526046753
2.5842411518096924
2.6110363006591797
2.523097276687622
2.558586359024048
2.6916232109069824
2.5836827754974365
2.6095926761627197
2.6099693775177
2.665605068206787
2.616579532623291
2.724065065383911
2.6260979175567627
2.6815714836120605
2.8668439388275146
2.6856117248535156
2.4798877239227295
2.6595404148101807
2.7377517223358154
2.6896111965179443
2.809957504272461
2.7572858333587646
2.537527561187744
2.7146077156066895
2.7083981037139893
2.682251214981079
2.7046074867248535
2.437145471572876
2.582624912261963
2.598348617553711
2.61238956451416
2.631593704223633
2.63358998298645
2.6898281574249268
2.5988357067108154
2.574021577835083
2.6218161582946777
2.500080108642578
2.592582941055298
2.7380881309509277
2.592440366744995
2.6012532711029053
2.6115992069244385
2.514739990234375
2.5963356494903564
2.7675278186798096
2.5499045848846436
2.496899127960205
2.6730868816375732
2.595167636871338
2.401750326156616
2.6074838638305664
2.6489076614379883
2.7169675827026367
2.684598684310913
2.6013576984405518
2.4593329429626465
2.6544883251190186
2.6042912006378174
2.663569211959839
2.713240385055542
2.4332070350646973
2.610799789428711
2.6474080085754395
2.6826043128967285
2.6598644256591797
2.603644371032715
2.7116124629974365
2.6368277072906494
2.624826669692993
2.5946667194366455
2.495575189590454
2.5700528621673584
2.6970269680023193
2.591932773590088
2.640573740005493
2.670259714126587
2.5168633460998535
2.6165952682495117
2.7895710468292236
2.5887162685394287
2.580609083175659
2.7231366634368896
2.617579460144043
2.4825565814971924
2.6430108547210693
2.608231544494629
2.6645538806915283
2.6984262466430664
2.593581438064575
2.4638235569000244
2.6355013847351074
2.5985052585601807
2.678758144378662
2.515432357788086
2.863642692565918
2.628262519836426
2.423082113265991
2.6715099811553955
2.637289047241211
2.6971404552459717
2.679487466812134
2.431281328201294
2.6549084186553955
2.626596450805664
2.641592264175415
2.6357789039611816
2.6928460597991943
2.7390830516815186
2.4585559368133545
2.810817241668701
2.709608793258667
2.6500699520111084
2.7381858825683594
2.743558883666992
2.6445930004119873
2.9356577396392822
2.7546794414520264
2.711848258972168
3.070427417755127
2.6477322578430176
2.717791795730591
2.7376291751861572
2.4518139362335205
2.600681781768799
2.596402883529663
2.6185879707336426
2.590353488922119
2.6647872924804688
2.7076125144958496
2.4065470695495605
2.6157453060150146
2.599323272705078
2.6025240421295166
2.6270406246185303
2.656038522720337
2.5105831623077393
2.77135968208313
2.570570230484009
2.41439151763916
2.6015825271606445
2.615438938140869
2.656034469604492
2.686184883117676
2.409721612930298
2.59778094291687
2.5993785858154297
