2.8390300273895264
2.607880115509033
2.7560346126556396
3.016807794570923
2.59063720703125
2.580097198486328
2.6290228366851807
2.9158408641815186
2.656456232070923
2.868150234222412
2.9287173748016357
2.624821186065674
2.7262983322143555
2.778608798980713
2.8504269123077393
2.5964527130126953
2.54982590675354
2.457251787185669
2.733454942703247
2.8103785514831543
2.5264108180999756
2.8257431983947754
2.5637617111206055
2.511096477508545
2.7820518016815186
2.5029163360595703
2.7611799240112305
2.495854139328003
2.765990734100342
2.533452272415161
2.942070245742798
2.6303300857543945
2.8692808151245117
2.6244843006134033
2.8285646438598633
2.5041558742523193
2.874699115753174
2.554989814758301
2.7699131965637207
2.5105106830596924
2.754908800125122
2.5034492015838623
2.7303009033203125
2.7558679580688477
2.8242039680480957
2.556520700454712
2.5598976612091064
2.551978588104248
2.7477214336395264
2.7914071083068848
2.5396554470062256
2.851388931274414
2.5891494750976562
2.61905837059021
2.8217051029205322
2.5581350326538086
2.780297040939331
2.489811658859253
2.8189754486083984
2.5525171756744385
2.7845261096954346
2.553964853286743
2.8112034797668457
2.5344433784484863
2.762211322784424
2.498002052307129
2.720414400100708
2.778169870376587
2.868784189224243
2.595346689224243
2.5399246215820312
2.5488076210021973
2.9807047843933105
2.948047399520874
2.6196999549865723
2.9352962970733643
2.599119186401367
2.5955023765563965
2.7960503101348877
2.540553331375122
2.814578056335449
2.5624091625213623
2.789031505584717
2.5685627460479736
2.977290630340576
2.5443129539489746
2.806534767150879
2.4849579334259033
2.76601243019104
2.483006238937378
2.715684413909912
2.747030735015869
2.8268284797668457
2.6311051845550537
2.625783920288086
2.505704879760742
2.750770330429077
2.823439121246338
2.561547040939331
2.9035825729370117
2.5858922004699707
2.5084657669067383
2.780811071395874
2.55769944190979
2.778961658477783
2.511666774749756
2.801316261291504
2.545846700668335
2.790006160736084
2.4989659786224365
2.7792775630950928
2.495417356491089
2.764376401901245
2.498607873916626
2.7405638694763184
2.77555775642395
2.96545672416687
2.6149802207946777
2.5671842098236084
2.5709304809570312
2.804755449295044
2.8816277980804443
2.606989622116089
2.867957830429077
2.6201775074005127
2.5674097537994385
2.7992684841156006
2.496619939804077
2.7910850048065186
2.5290346145629883
2.7851696014404297
2.4977993965148926
2.7746317386627197
2.5264008045196533
2.798860549926758
2.4950928688049316
2.77266788482666
2.472135543823242
2.726261615753174
2.777315139770508
2.8666317462921143
2.6255269050598145
2.530546188354492
2.515075922012329
2.770759344100952
2.8835325241088867
2.5481324195861816
2.8449580669403076
2.6338202953338623
2.5123190879821777
2.8405380249023438
2.5292303562164307
2.832911968231201
2.548588514328003
2.807537794113159
2.4964492321014404
2.823664665222168
2.5447640419006348
2.803767442703247
2.5434064865112305
2.7732553482055664
2.4949042797088623
2.743950605392456
2.7631380558013916
2.8365564346313477
2.5751781463623047
2.544116973876953
2.512887954711914
2.792379856109619
2.830510139465332
2.508348226547241
3.0182228088378906
2.685072660446167
2.6991515159606934
3.120784282684326
2.7162346839904785
2.9876928329467773
2.8103487491607666
2.9292397499084473
2.7467446327209473
2.87886643409729
2.71099591255188
2.874135732650757
2.7624893188476562
2.9599153995513916
2.6228139400482178
2.9200854301452637
2.970940113067627
3.0388553142547607
2.747645616531372
2.614410161972046
2.6347599029541016
2.9990758895874023
3.733179807662964
2.9272220134735107
3.2573790550231934
2.9466140270233154
2.9159388542175293
3.1586475372314453
2.6700546741485596
3.0833513736724854
2.766439199447632
2.964258909225464
2.62770414352417
2.915529727935791
2.631688117980957
2.8619015216827393
3.0082268714904785
2.9629437923431396
2.747011661529541
2.7878007888793945
2.892103433609009
3.0628559589385986
2.6661288738250732
2.6880276203155518
2.637667655944824
2.846665620803833
2.8604376316070557
2.713761329650879
3.042238473892212
2.679030179977417
2.5928139686584473
2.879110097885132
2.5324320793151855
2.820450782775879
2.5552210807800293
2.894573450088501
2.802999973297119
2.903672933578491
2.758382797241211
2.909606456756592
2.579251766204834
2.8553736209869385
2.536965847015381
2.850229501724243
2.7968060970306396
2.864267587661743
2.589726686477661
2.5746071338653564
2.52752685546875
2.829946756362915
2.9046497344970703
2.605583667755127
2.8246631622314453
2.6373214721679688
2.5652642250061035
2.8226046562194824
2.537262201309204
2.809513568878174
2.5653672218322754
2.857161045074463
2.5423083305358887
2.8382298946380615
2.71125864982605
2.907870292663574
2.560349941253662
2.8376431465148926
2.520637035369873
2.726837158203125
2.9294116497039795
3.2744781970977783
2.810713291168213
2.802112102508545
2.792780876159668
2.9916179180145264
2.918830633163452
2.646470308303833
3.064554214477539
2.7636356353759766
2.6524405479431152
2.982900381088257
2.6269779205322266
2.91532826423645
2.558757781982422
2.8102641105651855
2.548058271408081
2.7665441036224365
2.5251412391662598
2.858780860900879
2.5765981674194336
2.7964248657226562
2.561678171157837
2.7489306926727295
2.7423040866851807
2.820784568786621
2.543877124786377
2.5439248085021973
2.5482919216156006
2.7105228900909424
2.7645201683044434
2.491392135620117
2.8669729232788086
2.766270875930786
2.6185734272003174
2.769505023956299
2.7429351806640625
3.2195332050323486
2.7540743350982666
2.8840267658233643
2.6265933513641357
2.825467109680176
2.663252353668213
2.875476598739624
2.749083995819092
2.9401745796203613
2.578125
2.854593276977539
2.834174871444702
2.941371202468872
2.658269166946411
2.6225104331970215
2.606179714202881
2.9022090435028076
3.0289783477783203
2.6180057525634766
2.9992103576660156
2.789416790008545
