0.07337522506713867
0.009322166442871094
0.010832071304321289
0.008504390716552734
0.008946418762207031
0.008002042770385742
0.009436368942260742
0.00848698616027832
0.008016824722290039
0.007114887237548828
0.008775472640991211
0.008018255233764648
0.00795602798461914
0.008512496948242188
0.008789300918579102
0.00788736343383789
0.00903773307800293
0.0077283382415771484
0.00930643081665039
0.008225679397583008
0.008553028106689453
0.00842428207397461
0.008565425872802734
0.008258342742919922
0.008475780487060547
0.007848501205444336
0.008010387420654297
0.008052349090576172
0.008422374725341797
0.008432149887084961
0.008573055267333984
0.007628440856933594
0.010471105575561523
0.008364677429199219
0.008978605270385742
0.00810861587524414
0.00901031494140625
0.008609771728515625
0.007978200912475586
0.008723020553588867
0.008437871932983398
0.00893259048461914
0.00855255126953125
0.007982015609741211
0.008648395538330078
0.008809566497802734
0.00794839859008789
0.008488178253173828
0.00778961181640625
0.00899362564086914
0.007982492446899414
0.008581876754760742
0.011635541915893555
0.008072137832641602
0.007990121841430664
0.008109807968139648
0.008013486862182617
0.008278846740722656
0.007690906524658203
0.009654760360717773
0.009016990661621094
0.00801849365234375
0.009285449981689453
0.009280920028686523
0.008343935012817383
0.008104324340820312
0.008016109466552734
0.008383035659790039
0.008429765701293945
0.009158134460449219
0.00899505615234375
0.00902247428894043
0.008784055709838867
0.008529424667358398
0.008999347686767578
0.009917259216308594
0.009046792984008789
0.009065389633178711
0.008649110794067383
0.009396076202392578
0.008999824523925781
0.009290218353271484
0.008673429489135742
0.009163141250610352
0.008934497833251953
0.00803065299987793
0.009001970291137695
0.008028984069824219
0.00847315788269043
0.008325338363647461
0.00800180435180664
0.007953643798828125
0.009544849395751953
0.008254051208496094
0.008043289184570312
0.008722305297851562
0.009063959121704102
0.00795745849609375
0.009077787399291992
0.008995294570922852
0.0075681209564208984
0.008054733276367188
0.01000213623046875
0.007995843887329102
0.008034229278564453
0.008208990097045898
0.008190155029296875
0.009005308151245117
0.008064508438110352
0.007879018783569336
0.007620334625244141
0.009180068969726562
0.00801706314086914
0.00834512710571289
0.008966207504272461
0.008395195007324219
0.008548259735107422
0.007744550704956055
0.007741212844848633
0.007513999938964844
0.00901937484741211
0.008341073989868164
0.008275985717773438
0.008524656295776367
0.00884866714477539
0.008012533187866211
0.009036540985107422
0.009000062942504883
0.008655071258544922
0.008044958114624023
0.009024381637573242
0.008225202560424805
0.008653879165649414
0.008710861206054688
0.009208440780639648
0.00901651382446289
0.007934331893920898
0.00799417495727539
0.009144306182861328
0.009182214736938477
0.009314775466918945
0.008001089096069336
0.01002049446105957
0.008537530899047852
0.008907079696655273
0.008619070053100586
0.009583234786987305
0.007925987243652344
0.009102821350097656
0.008508920669555664
0.008526086807250977
0.009516000747680664
0.008896112442016602
0.009004831314086914
0.008377552032470703
0.008562088012695312
0.07231807708740234
0.009351968765258789
0.008613109588623047
0.008462667465209961
0.009048700332641602
0.007214546203613281
0.008891820907592773
0.007862567901611328
0.009109020233154297
0.009015560150146484
0.009984016418457031
0.008668661117553711
0.008819580078125
0.008020401000976562
0.011997222900390625
0.00835561752319336
0.007744312286376953
0.008522510528564453
0.008849859237670898
0.009539127349853516
0.008499860763549805
0.011726140975952148
0.008561134338378906
0.008893728256225586
0.009465217590332031
0.01100015640258789
0.008358478546142578
0.00933218002319336
0.00892949104309082
0.008438587188720703
0.011907339096069336
0.009083271026611328
0.009779691696166992
0.008396387100219727
0.00807332992553711
0.007998228073120117
0.010163545608520508
0.014842510223388672
0.007819890975952148
0.009095430374145508
0.01503753662109375
0.009989261627197266
0.010797739028930664
0.008718252182006836
0.008551597595214844
0.008003950119018555
0.010181427001953125
0.008472919464111328
0.009366512298583984
0.009002923965454102
0.008256196975708008
0.010557174682617188
0.008566141128540039
0.009009361267089844
0.008063077926635742
0.00903177261352539
0.00818634033203125
0.008747100830078125
0.008400678634643555
0.008560895919799805
0.008248090744018555
0.008638620376586914
0.008196592330932617
0.010002613067626953
0.0075855255126953125
0.008728981018066406
0.008000612258911133
0.00800013542175293
0.00852060317993164
0.007728099822998047
0.009002208709716797
0.010168075561523438
0.009062767028808594
0.008565425872802734
0.008793115615844727
0.009481191635131836
0.008886098861694336
0.008997440338134766
0.009001016616821289
0.01000213623046875
0.008168697357177734
0.009878158569335938
0.00840616226196289
0.00855565071105957
0.010088205337524414
0.008931636810302734
0.010160207748413086
0.009004354476928711
0.009001016616821289
0.010092973709106445
0.00874018669128418
0.008535623550415039
0.008008480072021484
0.008841514587402344
0.008587360382080078
0.007440090179443359
0.008035421371459961
0.008078575134277344
0.008984088897705078
0.008887767791748047
0.009472131729125977
0.009878873825073242
0.016011476516723633
0.009649276733398438
0.011543750762939453
0.010965585708618164
0.010020732879638672
0.00883340835571289
0.008926153182983398
0.009692668914794922
0.008952856063842773
0.00899362564086914
0.009270429611206055
0.009427309036254883
0.00888371467590332
0.009795665740966797
0.00857853889465332
0.008498907089233398
0.007735252380371094
0.009003877639770508
0.008500099182128906
0.008435249328613281
0.008471965789794922
0.009581327438354492
0.008889913558959961
0.008527278900146484
0.00858926773071289
0.008918285369873047
0.008872270584106445
0.009988784790039062
0.008995294570922852
0.008006811141967773
0.008569717407226562
0.00800180435180664
0.009001970291137695
0.007982730865478516
0.009199142456054688
0.007988452911376953
0.00828099250793457
0.009467124938964844
0.009964704513549805
0.008841991424560547
0.01009988784790039
0.009890556335449219
0.009635686874389648
0.00792694091796875
0.009793281555175781
0.009603261947631836
0.008161067962646484
0.010207176208496094
0.009370803833007812
0.009613990783691406
0.00792551040649414
0.007469654083251953
0.008399009704589844
0.00820779800415039
0.008847236633300781
0.009152889251708984
0.01084589958190918
0.009102582931518555
0.007798433303833008
