2.6117289066314697
2.6796016693115234
2.422071933746338
2.3967037200927734
2.6736161708831787
2.4289188385009766
2.4555575847625732
2.380833864212036
2.701622247695923
2.7283284664154053
2.5325675010681152
2.7394394874572754
2.5345919132232666
2.547462224960327
2.732612133026123
2.531501054763794
2.693572998046875
2.4946165084838867
2.8332769870758057
2.5865838527679443
2.8206400871276855
2.4833199977874756
2.6985888481140137
2.4775564670562744
2.7296130657196045
2.4599783420562744
2.7190585136413574
2.4377055168151855
2.8096749782562256
2.4965739250183105
2.884638547897339
2.497098922729492
2.715013027191162
2.5013692378997803
2.6941394805908203
2.659597158432007
2.8566408157348633
2.467301845550537
2.4555509090423584
2.5102903842926025
2.785789728164673
2.774648427963257
2.4405553340911865
2.8016223907470703
2.47940731048584
2.5045690536499023
2.7976462841033936
2.4586422443389893
2.745276927947998
2.5582799911499023
2.779940366744995
2.4175477027893066
2.684260845184326
2.562269687652588
2.8767151832580566
2.5538976192474365
2.8031575679779053
2.4685471057891846
2.7846250534057617
2.7562413215637207
2.8363683223724365
2.5853967666625977
2.5506107807159424
2.578773021697998
2.776624917984009
2.7536253929138184
2.883781909942627
3.0529537200927734
2.682600736618042
2.570577621459961
2.9323129653930664
2.572523593902588
2.766758680343628
2.5725953578948975
2.855083703994751
2.5461227893829346
2.9796955585479736
2.483161687850952
2.7374026775360107
2.457725763320923
2.7079641819000244
2.4268267154693604
2.7366445064544678
2.7172176837921143
2.7839815616607666
2.5031802654266357
2.531583309173584
2.5185651779174805
2.9152722358703613
2.871642827987671
2.5421314239501953
2.8406574726104736
2.589948892593384
2.635786294937134
2.8125662803649902
2.6290462017059326
2.8866491317749023
2.618133068084717
2.8156509399414062
2.569979667663574
2.791626453399658
2.6161303520202637
2.8044722080230713
2.5523359775543213
2.801500082015991
2.579819679260254
2.7404162883758545
2.879640579223633
2.860197067260742
2.7065742015838623
2.6566264629364014
2.4725606441497803
2.6916022300720215
2.7611846923828125
2.4835643768310547
2.74471378326416
2.516958236694336
2.4480490684509277
2.7676210403442383
2.485531806945801
2.7086029052734375
2.45755934715271
2.7376232147216797
2.458552598953247
2.7012779712677
2.4785690307617188
2.7894840240478516
2.5785820484161377
2.875886917114258
2.634610176086426
3.108849287033081
3.6053225994110107
3.0515294075012207
2.841063976287842
3.02606463432312
3.165754556655884
3.8689792156219482
3.991415023803711
3.3605401515960693
3.3557238578796387
2.8795342445373535
2.9894726276397705
3.043804883956909
2.6923327445983887
2.830292224884033
2.5564749240875244
2.8228025436401367
2.5379209518432617
2.830946445465088
2.5058810710906982
2.78009033203125
2.511821746826172
2.729548931121826
2.4856114387512207
2.696981906890869
2.793645143508911
2.8368303775787354
2.815980911254883
2.71718430519104
2.6189403533935547
2.8121678829193115
2.9259283542633057
2.5712218284606934
2.769090175628662
2.4902570247650146
2.4987287521362305
2.911212682723999
2.5238704681396484
2.8149242401123047
2.6456527709960938
2.852513551712036
2.6380364894866943
3.052902936935425
2.653625011444092
2.8875350952148438
2.594149351119995
2.7824742794036865
2.499311685562134
2.748497247695923
2.730471611022949
2.782609224319458
2.5234551429748535
2.493891477584839
2.449805736541748
2.724153757095337
2.792689561843872
2.515211582183838
2.775696277618408
2.5667614936828613
2.4963419437408447
2.7490413188934326
2.4905102252960205
2.751265287399292
2.540966510772705
2.8465375900268555
2.541402578353882
2.848809242248535
2.5485615730285645
2.800997495651245
2.484339952468872
2.7253572940826416
2.477996587753296
2.6912221908569336
2.787055730819702
2.826495885848999
2.507718324661255
2.499376058578491
2.44407320022583
2.6828629970550537
2.737877607345581
2.586225748062134
2.8206381797790527
2.525463581085205
2.4773831367492676
2.730116367340088
2.478346109390259
2.815412998199463
2.5348808765411377
2.7201476097106934
2.550419807434082
2.7741904258728027
2.478151798248291
2.7588841915130615
2.5711722373962402
2.760509490966797
2.535430908203125
2.6870124340057373
2.7402195930480957
2.8611626625061035
2.7470035552978516
2.805325746536255
2.6758742332458496
3.153176784515381
3.3284153938293457
2.841533899307251
3.0818557739257812
2.674683094024658
2.6099674701690674
2.809863805770874
2.5827620029449463
2.8271684646606445
2.5098683834075928
2.7794859409332275
2.4832723140716553
2.781508445739746
2.480666160583496
2.758598566055298
2.57932710647583
2.7575037479400635
2.4565911293029785
2.70548415184021
2.704171895980835
2.9718122482299805
2.853639602661133
2.6858344078063965
2.5383455753326416
2.757873773574829
2.789574384689331
2.613563060760498
2.8092458248138428
2.5997698307037354
2.5448927879333496
2.764427900314331
2.453505277633667
2.727678060531616
2.459543228149414
2.8178563117980957
2.6019070148468018
2.7630016803741455
2.457641124725342
2.8274927139282227
2.5462512969970703
2.8708901405334473
2.6712374687194824
2.826204776763916
2.7366182804107666
3.060757875442505
2.6867003440856934
2.739513635635376
2.557389974594116
2.9141182899475098
2.8337862491607666
2.553523063659668
3.1442487239837646
2.7608020305633545
2.5440874099731445
2.833326578140259
2.496781587600708
2.7610151767730713
2.5706822872161865
2.798506259918213
2.5408761501312256
2.7717864513397217
2.5774478912353516
2.7902350425720215
2.5057594776153564
2.813624382019043
2.569078207015991
2.854421854019165
2.819265842437744
2.974318265914917
2.6272785663604736
2.5972776412963867
2.454695224761963
2.7205708026885986
2.7422738075256348
2.5201663970947266
2.8112378120422363
2.489328622817993
2.4638772010803223
2.764575481414795
2.494807004928589
2.7811520099639893
2.535066843032837
2.7551183700561523
2.47731351852417
2.740476608276367
2.4832584857940674
2.785051107406616
2.557749032974243
2.837614059448242
2.618426561355591
2.737487554550171
2.7860991954803467
