2.5927271842956543
2.636101245880127
2.672985315322876
2.6436662673950195
2.762784957885742
2.644263744354248
2.6168665885925293
2.6428706645965576
2.682582139968872
2.6425845623016357
2.657784938812256
2.6955113410949707
2.731592893600464
2.6215879917144775
2.766343355178833
2.603811502456665
2.759619951248169
2.8116254806518555
2.490189552307129
2.71203875541687
2.6914403438568115
2.6841671466827393
2.7068233489990234
2.665599822998047
2.766838788986206
2.6478350162506104
2.651876926422119
2.708601474761963
2.5791192054748535
2.653108596801758
2.748790740966797
2.7466001510620117
2.7016067504882812
2.6564416885375977
2.558727264404297
2.62190318107605
2.782366991043091
2.6767630577087402
2.613548994064331
2.7556111812591553
2.7387430667877197
2.6102163791656494
2.7529296875
2.772212266921997
2.801727056503296
2.798276424407959
2.7746689319610596
2.66605806350708
2.6780521869659424
2.6659114360809326
2.561568021774292
2.7291886806488037
2.801151752471924
2.5599493980407715
2.768763780593872
2.5465574264526367
2.7242565155029297
2.568950653076172
2.7050771713256836
2.6946053504943848
2.7626054286956787
2.761619806289673
2.6477200984954834
2.7125120162963867
2.6546168327331543
2.9437241554260254
2.8863587379455566
2.659602403640747
2.6383471488952637
2.804539918899536
2.661613702774048
2.499544620513916
2.712263584136963
2.6835994720458984
2.7436978816986084
2.8066158294677734
2.6651968955993652
2.5794615745544434
2.7748286724090576
2.8194849491119385
2.5046799182891846
2.7916274070739746
2.8546555042266846
2.7559399604797363
2.706496477127075
2.6553618907928467
2.7595462799072266
2.6872456073760986
2.647580146789551
2.6991679668426514
2.5537290573120117
2.617586612701416
2.7496252059936523
2.648954153060913
2.648017406463623
2.6612660884857178
2.536205768585205
2.6609742641448975
2.769115924835205
2.60258150100708
2.5472252368927
2.7409298419952393
2.6286096572875977
2.441568374633789
2.6759092807769775
2.6572060585021973
2.7121758460998535
2.7312545776367188
2.65022611618042
2.446226119995117
2.74532413482666
2.736628532409668
2.453742027282715
2.6399264335632324
2.6446125507354736
2.6607401371002197
2.664355516433716
2.6306278705596924
2.7134525775909424
2.6209473609924316
2.8066446781158447
2.8033766746520996
2.6881165504455566
2.784424066543579
2.904651641845703
2.6474404335021973
2.643613815307617
2.6504504680633545
2.5551810264587402
2.638747453689575
2.770219087600708
2.6085970401763916
2.612586259841919
2.769906759262085
2.649806022644043
2.5305776596069336
2.656386613845825
2.745257616043091
2.807647228240967
2.7683215141296387
2.7196106910705566
2.4665660858154297
2.752458333969116
2.7789173126220703
2.459547996520996
2.675394058227539
2.686109781265259
2.6756203174591064
2.7086822986602783
2.636719226837158
2.736036539077759
2.6406898498535156
2.6502232551574707
2.657853126525879
2.563176155090332
2.776454210281372
2.8846988677978516
2.773571729660034
2.7472128868103027
2.7479352951049805
2.544830083847046
2.666222095489502
2.7786130905151367
2.607481002807617
2.565589427947998
2.763641834259033
2.6484878063201904
2.4569361209869385
2.6397368907928467
2.694145679473877
2.7135510444641113
2.7616193294525146
2.6388752460479736
2.4567198753356934
2.713672399520874
2.7606201171875
2.55157208442688
2.688084363937378
2.7021257877349854
2.6956048011779785
2.72261118888855
2.6516714096069336
2.730804204940796
2.643005609512329
2.6342644691467285
2.6535251140594482
2.5335752964019775
2.6367149353027344
2.820748805999756
2.6581199169158936
2.6596121788024902
2.702617883682251
2.558741331100464
2.6656672954559326
2.8071486949920654
2.633199453353882
2.5655765533447266
2.7482693195343018
2.665048122406006
2.4782814979553223
2.6686172485351562
2.6655287742614746
2.72799015045166
2.7529749870300293
2.6382124423980713
2.452133893966675
2.720766544342041
2.7616536617279053
2.525479793548584
2.7650718688964844
2.734016180038452
2.823632001876831
2.7926270961761475
2.856652021408081
2.8446390628814697
2.716132640838623
2.6867377758026123
2.756645917892456
2.7426226139068604
2.7026073932647705
2.8435258865356445
2.757617473602295
2.7552103996276855
2.7933106422424316
2.69030499458313
2.778249740600586
2.9166691303253174
2.761742115020752
2.698606252670288
2.918149709701538
2.817075729370117
2.6545956134796143
2.779669761657715
2.761632204055786
2.8266613483428955
2.792635202407837
2.6728515625
2.736224412918091
2.928656578063965
2.8586432933807373
2.623591899871826
2.765756607055664
2.7679340839385986
2.9156668186187744
2.9734842777252197
3.151799440383911
2.988779067993164
2.7023725509643555
2.693603754043579
2.683029890060425
2.666592836380005
2.6964194774627686
2.774437665939331
2.7286128997802734
2.794062614440918
2.71799373626709
2.657303810119629
2.8061859607696533
2.84987735748291
2.702617883682251
2.739614963531494
2.8764472007751465
2.7361884117126465
2.5224995613098145
2.9157891273498535
2.9462356567382812
2.926041841506958
2.905247449874878
2.7738564014434814
2.5829222202301025
2.836639404296875
2.8751909732818604
2.56957745552063
2.746617555618286
2.787844657897949
2.7972381114959717
2.8335962295532227
2.7444725036621094
2.8101348876953125
2.7194290161132812
2.7520675659179688
2.71461820602417
2.573486089706421
2.6802217960357666
3.0239768028259277
2.7427096366882324
2.762619733810425
2.8815290927886963
2.7776238918304443
2.8183841705322266
3.291868209838867
3.745277166366577
2.708622932434082
2.9086382389068604
2.789640188217163
2.606184720993042
2.800238609313965
2.735725164413452
2.97365665435791
2.896657705307007
2.8054914474487305
2.616281747817993
2.763084650039673
2.87365460395813
2.562582015991211
2.8126301765441895
2.7986364364624023
2.8063549995422363
2.8883233070373535
2.744624614715576
2.8246359825134277
2.681608200073242
2.6863036155700684
2.707057476043701
2.6088430881500244
2.678013801574707
2.790633201599121
2.6766445636749268
2.6713783740997314
2.6970012187957764
