0.0700063705444336
0.00899052619934082
0.010011672973632812
0.008002281188964844
0.00801396369934082
0.008004903793334961
0.008003473281860352
0.008003950119018555
0.008001565933227539
0.009016275405883789
0.007987499237060547
0.008009910583496094
0.007982254028320312
0.010010242462158203
0.008002281188964844
0.008008241653442383
0.00800180435180664
0.010021448135375977
0.008001565933227539
0.009006977081298828
0.008010387420654297
0.00899362564086914
0.008002519607543945
0.00800323486328125
0.008002758026123047
0.008985757827758789
0.009003400802612305
0.00798940658569336
0.007982015609741211
0.010002374649047852
0.008013725280761719
0.00798177719116211
0.008986949920654297
0.008001089096069336
0.007983684539794922
0.006994724273681641
0.009001493453979492
0.008994817733764648
0.009001731872558594
0.009015321731567383
0.007999181747436523
0.008012771606445312
0.00800180435180664
0.00900888442993164
0.00800180435180664
0.00800776481628418
0.008002519607543945
0.008003711700439453
0.007995843887329102
0.008021831512451172
0.008022069931030273
0.008021116256713867
0.008016824722290039
0.008021354675292969
0.007994651794433594
0.008002042770385742
0.009000301361083984
0.008002042770385742
0.008001089096069336
0.00800180435180664
0.007995843887329102
0.009007692337036133
0.008016109466552734
0.008008003234863281
0.008002519607543945
0.00800013542175293
0.009001970291137695
0.007993221282958984
0.008009195327758789
0.008002281188964844
0.008002519607543945
0.009003877639770508
0.009002923965454102
0.009003162384033203
0.008001327514648438
0.01000213623046875
0.008000612258911133
0.008002519607543945
0.008000612258911133
0.007982969284057617
0.008001089096069336
0.009002208709716797
0.011006593704223633
0.009002923965454102
0.008994579315185547
0.009003400802612305
0.00899505615234375
0.008002758026123047
0.009004831314086914
0.0070133209228515625
0.009001016616821289
0.00800013542175293
0.007999897003173828
0.00800180435180664
0.009007692337036133
0.008013248443603516
0.009002208709716797
0.008003950119018555
0.010001659393310547
0.007996559143066406
0.03400301933288574
0.008009910583496094
0.008000850677490234
0.010016202926635742
0.008980274200439453
0.008000612258911133
0.012002944946289062
0.007995128631591797
0.008982658386230469
0.009002923965454102
0.008000612258911133
0.01000213623046875
0.010001182556152344
0.008001565933227539
0.008020877838134766
0.007993221282958984
0.007993698120117188
0.008995771408081055
0.008989572525024414
0.0090179443359375
0.008009672164916992
0.008002758026123047
0.009001970291137695
0.009009361267089844
0.009001970291137695
0.008013725280761719
0.008995532989501953
0.008007287979125977
0.009003877639770508
0.009000301361083984
0.009013652801513672
0.00800180435180664
0.009015560150146484
0.008001327514648438
0.009002447128295898
0.008002281188964844
0.008003473281860352
0.008005142211914062
0.00798344612121582
0.00800323486328125
0.008016347885131836
0.00800180435180664
0.009029388427734375
0.00900411605834961
0.009022235870361328
0.008003950119018555
0.06402301788330078
0.00819849967956543
0.009994745254516602
0.010984659194946289
0.009002208709716797
0.008021831512451172
0.008019447326660156
0.032999515533447266
0.00900125503540039
0.009000539779663086
0.00898289680480957
0.007611513137817383
0.010001420974731445
0.008022308349609375
0.008995532989501953
0.008001089096069336
0.007996797561645508
0.008009672164916992
0.009009361267089844
0.009001493453979492
0.009004592895507812
0.009021282196044922
0.00800943374633789
0.008017301559448242
0.009002447128295898
0.00899052619934082
0.00801539421081543
0.008000373840332031
0.05901694297790527
0.008005619049072266
0.008017539978027344
0.009009599685668945
0.00900411605834961
0.010002374649047852
0.008987903594970703
0.00801539421081543
0.008014202117919922
0.009001731872558594
0.009996652603149414
0.009001731872558594
0.00801396369934082
0.008016586303710938
0.008000373840332031
0.008022069931030273
0.007983207702636719
0.008022308349609375
0.008983612060546875
0.007983684539794922
0.008002281188964844
0.008007049560546875
0.00801396369934082
0.008001327514648438
0.008993864059448242
0.00801396369934082
0.008000612258911133
0.009001016616821289
0.0319981575012207
0.008001089096069336
0.0089874267578125
0.008000850677490234
0.008002042770385742
0.008000373840332031
0.009996891021728516
0.008998394012451172
0.008001565933227539
0.00800180435180664
0.008020877838134766
0.008019447326660156
0.008014440536499023
0.008012533187866211
0.007989883422851562
0.008002519607543945
0.00801849365234375
0.01100468635559082
0.008002996444702148
0.00802159309387207
0.010983467102050781
0.008002042770385742
0.009002447128295898
0.008014917373657227
0.00800180435180664
0.008002281188964844
0.00899505615234375
0.010007381439208984
0.008995294570922852
0.008982658386230469
0.009017467498779297
0.007999420166015625
0.008019208908081055
0.008007287979125977
0.008008480072021484
0.008020401000976562
0.008947134017944336
0.010002374649047852
0.008008956909179688
0.010003328323364258
0.008000850677490234
0.007993459701538086
0.008987188339233398
0.008008956909179688
0.00801229476928711
0.00799417495727539
0.008015155792236328
0.008001327514648438
0.008002758026123047
0.008019685745239258
0.009007453918457031
0.007995128631591797
0.00800180435180664
0.00898432731628418
0.009007453918457031
0.008990049362182617
0.008017539978027344
0.008988618850708008
0.009002208709716797
0.007995367050170898
0.00800180435180664
0.008996963500976562
0.00899648666381836
0.009995698928833008
0.008002519607543945
0.009001970291137695
0.00900125503540039
0.008990049362182617
0.008001327514648438
0.01000523567199707
0.00800180435180664
0.009016990661621094
0.007996559143066406
0.00799417495727539
0.008002758026123047
0.007987737655639648
0.008016347885131836
0.008012771606445312
0.008020639419555664
0.008001327514648438
0.008002281188964844
0.008988618850708008
0.008002758026123047
0.009002923965454102
0.007989645004272461
0.009003639221191406
0.007021427154541016
0.008990287780761719
0.008000612258911133
0.008011579513549805
0.00800180435180664
0.008000373840332031
0.008009195327758789
0.008983612060546875
0.007986307144165039
0.010003089904785156
0.00802159309387207
0.007993936538696289
0.008004188537597656
0.008015871047973633
0.009002208709716797
0.009004592895507812
0.008002758026123047
0.009002447128295898
0.011002540588378906
0.007001399993896484
0.008002042770385742
0.009987354278564453
0.008988618850708008
0.008041143417358398
0.009012460708618164
0.00800180435180664
0.008995532989501953
0.008001327514648438
0.008010625839233398
0.008004188537597656
0.00900125503540039
0.008983850479125977
0.008002281188964844
0.007992744445800781
0.00800180435180664
0.008991718292236328
0.008997917175292969
0.007994890213012695
0.007987022399902344
0.008002042770385742
0.007983684539794922
0.007997989654541016
0.009022235870361328
0.008013725280761719
0.008007526397705078
0.00800466537475586
