2.539790153503418
2.6723012924194336
2.6410441398620605
2.6309099197387695
2.733046531677246
2.7000019550323486
2.762389898300171
2.5574567317962646
2.8108839988708496
2.722433090209961
2.73872447013855
2.8000926971435547
2.8941221237182617
2.8750321865081787
2.5701348781585693
2.817730665206909
2.71976900100708
2.6956429481506348
2.9312710762023926
2.8015518188476562
3.062145948410034
2.7788214683532715
3.0179660320281982
2.895582437515259
2.812732696533203
2.6522085666656494
2.681572437286377
2.7294037342071533
2.799720287322998
2.6724624633789062
2.819572925567627
2.674931287765503
2.8145530223846436
3.28175950050354
2.872453451156616
2.9858269691467285
3.046689748764038
3.0568485260009766
3.387106418609619
3.2719969749450684
3.2030422687530518
3.043379545211792
2.9871954917907715
2.993140935897827
2.6858155727386475
2.8469858169555664
2.9409544467926025
2.8645436763763428
2.9827377796173096
3.27880859375
2.6588330268859863
2.9407143592834473
3.2087769508361816
2.8148016929626465
2.8538780212402344
3.227210521697998
2.946765661239624
2.6194818019866943
2.7337541580200195
2.8198068141937256
2.8019251823425293
2.8382792472839355
2.7938034534454346
2.690742254257202
2.7725119590759277
2.783360242843628
2.727738380432129
2.8089401721954346
2.707810640335083
2.72674298286438
2.7273919582366943
2.725903272628784
2.6555492877960205
2.7363791465759277
2.698206901550293
2.8013687133789062
2.657374858856201
2.7630422115325928
2.704627275466919
2.802112340927124
2.6719613075256348
2.8130416870117188
2.937455892562866
3.100990056991577
2.94014310836792
2.7720627784729004
2.7869465351104736
2.891115188598633
2.8511033058166504
2.82014799118042
2.9747979640960693
3.2509653568267822
2.876194715499878
2.9737374782562256
2.8610177040100098
2.8708550930023193
3.0684125423431396
2.868119716644287
2.987342119216919
2.934587240219116
2.9059200286865234
3.104280710220337
2.8897275924682617
2.972851037979126
2.91302490234375
2.9078991413116455
2.9410338401794434
2.8388736248016357
3.029822587966919
2.737476110458374
2.866377115249634
2.7335662841796875
2.747135639190674
2.820068120956421
2.8393325805664062
2.8301796913146973
2.5671157836914062
2.776087522506714
2.9665608406066895
2.6779086589813232
2.7820675373077393
2.7543632984161377
2.7597270011901855
2.4975247383117676
2.6527130603790283
2.7072720527648926
2.7978851795196533
2.8331408500671387
2.6472156047821045
2.7278096675872803
2.7096192836761475
2.8362438678741455
2.8165030479431152
2.745183229446411
2.792661428451538
2.519134998321533
2.767625331878662
2.9774136543273926
2.9624645709991455
2.807446002960205
2.7185285091400146
2.6611132621765137
2.8862926959991455
2.8992245197296143
2.840634346008301
2.82462739944458
2.7682502269744873
2.7633121013641357
2.7462949752807617
2.793422222137451
2.8237545490264893
2.7005088329315186
2.7426908016204834
2.798255681991577
4.114941358566284
3.164281129837036
3.033390998840332
2.8290722370147705
3.0481081008911133
2.9669783115386963
2.907241106033325
3.2569615840911865
2.8464300632476807
2.958461284637451
3.031625270843506
2.6526012420654297
2.6906139850616455
2.84624981880188
2.673460006713867
2.661327362060547
2.733304500579834
2.599393844604492
2.688469409942627
2.8027942180633545
2.574042558670044
2.729987144470215
2.6170616149902344
2.8292884826660156
2.730768918991089
2.8746144771575928
2.747797966003418
2.7942135334014893
2.9743080139160156
3.321225643157959
2.8629305362701416
2.718707323074341
3.0280680656433105
3.015737295150757
2.8939738273620605
2.8146042823791504
2.7069287300109863
2.622939348220825
2.6966187953948975
2.884003162384033
2.7569363117218018
2.6955575942993164
2.729069232940674
2.7073705196380615
2.816561222076416
2.832075357437134
2.6415770053863525
2.6349856853485107
2.71403431892395
2.6050913333892822
2.6909003257751465
2.676710844039917
2.8466172218322754
2.6317076683044434
2.74800968170166
2.6321563720703125
2.8691585063934326
2.777435779571533
2.640538454055786
2.7360305786132812
2.9281094074249268
2.798163414001465
2.7831344604492188
2.69826340675354
3.0888352394104004
3.309330940246582
2.959571361541748
2.878333330154419
2.835284471511841
3.2299437522888184
3.03018856048584
2.8407528400421143
2.7845733165740967
2.8067221641540527
2.709519624710083
2.7310469150543213
2.883225917816162
2.6856377124786377
2.9242966175079346
2.736109972000122
2.9634668827056885
2.6744067668914795
2.8126604557037354
2.784712791442871
2.8639590740203857
2.778411388397217
2.884122371673584
2.8496146202087402
2.6997203826904297
2.737084150314331
2.65803861618042
2.720318555831909
2.6872639656066895
2.724360942840576
2.611386775970459
2.8511054515838623
2.7550582885742188
2.481729507446289
2.6678414344787598
2.6755528450012207
2.6614623069763184
2.711519956588745
2.6338536739349365
2.7433645725250244
2.6450583934783936
2.6481170654296875
2.680162191390991
2.557042121887207
2.641055107116699
2.7456133365631104
2.657517433166504
2.64739727973938
2.696983575820923
2.560001850128174
2.6436803340911865
2.8065268993377686
2.5838351249694824
2.7293050289154053
2.5884437561035156
2.704244375228882
2.5579254627227783
2.651093006134033
2.6511082649230957
2.731973886489868
2.6699788570404053
2.656931161880493
2.6754534244537354
2.58040189743042
2.6611287593841553
2.676050901412964
2.7283382415771484
2.6106226444244385
2.7163021564483643
2.6168248653411865
2.7230241298675537
2.758298397064209
2.4656949043273926
2.6596710681915283
2.669224500656128
2.6860976219177246
2.7622551918029785
2.6450881958007812
2.7409720420837402
2.684180736541748
2.6656479835510254
2.6838173866271973
2.589984178543091
2.649721622467041
2.731126070022583
2.6608824729919434
2.650986909866333
2.6643967628479004
2.7075912952423096
2.837038278579712
2.8420660495758057
2.677603006362915
2.645738363265991
2.9299259185791016
2.7674193382263184
2.5355403423309326
2.7030560970306396
2.7307753562927246
2.7958853244781494
2.798018455505371
2.78826642036438
2.6971538066864014
2.7188098430633545
2.791752815246582
