2.6729860305786133
2.4239559173583984
2.676405429840088
2.419447898864746
2.6397340297698975
2.7014448642730713
2.4381914138793945
2.7266831398010254
2.473921060562134
2.445094585418701
2.7732012271881104
2.5093958377838135
2.6429882049560547
2.6831419467926025
2.4192800521850586
2.637300968170166
2.678309202194214
2.418379783630371
2.66133189201355
2.679115056991577
2.4401297569274902
2.626258611679077
2.6968767642974854
2.4352986812591553
2.6489527225494385
2.672853469848633
2.4829790592193604
3.425234079360962
3.286943197250366
3.154344081878662
2.845566987991333
2.6722514629364014
2.6196136474609375
2.896458148956299
2.8279330730438232
2.5526134967803955
2.493873119354248
2.818084955215454
2.591601610183716
2.765780448913574
2.8726723194122314
2.498699426651001
2.9525299072265625
2.790931463241577
2.517916440963745
2.7206664085388184
2.7744383811950684
2.5487587451934814
2.7081944942474365
2.798586845397949
2.517778158187866
2.7040090560913086
2.770930051803589
2.5611119270324707
2.785116672515869
2.756258487701416
2.4200937747955322
2.646196126937866
2.8311266899108887
2.903696060180664
2.8511948585510254
2.8379287719726562
2.796658754348755
3.7101869583129883
3.2566795349121094
2.989849328994751
2.7828497886657715
2.828733205795288
2.4775304794311523
2.848496437072754
2.91054630279541
2.5594482421875
2.679429292678833
2.708369255065918
2.474703073501587
2.791604518890381
2.9202661514282227
2.5248796939849854
2.7696926593780518
2.848397731781006
2.5404253005981445
2.6997053623199463
2.7391157150268555
2.4713590145111084
2.684126853942871
2.799603223800659
2.797903060913086
2.94936466217041
2.9937667846679688
3.022343635559082
2.647292375564575
2.7702114582061768
2.8390729427337646
2.7320990562438965
2.7904584407806396
2.505434274673462
2.6253421306610107
3.542839765548706
2.6274633407592773
2.8314151763916016
2.920926332473755
2.6928117275238037
2.9315240383148193
3.0753586292266846
2.5641098022460938
2.81130051612854
2.9253525733947754
2.5565147399902344
2.815906286239624
2.8895103931427
2.632697105407715
2.7943432331085205
2.7533621788024902
2.5503134727478027
2.7221786975860596
2.775364875793457
2.554234027862549
2.9134490489959717
2.8640799522399902
2.852816343307495
2.6024510860443115
2.617051601409912
2.580296754837036
2.7000608444213867
2.7713394165039062
2.491326093673706
2.4620487689971924
2.693528890609741
2.449301242828369
2.676445245742798
2.6959311962127686
2.432210922241211
2.687065362930298
2.707202672958374
2.4296376705169678
2.643808126449585
2.6779842376708984
2.425828695297241
2.64723539352417
2.696169137954712
2.4228861331939697
2.673065662384033
2.702092409133911
2.4475581645965576
2.650477409362793
2.727656126022339
2.437433958053589
2.655892848968506
2.714393377304077
2.757183313369751
2.6106150150299072
2.493633270263672
2.44732928276062
2.6850473880767822
2.7425649166107178
2.5101921558380127
2.4807090759277344
2.687329053878784
2.4355101585388184
2.661569595336914
2.7017312049865723
2.4182639122009277
2.651355028152466
2.680809736251831
2.4399783611297607
2.6442770957946777
2.691284656524658
2.438014030456543
2.654217481613159
2.681774616241455
2.4353079795837402
2.6608026027679443
2.7186052799224854
2.4306249618530273
2.651624917984009
2.7083499431610107
2.434691905975342
2.6449403762817383
2.6946017742156982
2.774466037750244
2.509255886077881
2.4928247928619385
2.4382927417755127
2.865140438079834
2.872101306915283
2.585462808609009
2.7004501819610596
2.8746020793914795
2.613743305206299
2.7534565925598145
2.7379515171051025
2.471019744873047
2.768815517425537
2.7636325359344482
2.505307197570801
2.804882526397705
2.7222177982330322
2.5588691234588623
2.937779664993286
2.83203125
2.6273019313812256
2.818549394607544
2.7498714923858643
2.476785182952881
2.693931818008423
2.7569327354431152
2.4990036487579346
2.9002299308776855
2.8771793842315674
2.9903666973114014
2.5890579223632812
2.5766046047210693
2.740648031234741
2.8387668132781982
2.824981689453125
2.6308858394622803
2.5278801918029785
2.841435670852661
2.4642388820648193
2.7476212978363037
2.8310577869415283
2.533801794052124
2.7629172801971436
2.9189932346343994
2.5620713233947754
2.8561360836029053
2.837163209915161
2.593292236328125
2.749368190765381
2.9304449558258057
2.500309467315674
2.7225112915039062
2.8989686965942383
2.72648549079895
2.832071304321289
2.74442982673645
2.4708616733551025
2.8625614643096924
2.8598105907440186
2.5280728340148926
2.760368585586548
2.719428300857544
2.9012961387634277
2.713132858276367
2.7288095951080322
2.7307589054107666
2.831512451171875
2.8000142574310303
2.565345525741577
2.9017677307128906
2.6700382232666016
2.6735122203826904
2.7939584255218506
2.567077398300171
2.752133846282959
2.4744668006896973
2.7253265380859375
2.505373477935791
2.7980751991271973
2.462571382522583
2.743023633956909
2.4606568813323975
2.728863477706909
2.577132225036621
2.885751724243164
2.5875084400177
2.879673480987549
2.6334328651428223
2.8262810707092285
2.453122138977051
2.6536331176757812
2.6836206912994385
2.7775778770446777
2.5103254318237305
2.499521017074585
2.4612958431243896
2.6696786880493164
2.740553855895996
2.466472864151001
2.7566001415252686
2.4967923164367676
2.473797559738159
2.713660478591919
2.4763457775115967
2.802344799041748
2.486001491546631
2.776327610015869
2.4904375076293945
2.7649686336517334
2.492525577545166
2.7433857917785645
2.509906768798828
2.736079692840576
2.4654037952423096
2.704648971557617
2.7302942276000977
2.7987730503082275
2.5557312965393066
2.5347297191619873
2.4660699367523193
2.722946882247925
2.7577593326568604
2.5110349655151367
2.8018722534179688
2.5015716552734375
2.496581554412842
2.7739710807800293
2.504040479660034
2.7557945251464844
2.4979848861694336
2.7433669567108154
2.4984991550445557
2.7563889026641846
2.502034902572632
2.8113601207733154
2.4829461574554443
2.7292890548706055
2.5192880630493164
2.6762893199920654
2.7135398387908936
2.813682794570923
2.547388792037964
2.552671432495117
2.468961238861084
2.704920530319214
2.7715506553649902
2.5133907794952393
2.787008762359619
2.5359785556793213
2.5025947093963623
2.7572028636932373
2.4967143535614014
2.776184320449829
2.486307144165039
2.7635114192962646
2.488938093185425
