2.751483201980591
2.8825881481170654
2.817110300064087
2.6270828247070312
2.817019462585449
2.8785572052001953
2.842130422592163
3.203176259994507
2.7639129161834717
2.7563517093658447
2.6678359508514404
2.817389488220215
2.8917717933654785
2.855292797088623
2.6549816131591797
2.74721360206604
2.6583120822906494
2.747624635696411
2.837238311767578
2.4916534423828125
2.6882553100585938
2.6892974376678467
2.7031068801879883
2.7201919555664062
2.687413454055786
2.798980712890625
2.866764545440674
2.7877700328826904
2.76499080657959
2.6956396102905273
2.6781225204467773
2.7778525352478027
2.8005564212799072
2.8982410430908203
2.7804887294769287
3.0038771629333496
2.908705711364746
2.9392406940460205
2.750830888748169
2.8875582218170166
2.70111083984375
2.8841562271118164
2.6160857677459717
2.731501817703247
2.669119358062744
2.8614871501922607
2.725268602371216
2.718212366104126
2.741288900375366
2.685391426086426
2.809711217880249
2.771733283996582
2.8247933387756348
2.6524658203125
2.7922186851501465
2.63815975189209
2.8035173416137695
2.8090732097625732
2.521178722381592
2.7085773944854736
2.7290546894073486
2.752894163131714
2.827853202819824
2.8435115814208984
2.922520160675049
2.846395492553711
2.898395538330078
2.84494948387146
2.650653600692749
2.735142469406128
2.814396381378174
2.7238998413085938
2.733631134033203
2.7076637744903564
2.6683716773986816
2.7744884490966797
2.8696742057800293
2.71675181388855
2.6630914211273193
2.870828151702881
2.757497549057007
2.6205761432647705
2.785205602645874
2.7812938690185547
2.7878026962280273
2.7458536624908447
2.8360519409179688
2.730354070663452
2.7390122413635254
2.8013100624084473
2.650376558303833
2.6892597675323486
2.811246633529663
2.744284152984619
2.7549948692321777
2.7811050415039062
2.6273865699768066
2.7219560146331787
2.774092435836792
2.9104886054992676
2.6718616485595703
2.838388681411743
2.6946208477020264
2.8223190307617188
2.897892713546753
2.5379979610443115
2.7273502349853516
2.8315200805664062
2.7804393768310547
2.792916774749756
2.8074898719787598
2.9085006713867188
2.78157639503479
2.7839930057525635
2.8661582469940186
2.757343053817749
2.8752448558807373
2.861929416656494
2.7027933597564697
2.7149624824523926
2.8152871131896973
2.698690414428711
2.728519916534424
2.850586414337158
2.752474069595337
2.8513739109039307
2.943614959716797
2.8672773838043213
2.646758794784546
2.935638904571533
2.9284605979919434
2.9439151287078857
2.867258310317993
2.910144329071045
2.733356475830078
2.719128131866455
2.7441835403442383
2.609743595123291
2.694826126098633
2.8299813270568848
2.705579996109009
2.7060840129852295
2.7433619499206543
2.6169188022613525
2.721813201904297
2.7004544734954834
2.8004703521728516
2.65498948097229
2.7898387908935547
2.65704607963562
2.790709972381592
2.833092212677002
2.522430896759033
2.7265968322753906
2.7179789543151855
2.721548318862915
2.7636559009552
2.7017393112182617
2.786972999572754
2.696150779724121
2.706491470336914
2.714179039001465
2.6262316703796387
2.6982104778289795
2.800295829772949
2.7127339839935303
2.7196033000946045
2.731804132461548
2.6354594230651855
2.7348759174346924
2.8519299030303955
2.720623254776001
2.6805498600006104
2.8415350914001465
2.7103068828582764
2.555832862854004
2.7320632934570312
2.7309815883636475
2.754652261734009
2.698577880859375
2.796066999435425
2.6930389404296875
2.712923049926758
2.7249510288238525
2.6238064765930176
2.715653896331787
2.858297824859619
2.6346187591552734
2.812026023864746
2.6225550174713135
2.815551280975342
2.6642327308654785
2.737751007080078
2.716667890548706
2.80106520652771
2.7123708724975586
2.7309107780456543
2.7373530864715576
2.604670524597168
2.7106974124908447
2.8678793907165527
2.6844587326049805
2.647106409072876
2.8040833473205566
2.715358018875122
2.5181407928466797
2.7515413761138916
2.761714458465576
2.762291669845581
2.706637144088745
2.8074159622192383
2.7267582416534424
2.7223870754241943
2.784001350402832
2.623755931854248
2.72412109375
2.8441696166992188
2.6420352458953857
2.786949396133423
2.6294362545013428
2.7813544273376465
2.615980625152588
2.874069929122925
2.728282928466797
2.8014965057373047
2.709463596343994
2.7340171337127686
2.757899761199951
2.6220927238464355
2.724137783050537
2.9808993339538574
2.7546157836914062
2.700801372528076
2.858919620513916
2.7144346237182617
2.5835914611816406
2.7427468299865723
2.798927068710327
2.8488645553588867
2.8293607234954834
2.8999438285827637
2.859886646270752
2.8702890872955322
2.857956647872925
2.7285096645355225
2.7847769260406494
2.903852939605713
2.841712474822998
3.0285191535949707
2.9542269706726074
3.142845392227173
2.7286083698272705
2.8304848670959473
2.8732142448425293
2.9773471355438232
3.0450613498687744
2.87235164642334
2.8342230319976807
2.8532919883728027
3.0557339191436768
2.987783908843994
2.937135934829712
3.097435474395752
2.9539520740509033
2.7533798217773438
2.538723945617676
2.7910890579223633
2.8854048252105713
2.845935583114624
2.825784206390381
2.9437787532806396
2.8797671794891357
2.916409492492676
2.814815044403076
2.657768726348877
2.777043104171753
2.9253082275390625
2.7159764766693115
2.8748621940612793
2.733900785446167
2.820810556411743
2.6568222045898438
2.736924409866333
2.7675251960754395
2.8155481815338135
2.733358144760132
2.7529795169830322
2.767489433288574
2.7914278507232666
2.873110294342041
2.9910788536071777
2.757530450820923
2.725658655166626
2.905034303665161
2.8181979656219482
2.79256534576416
2.8124330043792725
2.8607017993927
2.871459484100342
2.8310458660125732
2.9162890911102295
2.7835898399353027
2.866568088531494
2.963738203048706
2.826981782913208
2.828503131866455
2.912062883377075
2.7505578994750977
2.90146803855896
2.7970376014709473
3.1023082733154297
2.739943027496338
2.8970658779144287
3.0330193042755127
2.927229881286621
2.8599517345428467
2.911670684814453
2.8298211097717285
2.661623239517212
2.779019594192505
2.9059813022613525
2.692366600036621
2.802593946456909
3.0263688564300537
