2.389418125152588
2.655148506164551
2.6224348545074463
2.8038229942321777
2.5344362258911133
2.4941208362579346
2.4084584712982178
2.709954261779785
2.683107376098633
2.4401729106903076
2.7649433612823486
2.5663535594940186
2.5011329650878906
2.798400402069092
2.541367292404175
2.720214605331421
2.442843198776245
2.788784980773926
2.6044435501098633
2.7707669734954834
2.7153899669647217
2.7509541511535645
2.838791847229004
2.918808937072754
2.581554651260376
2.481519937515259
2.542762279510498
2.679936170578003
2.8480656147003174
2.488020420074463
2.7098538875579834
2.5757977962493896
2.521249771118164
2.723158121109009
2.4612340927124023
2.8629047870635986
2.532841205596924
2.6767730712890625
2.416079521179199
2.7418465614318848
2.543306827545166
2.714771270751953
2.502312421798706
2.7628371715545654
2.5522878170013428
2.8062515258789062
2.767955780029297
2.8122997283935547
2.650468349456787
2.5079665184020996
2.4732844829559326
2.806159257888794
2.780179262161255
2.546846628189087
2.8165793418884277
2.4598777294158936
2.419853925704956
2.6686604022979736
2.4041872024536133
2.6801023483276367
2.4233546257019043
2.6826276779174805
2.397891044616699
2.6739742755889893
2.4279894828796387
2.665372133255005
2.3942832946777344
2.660287857055664
2.3640873432159424
2.6196646690368652
2.632776975631714
2.694783926010132
2.4525368213653564
2.4203574657440186
2.3924167156219482
2.6136014461517334
2.6661486625671387
2.417351722717285
2.774064540863037
2.5640289783477783
2.518162250518799
2.710192918777466
2.438537359237671
2.724836826324463
2.438013792037964
2.7389087677001953
2.6005454063415527
2.661999464035034
2.398015260696411
2.644914150238037
2.4089438915252686
2.6731958389282227
2.3836076259613037
2.6252076625823975
2.6432409286499023
2.691643238067627
2.4302141666412354
2.4373779296875
2.38965106010437
2.606640338897705
2.691479444503784
2.4286551475524902
2.6694273948669434
2.4879150390625
2.4079275131225586
2.6561429500579834
2.390662908554077
2.719494581222534
2.450474739074707
2.769603967666626
2.4923133850097656
2.853990077972412
2.4749834537506104
2.81681227684021
2.496338129043579
2.7414486408233643
2.4458158016204834
2.6488006114959717
2.705536365509033
2.8332419395446777
2.5631492137908936
2.6723592281341553
2.5399892330169678
2.9608631134033203
2.88877010345459
2.498502016067505
2.7367053031921387
2.4606435298919678
2.4290904998779297
2.680758476257324
2.412313461303711
2.63979172706604
2.407285451889038
2.6852500438690186
2.390244483947754
2.6735520362854004
2.405790328979492
2.7080860137939453
2.4535913467407227
2.736328363418579
2.565340518951416
2.675272226333618
2.645030975341797
2.7137868404388428
2.4390735626220703
2.434546947479248
2.3882815837860107
2.6121652126312256
2.661189556121826
2.4296534061431885
2.6907296180725098
2.476720094680786
2.4065420627593994
2.6636645793914795
2.420884847640991
2.6522114276885986
2.4883899688720703
2.7267985343933105
2.496861696243286
2.6643946170806885
2.4345221519470215
2.730348587036133
2.4972171783447266
2.7886786460876465
2.460542917251587
2.6851305961608887
2.701871633529663
2.7813258171081543
2.517454147338867
2.472984790802002
2.4356420040130615
2.6595208644866943
2.7251029014587402
2.4579339027404785
2.7482452392578125
2.750171422958374
2.4970765113830566
2.7643308639526367
2.496795654296875
2.7787973880767822
2.449235200881958
2.7177958488464355
2.4527342319488525
2.7533929347991943
2.462038040161133
2.689393997192383
2.447145700454712
2.694669485092163
2.4076240062713623
2.654524803161621
2.7126476764678955
2.74252986907959
2.4708213806152344
2.463352918624878
2.4220130443573
2.6748921871185303
2.7671453952789307
2.540874481201172
2.737416982650757
2.6404738426208496
2.429973602294922
2.704822063446045
2.5072181224823
2.7555031776428223
2.488574504852295
2.789792776107788
2.480860948562622
2.83575177192688
2.4406511783599854
2.809523344039917
2.441333770751953
2.8025712966918945
2.4359984397888184
2.7141857147216797
2.7153542041778564
2.8882715702056885
2.537604808807373
2.5597124099731445
2.4761431217193604
2.7324094772338867
2.8106114864349365
2.5008790493011475
2.866143226623535
2.491373062133789
2.529531478881836
2.7058236598968506
2.546006679534912
2.694920778274536
2.5634000301361084
2.7254221439361572
2.5277516841888428
2.7815070152282715
2.4703450202941895
2.844358444213867
2.449399948120117
2.7871320247650146
2.430495500564575
2.707890033721924
2.7120444774627686
2.8092215061187744
2.5298004150390625
2.5800976753234863
2.4248783588409424
2.72869610786438
2.7826695442199707
2.481027603149414
2.8402719497680664
2.497983932495117
2.596578359603882
2.7053234577178955
2.5425822734832764
2.7474803924560547
2.536295175552368
2.823117971420288
2.4579341411590576
2.8367459774017334
2.4691574573516846
2.7977330684661865
2.500840663909912
2.785144805908203
2.471661329269409
2.7553911209106445
2.7009975910186768
2.7623941898345947
2.5614068508148193
2.613981008529663
2.4212229251861572
2.765834331512451
2.7992405891418457
2.5966379642486572
2.966569662094116
2.6670942306518555
2.5024325847625732
2.7818939685821533
2.5367984771728516
2.8074169158935547
2.570777416229248
2.7201216220855713
2.4551899433135986
2.725949287414551
2.4268012046813965
2.6585445404052734
2.4231925010681152
2.7521045207977295
2.530790328979492
2.7315595149993896
2.8267629146575928
2.8305342197418213
2.5529768466949463
2.5360889434814453
2.4956159591674805
2.669398784637451
2.7261674404144287
2.434319496154785
2.775393009185791
2.570218801498413
2.44059419631958
2.654595375061035
2.438783884048462
2.665281295776367
2.4127118587493896
2.6589503288269043
2.4024837017059326
2.684502601623535
2.413053512573242
2.6560580730438232
2.3890371322631836
2.6481337547302246
2.384521484375
2.601722478866577
2.6354780197143555
2.706754207611084
2.4844441413879395
2.484624147415161
2.459291458129883
2.7142446041107178
2.740746259689331
2.4428534507751465
2.7876346111297607
2.543856620788574
2.4602653980255127
2.692782402038574
2.441361665725708
2.662003993988037
2.435990571975708
2.7454674243927
2.5371177196502686
2.708709955215454
2.4699716567993164
2.7421813011169434
2.4833061695098877
2.7073819637298584
2.4931793212890625
3.6597301959991455
2.7834153175354004
2.853557586669922
2.5868468284606934
2.5686049461364746
2.5241100788116455
2.7305755615234375
2.7209300994873047
2.447899580001831
2.705047130584717
2.4490139484405518
2.443089008331299
