0.0
0.0
0.0
0.0
0.000993490219116211
0.0
0.0
0.0010004043579101562
0.0009984970092773438
0.0
0.00099945068359375
0.000985860824584961
0.0009999275207519531
0.0
0.0009882450103759766
0.0010008811950683594
0.0010077953338623047
0.0010082721710205078
0.0
0.0010006427764892578
0.0
0.0010004043579101562
0.0
0.0
0.0010004043579101562
0.0010023117065429688
0.0009999275207519531
0.0009999275207519531
0.001001596450805664
0.0010013580322265625
0.0009999275207519531
0.0010004043579101562
0.0009965896606445312
0.0009989738464355469
0.0009999275207519531
0.0009992122650146484
0.0010004043579101562
0.0010025501251220703
0.0009834766387939453
0.0010004043579101562
0.00099945068359375
0.0010004043579101562
0.001012563705444336
0.0010001659393310547
0.0010004043579101562
0.0010077953338623047
0.0009613037109375
0.0020029544830322266
0.0010004043579101562
0.0010001659393310547
0.000997781753540039
0.0010020732879638672
0.0010023117065429688
0.0010068416595458984
0.0010123252868652344
0.0010018348693847656
0.002012491226196289
0.0010001659393310547
0.0009875297546386719
0.0020008087158203125
0.0010013580322265625
0.000988006591796875
0.0010013580322265625
0.0019826889038085938
0.0009984970092773438
0.001001119613647461
0.0010013580322265625
0.0020008087158203125
0.00099945068359375
0.0010006427764892578
0.001001119613647461
0.002002716064453125
0.002008676528930664
0.002000570297241211
0.002001047134399414
0.0009932518005371094
0.001988649368286133
0.002148866653442383
0.0009996891021728516
0.001996278762817383
0.0021033287048339844
0.0019996166229248047
0.002000570297241211
0.0019986629486083984
0.0020003318786621094
0.0009884834289550781
0.0009987354278564453
0.0020003318786621094
0.0009999275207519531
0.002000570297241211
0.002012491226196289
0.00099945068359375
0.0020046234130859375
0.0016551017761230469
0.0020012855529785156
0.0020074844360351562
0.0010068416595458984
0.001993417739868164
0.002000093460083008
0.002000093460083008
0.0010004043579101562
0.002001047134399414
0.0010001659393310547
0.0020089149475097656
0.0019996166229248047
0.002001523971557617
0.001981973648071289
0.0019989013671875
0.002001047134399414
0.0020024776458740234
0.0020003318786621094
0.0019996166229248047
0.002000570297241211
0.0020017623901367188
0.003000497817993164
0.0020017623901367188
0.0020928382873535156
0.001988649368286133
0.0030350685119628906
0.002981901168823242
0.0020008087158203125
0.001985311508178711
0.002008676528930664
0.002009153366088867
0.002000570297241211
0.0020017623901367188
0.0020024776458740234
0.0040018558502197266
0.0020008087158203125
0.0030007362365722656
0.003007173538208008
0.0020003318786621094
0.002000093460083008
0.0021119117736816406
0.0019881725311279297
0.003002166748046875
0.0020008087158203125
0.0019876956939697266
0.0020122528076171875
0.002012968063354492
0.002000570297241211
0.0029990673065185547
0.002605915069580078
0.0030117034912109375
0.0030143260955810547
0.003011941909790039
0.0030007362365722656
0.0020079612731933594
0.0020127296447753906
0.001995086669921875
0.0020127296447753906
0.0020017623901367188
0.0019931793212890625
0.002000093460083008
0.0029861927032470703
0.003008127212524414
0.0029904842376708984
0.001987457275390625
0.002989053726196289
0.002010822296142578
0.002994537353515625
0.001999378204345703
0.0019931793212890625
0.0019867420196533203
0.002995729446411133
0.002012491226196289
0.0030024051666259766
0.0030126571655273438
0.0030062198638916016
0.0029816627502441406
0.003008604049682617
0.0030012130737304688
0.0029866695404052734
0.003012418746948242
0.0029942989349365234
0.003000497817993164
0.002000093460083008
0.003020763397216797
0.0029861927032470703
0.002988576889038086
0.003001689910888672
0.0030150413513183594
0.0030074119567871094
0.0030126571655273438
0.0029938220977783203
0.0030202865600585938
0.003003358840942383
0.0030188560485839844
0.0029964447021484375
0.003000497817993164
0.003991842269897461
0.0036203861236572266
0.0029883384704589844
0.0029952526092529297
0.0030057430267333984
0.003000974655151367
0.003008604049682617
0.0030083656311035156
0.0020079612731933594
0.003000974655151367
0.003000497817993164
0.004000663757324219
0.0030007362365722656
0.0039937496185302734
0.003000497817993164
0.00400090217590332
0.003986358642578125
0.00400090217590332
0.0030128955841064453
0.003995656967163086
0.003996133804321289
0.003013134002685547
0.003996372222900391
0.0039958953857421875
0.003999948501586914
0.003989219665527344
0.0030384063720703125
0.0039958953857421875
0.002996683120727539
0.004004001617431641
0.0030002593994140625
0.003986358642578125
0.0040130615234375
0.004007816314697266
0.0029938220977783203
0.0029888153076171875
0.003985404968261719
0.0040130615234375
0.0030105113983154297
0.00400090217590332
0.003993034362792969
0.003991127014160156
0.003007173538208008
0.004001140594482422
0.0039899349212646484
0.003000497817993164
0.004000663757324219
0.0030066967010498047
0.004008293151855469
0.003999233245849609
0.00400233268737793
0.0030007362365722656
0.004998207092285156
0.0039997100830078125
0.00400090217590332
0.004007577896118164
0.004000425338745117
0.0047147274017333984
0.003994464874267578
0.012748241424560547
0.0040013790130615234
0.00400090217590332
0.004007577896118164
0.004374504089355469
0.004001140594482422
0.004000425338745117
0.005000591278076172
0.00500035285949707
0.00488734245300293
0.004267215728759766
0.0040018558502197266
0.003993988037109375
0.00494694709777832
0.00400853157043457
0.0039882659912109375
0.004033803939819336
0.0039942264556884766
0.004008769989013672
0.004994392395019531
0.004000663757324219
0.003996610641479492
0.004006385803222656
0.0049991607666015625
0.004997968673706055
0.004006385803222656
0.004008293151855469
0.005486488342285156
0.004060506820678711
0.0049860477447509766
0.005000114440917969
0.004988908767700195
0.005015373229980469
0.005003213882446289
0.008001089096069336
0.0049893856048583984
0.004981517791748047
0.004994392395019531
0.00500941276550293
0.005002021789550781
0.0050013065338134766
0.00499725341796875
0.0050013065338134766
0.0050013065338134766
0.005002021789550781
0.004627227783203125
0.003998756408691406
0.005002737045288086
0.005000114440917969
0.003987789154052734
0.0050008296966552734
0.005001068115234375
0.005616426467895508
0.00501251220703125
0.005001544952392578
0.005999565124511719
0.0050220489501953125
0.005007743835449219
0.004960775375366211
0.004000425338745117
0.00600123405456543
0.0050013065338134766
0.005196332931518555
0.006001472473144531
0.005007743835449219
0.006002902984619141
0.006001710891723633
0.0050008296966552734
0.004534721374511719
0.0050013065338134766
0.0050013065338134766
0.00499415397644043
0.00500178337097168
0.005003929138183594
0.005000114440917969
