0.0
0.0012373924255371094
0.0016980171203613281
0.0010998249053955078
0.0015931129455566406
0.0015749931335449219
0.00099945068359375
0.0015976428985595703
0.00165557861328125
0.001993894577026367
0.0010263919830322266
0.0010170936584472656
0.0010268688201904297
0.0015532970428466797
0.0010004043579101562
0.0010027885437011719
0.0009987354278564453
0.0005440711975097656
0.0016188621520996094
0.0015461444854736328
0.0015604496002197266
0.0010004043579101562
0.0015096664428710938
0.0020127296447753906
0.0010313987731933594
0.0019884109497070312
0.0020155906677246094
0.002007722854614258
0.0019881725311279297
0.0015304088592529297
0.001644134521484375
0.0019986629486083984
0.0021293163299560547
0.002000570297241211
0.0010306835174560547
0.0020291805267333984
0.00209808349609375
0.0021936893463134766
0.0015554428100585938
0.002085447311401367
0.001544952392578125
0.0019996166229248047
0.001798391342163086
0.0020461082458496094
0.002205371856689453
0.0020537376403808594
0.002810955047607422
0.0020499229431152344
0.0021512508392333984
0.0020890235900878906
0.0025670528411865234
0.0015118122100830078
0.002572774887084961
0.002001047134399414
0.002592325210571289
0.0021736621856689453
0.0020012855529785156
0.0022552013397216797
0.002208709716796875
0.0021665096282958984
0.002068042755126953
0.002063751220703125
0.0021796226501464844
0.0009930133819580078
0.0017852783203125
0.002012491226196289
0.0021004676818847656
0.001506805419921875
0.0021622180938720703
0.0026187896728515625
0.002095460891723633
0.0019960403442382812
0.0025954246520996094
0.0020599365234375
0.002998828887939453
0.0019936561584472656
0.0020885467529296875
0.002857685089111328
0.002082347869873047
0.0025322437286376953
0.0025086402893066406
0.002613544464111328
0.0020737648010253906
0.002048969268798828
0.002001047134399414
0.002056121826171875
0.0025298595428466797
0.0020520687103271484
0.002099275588989258
0.0021042823791503906
0.0038344860076904297
0.002899646759033203
0.001986980438232422
0.002555370330810547
0.0020008087158203125
0.0026595592498779297
0.002580881118774414
0.0025627613067626953
0.0025644302368164062
0.0035703182220458984
0.003643512725830078
0.003000020980834961
0.0026826858520507812
0.0026693344116210938
0.0020008087158203125
0.002145051956176758
0.0032198429107666016
0.0031061172485351562
0.0029993057250976562
0.0020074844360351562
0.0031027793884277344
0.0026273727416992188
0.0025129318237304688
0.0031371116638183594
0.0026128292083740234
0.003000974655151367
0.002011537551879883
0.003000497817993164
0.0040013790130615234
0.0020079612731933594
0.0030090808868408203
0.0019996166229248047
0.002987384796142578
0.003007650375366211
0.001995086669921875
0.003217935562133789
0.0030002593994140625
0.002993345260620117
0.0020074844360351562
0.0030126571655273438
0.0030028820037841797
0.0029997825622558594
0.002995014190673828
0.002995014190673828
0.0030126571655273438
0.0030133724212646484
0.002999544143676758
0.003000974655151367
0.0029821395874023438
0.003000974655151367
0.002542734146118164
0.005719423294067383
0.003000974655151367
0.0030002593994140625
0.003000497817993164
0.0030002593994140625
0.0030028820037841797
0.0030007362365722656
0.003999948501586914
0.002999544143676758
0.003000020980834961
0.0030143260955810547
0.0030019283294677734
0.003000020980834961
0.0029888153076171875
0.003999948501586914
0.0030012130737304688
0.0030074119567871094
0.004002809524536133
0.0030095577239990234
0.0030007362365722656
0.0040018558502197266
0.003999233245849609
0.003000974655151367
0.002998828887939453
0.003000974655151367
0.00301361083984375
0.0030057430267333984
0.0030019283294677734
0.003532886505126953
0.0029990673065185547
0.0030126571655273438
0.003989219665527344
0.002992391586303711
0.0030057430267333984
0.0030303001403808594
0.004000663757324219
0.0030057430267333984
0.00400233268737793
0.004000663757324219
0.004002809524536133
0.004008054733276367
0.0035071372985839844
0.003988027572631836
0.0031890869140625
0.00400090217590332
0.006000995635986328
0.003999948501586914
0.004008769989013672
0.00400233268737793
0.003987789154052734
0.004000186920166016
0.003993034362792969
0.0039920806884765625
0.004001140594482422
0.003995418548583984
0.004205226898193359
0.0040130615234375
0.00400233268737793
0.0039823055267333984
0.00400090217590332
0.00401616096496582
0.004019498825073242
0.00402069091796875
0.003995418548583984
0.00400090217590332
0.0039861202239990234
0.004019498825073242
0.004003286361694336
0.004343986511230469
0.003839731216430664
0.004000663757324219
0.003999948501586914
0.004001617431640625
0.0040476322174072266
0.004014492034912109
0.003990650177001953
0.004002571105957031
0.006490230560302734
0.007002592086791992
0.004704475402832031
0.004000186920166016
0.0040035247802734375
0.0050008296966552734
0.005001068115234375
0.004557609558105469
0.007437467575073242
0.005032539367675781
0.004993915557861328
0.005020856857299805
0.0052182674407958984
0.00493168830871582
0.004994630813598633
0.004997730255126953
0.006000995635986328
0.00501251220703125
0.00500178337097168
0.004008293151855469
0.005008220672607422
0.005002021789550781
0.004995822906494141
0.00482487678527832
0.00500178337097168
0.0050013065338134766
0.005001068115234375
0.004996299743652344
0.004001140594482422
0.0039823055267333984
0.0049860477447509766
0.00501561164855957
0.00500178337097168
0.004995107650756836
0.005001544952392578
0.00500035285949707
0.005990743637084961
0.004002094268798828
0.004981279373168945
0.005021095275878906
0.0050084590911865234
0.00502777099609375
0.004988431930541992
0.0050008296966552734
0.00500178337097168
0.005007505416870117
0.005001068115234375
0.0049877166748046875
0.006008148193359375
0.0050013065338134766
0.004989147186279297
0.005002498626708984
0.005018949508666992
0.0049893856048583984
0.005003929138183594
0.005003929138183594
0.005989789962768555
0.004996061325073242
0.006001472473144531
0.005983591079711914
0.005012989044189453
0.005982160568237305
0.006731986999511719
0.0060214996337890625
0.00500798225402832
0.006012678146362305
0.00600886344909668
0.005982160568237305
0.0060405731201171875
0.0050067901611328125
0.0059814453125
0.006009578704833984
0.005026578903198242
0.006011962890625
0.0070171356201171875
0.00600886344909668
0.0059947967529296875
0.007094860076904297
0.006013631820678711
0.0060083866119384766
0.006302356719970703
0.006999969482421875
0.006008148193359375
0.006021022796630859
0.005984783172607422
0.006016254425048828
0.0070078372955322266
0.006018877029418945
0.007002353668212891
0.007608890533447266
0.00600123405456543
0.007002115249633789
0.006014108657836914
0.007002115249633789
0.006547212600708008
0.006987810134887695
0.007016658782958984
0.007017850875854492
0.006001472473144531
0.006013631820678711
0.0070037841796875
0.007000923156738281
0.006007671356201172
0.006999492645263672
