0.0
0.0009949207305908203
0.0010001659393310547
0.0
0.0010073184967041016
0.0009999275207519531
0.0
0.0010004043579101562
0.0010006427764892578
0.0010149478912353516
0.0009999275207519531
0.0
0.000995635986328125
0.0
0.0010013580322265625
0.0010042190551757812
0.0
0.0010006427764892578
0.0
0.001008749008178711
0.0009849071502685547
0.0009949207305908203
0.0009999275207519531
0.000995635986328125
0.0010066032409667969
0.0010001659393310547
0.0009992122650146484
0.0030028820037841797
0.000997781753540039
0.0010013580322265625
0.0010001659393310547
0.00099945068359375
0.0009996891021728516
0.0010004043579101562
0.0010144710540771484
0.0010008811950683594
0.0
0.002001047134399414
0.0
0.0010006427764892578
0.0010004043579101562
0.000986337661743164
0.0020084381103515625
0.0010006427764892578
0.0010001659393310547
0.0009975433349609375
0.0010008811950683594
0.0010035037994384766
0.0019991397857666016
0.001001596450805664
0.001008749008178711
0.0009925365447998047
0.001005411148071289
0.0010004043579101562
0.000997781753540039
0.0010073184967041016
0.0010061264038085938
0.0010004043579101562
0.0010006427764892578
0.0010013580322265625
0.0009524822235107422
0.0010006427764892578
0.0019998550415039062
0.0020008087158203125
0.002004861831665039
0.002000570297241211
0.001001119613647461
0.0009987354278564453
0.001003265380859375
0.002001523971557617
0.0019986629486083984
0.0019807815551757812
0.0020008087158203125
0.0010023117065429688
0.0019884109497070312
0.0020017623901367188
0.002000093460083008
0.0010008811950683594
0.000997304916381836
0.002029895782470703
0.0019996166229248047
0.0019998550415039062
0.002001523971557617
0.0020003318786621094
0.001993417739868164
0.0016181468963623047
0.0022346973419189453
0.001949310302734375
0.002000570297241211
0.002000570297241211
0.0009999275207519531
0.002001047134399414
0.0019981861114501953
0.0015070438385009766
0.001995086669921875
0.001993417739868164
0.0019922256469726562
0.002000093460083008
0.002000570297241211
0.0019998550415039062
0.001998424530029297
0.0020012855529785156
0.0020003318786621094
0.0020020008087158203
0.0020017623901367188
0.002074718475341797
0.002001523971557617
0.0019996166229248047
0.003000497817993164
0.0030133724212646484
0.0020017623901367188
0.0019998550415039062
0.003001689910888672
0.0020012855529785156
0.0019991397857666016
0.002001523971557617
0.002001047134399414
0.0020055770874023438
0.002012491226196289
0.0020012855529785156
0.0020008087158203125
0.002000093460083008
0.002007722854614258
0.002012491226196289
0.0019991397857666016
0.002008199691772461
0.0020105838775634766
0.0019996166229248047
0.002113819122314453
0.0029997825622558594
0.0020003318786621094
0.0020058155059814453
0.002008199691772461
0.0030059814453125
0.002010822296142578
0.0020003318786621094
0.002995729446411133
0.0020055770874023438
0.0029959678649902344
0.0020122528076171875
0.0029861927032470703
0.003994464874267578
0.002002239227294922
0.002000570297241211
0.0019884109497070312
0.003006458282470703
0.0029990673065185547
0.002012014389038086
0.001993894577026367
0.0030012130737304688
0.0030095577239990234
0.0029888153076171875
0.0020003318786621094
0.0030028820037841797
0.0029947757720947266
0.0020084381103515625
0.0020058155059814453
0.003000974655151367
0.003019571304321289
0.002980470657348633
0.0030202865600585938
0.001980304718017578
0.0019884109497070312
0.002995729446411133
0.002596616744995117
0.0030090808868408203
0.002003908157348633
0.0030090808868408203
0.002012968063354492
0.003000974655151367
0.0020134449005126953
0.002992868423461914
0.0030128955841064453
0.0029888153076171875
0.003000497817993164
0.004000425338745117
0.0030066967010498047
0.003009319305419922
0.003000974655151367
0.002994537353515625
0.0030133724212646484
0.0030052661895751953
0.002996206283569336
0.003000497817993164
0.0029952526092529297
0.003012418746948242
0.002999544143676758
0.004000186920166016
0.0030083656311035156
0.0029993057250976562
0.003001689910888672
0.0030024051666259766
0.0029947757720947266
0.004001617431640625
0.002604246139526367
0.0030028820037841797
0.004002094268798828
0.0030012130737304688
0.004003047943115234
0.0030012130737304688
0.0030002593994140625
0.003000497817993164
0.0029914379119873047
0.005997180938720703
0.00400090217590332
0.002995014190673828
0.0029892921447753906
0.004002094268798828
0.003000020980834961
0.00400233268737793
0.0030012130737304688
0.0035653114318847656
0.0040318965911865234
0.003000974655151367
0.0040090084075927734
0.003000020980834961
0.0029976367950439453
0.003001689910888672
0.003000497817993164
0.0030031204223632812
0.002994537353515625
0.003744363784790039
0.004000186920166016
0.004004001617431641
0.0039980411529541016
0.003995418548583984
0.004001617431640625
0.00400090217590332
0.004001140594482422
0.0030078887939453125
0.002998828887939453
0.004009246826171875
0.004000663757324219
0.004027605056762695
0.003981351852416992
0.00400090217590332
0.004000663757324219
0.004002094268798828
0.0038526058197021484
0.004536151885986328
0.004000663757324219
0.00400996208190918
0.004000663757324219
0.005002737045288086
0.00400090217590332
0.004000186920166016
0.004629850387573242
0.004001140594482422
0.004001617431640625
0.003998279571533203
0.005002021789550781
0.004002094268798828
0.004001140594482422
0.003988981246948242
0.003999948501586914
0.004015922546386719
0.0039861202239990234
0.004003763198852539
0.004007816314697266
0.0039942264556884766
0.004015684127807617
0.0039861202239990234
0.0040302276611328125
0.003978729248046875
0.0040013790130615234
0.004007577896118164
0.0040090084075927734
0.004560708999633789
0.0042285919189453125
0.0049896240234375
0.003982067108154297
0.004007577896118164
0.0049817562103271484
0.005002021789550781
0.0030126571655273438
0.003656148910522461
0.0040111541748046875
0.00399470329284668
0.00600743293762207
0.0039975643157958984
0.004003047943115234
0.004012346267700195
0.0050127506256103516
0.005009174346923828
0.003985166549682617
0.004019975662231445
0.003995656967163086
0.0039958953857421875
0.003982067108154297
0.004000663757324219
0.005001544952392578
0.004990577697753906
0.0039865970611572266
0.005002737045288086
0.0050008296966552734
0.004986763000488281
0.004995107650756836
0.004015445709228516
0.0039937496185302734
0.0050160884857177734
0.003992557525634766
0.003999471664428711
0.0050013065338134766
0.005002260208129883
0.00600123405456543
0.005013704299926758
0.004987478256225586
0.004988908767700195
0.004015922546386719
0.003993511199951172
0.005040645599365234
0.0050013065338134766
0.004008054733276367
0.004001140594482422
0.005007505416870117
0.0049991607666015625
0.00501561164855957
0.0050013065338134766
0.005013704299926758
0.0050089359283447266
0.004988193511962891
0.005026817321777344
0.0059893131256103516
0.00500941276550293
0.005007505416870117
0.004992961883544922
0.006006479263305664
0.004982709884643555
0.004995584487915039
0.004983425140380859
0.006020784378051758
0.005009651184082031
0.00501561164855957
0.004990100860595703
0.005012989044189453
0.004995822906494141
