0.0005331039428710938
0.0010001659393310547
0.0010035037994384766
0.0009982585906982422
0.0020079612731933594
0.001012563705444336
0.0019884109497070312
0.0009999275207519531
0.0010006427764892578
0.0010013580322265625
0.0020012855529785156
0.0011022090911865234
0.0009965896606445312
0.0019996166229248047
0.0009980201721191406
0.0009987354278564453
0.0009999275207519531
0.001714468002319336
0.0009987354278564453
0.0010020732879638672
0.001982450485229492
0.0020008087158203125
0.0007302761077880859
0.001986980438232422
0.0019941329956054688
0.001979827880859375
0.0019998550415039062
0.0010073184967041016
0.0009999275207519531
0.0019996166229248047
0.002001523971557617
0.001012563705444336
0.0019998550415039062
0.0010001659393310547
0.0019965171813964844
0.001998424530029297
0.0025506019592285156
0.0010020732879638672
0.0009810924530029297
0.0015883445739746094
0.0010004043579101562
0.0020012855529785156
0.0019998550415039062
0.0010001659393310547
0.0030019283294677734
0.0016138553619384766
0.0020055770874023438
0.0020711421966552734
0.002000093460083008
0.0020003318786621094
0.0015277862548828125
0.0019817352294921875
0.002000093460083008
0.0020024776458740234
0.002001047134399414
0.0020151138305664062
0.0009987354278564453
0.001999378204345703
0.001979827880859375
0.0020067691802978516
0.0015468597412109375
0.0019991397857666016
0.0020024776458740234
0.000993490219116211
0.001012563705444336
0.001995563507080078
0.002001047134399414
0.0020029544830322266
0.0020008087158203125
0.0029861927032470703
0.0020008087158203125
0.0019884109497070312
0.0020012855529785156
0.0019865036010742188
0.003111124038696289
0.002000570297241211
0.0029888153076171875
0.0019865036010742188
0.0029990673065185547
0.0031931400299072266
0.003020763397216797
0.002007722854614258
0.0019991397857666016
0.002001047134399414
0.0020079612731933594
0.0030074119567871094
0.0020074844360351562
0.0019884109497070312
0.001995086669921875
0.001991748809814453
0.0020012855529785156
0.0019991397857666016
0.0019979476928710938
0.002001047134399414
0.003007173538208008
0.002000570297241211
0.0020084381103515625
0.003951549530029297
0.0019998550415039062
0.003000497817993164
0.002001523971557617
0.0030007362365722656
0.0020008087158203125
0.0020012855529785156
0.0030007362365722656
0.0030024051666259766
0.0029795169830322266
0.0020008087158203125
0.0029990673065185547
0.003000974655151367
0.003007650375366211
0.0032007694244384766
0.0030002593994140625
0.002504110336303711
0.003000497817993164
0.002001523971557617
0.0030007362365722656
0.002009153366088867
0.002008199691772461
0.0019943714141845703
0.003000497817993164
0.002998828887939453
0.0030078887939453125
0.002556324005126953
0.0030014514923095703
0.0029938220977783203
0.0030012130737304688
0.0020067691802978516
0.003012418746948242
0.0030052661895751953
0.003008127212524414
0.0029878616333007812
0.003014802932739258
0.002627849578857422
0.002546548843383789
0.0019922256469726562
0.0030128955841064453
0.0030007362365722656
0.0026199817657470703
0.003000974655151367
0.003000497817993164
0.0030002593994140625
0.0030121803283691406
0.0030128955841064453
0.0030066967010498047
0.004002094268798828
0.002994537353515625
0.004000186920166016
0.002995014190673828
0.0029871463775634766
0.0030007362365722656
0.003317594528198242
0.0030007362365722656
0.0030364990234375
0.0029997825622558594
0.002981424331665039
0.0030088424682617188
0.002985715866088867
0.004000186920166016
0.003994464874267578
0.003000974655151367
0.0029900074005126953
0.0030002593994140625
0.003000497817993164
0.0025768280029296875
0.00299835205078125
0.002999544143676758
0.0039825439453125
0.00400090217590332
0.004002809524536133
0.0029926300048828125
0.0030002593994140625
0.004000663757324219
0.0040013790130615234
0.0040149688720703125
0.003926515579223633
0.0040090084075927734
0.003515005111694336
0.003594636917114258
0.003003358840942383
0.0050013065338134766
0.003996372222900391
0.0040013790130615234
0.003986358642578125
0.003002166748046875
0.004000425338745117
0.0030117034912109375
0.003980398178100586
0.0029883384704589844
0.004001140594482422
0.004001617431640625
0.00400233268737793
0.0040073394775390625
0.0040166378021240234
0.004004001617431641
0.004001140594482422
0.0029997825622558594
0.004000186920166016
0.004021167755126953
0.0039975643157958984
0.003993034362792969
0.004000663757324219
0.0030014514923095703
0.005000591278076172
0.00400853157043457
0.004990577697753906
0.003981828689575195
0.004000425338745117
0.003989219665527344
0.0030198097229003906
0.003998994827270508
0.00400233268737793
0.0050089359283447266
0.004998445510864258
0.0040013790130615234
0.00400090217590332
0.004004478454589844
0.004995584487915039
0.0040056705474853516
0.004002094268798828
0.003993511199951172
0.004002094268798828
0.003988981246948242
0.0050013065338134766
0.0035140514373779297
0.0041964054107666016
0.004998683929443359
0.003988981246948242
0.0050008296966552734
0.004010200500488281
0.0040013790130615234
0.005007743835449219
0.004018545150756836
0.0049860477447509766
0.0050144195556640625
0.003998756408691406
0.004001140594482422
0.0050029754638671875
0.0050008296966552734
0.005006313323974609
0.00500178337097168
0.00500798225402832
0.00500178337097168
0.0039975643157958984
0.004999399185180664
0.003986358642578125
0.005002260208129883
0.003997087478637695
0.004999399185180664
0.004003763198852539
0.005460977554321289
0.006188392639160156
0.004994392395019531
0.005003690719604492
0.0059947967529296875
0.005002260208129883
0.0050089359283447266
0.006002902984619141
0.004999399185180664
0.004999876022338867
0.0060007572174072266
0.005017280578613281
0.0059947967529296875
0.005015134811401367
0.0039942264556884766
0.005021333694458008
0.005001068115234375
0.005002737045288086
0.005033254623413086
0.0050029754638671875
0.004994392395019531
0.004999637603759766
0.005003452301025391
0.0070018768310546875
0.005001068115234375
0.005008697509765625
0.005001068115234375
0.005001544952392578
0.0050046443939208984
0.0050144195556640625
0.0050160884857177734
0.005044221878051758
0.006001472473144531
0.005018472671508789
0.0059664249420166016
0.00600123405456543
0.0050013065338134766
0.006021976470947266
0.005006074905395508
0.005002021789550781
0.005324840545654297
0.0059871673583984375
0.005439043045043945
0.005013227462768555
0.006002187728881836
0.006001710891723633
0.0050203800201416016
0.005000114440917969
0.00570368766784668
0.004988908767700195
0.006000518798828125
0.006020784378051758
0.0055217742919921875
0.006001472473144531
0.00597691535949707
0.004981040954589844
0.005008220672607422
0.004996061325073242
0.006013393402099609
0.0050013065338134766
0.005020618438720703
0.005997896194458008
0.006001472473144531
0.006001710891723633
0.006001949310302734
0.006014823913574219
0.005999326705932617
0.0060002803802490234
0.004999399185180664
0.005900859832763672
0.006015777587890625
0.006020545959472656
0.00500941276550293
0.00604701042175293
0.005000591278076172
0.008001565933227539
0.005999565124511719
0.007002592086791992
0.006000995635986328
0.006002187728881836
0.006000518798828125
0.006003618240356445
0.007001399993896484
0.007002592086791992
0.0070078372955322266
0.005995750427246094
0.006999969482421875
0.0060079097747802734
0.008007049560546875
0.006994009017944336
0.005982875823974609
0.006026268005371094
0.006989717483520508
0.0060138702392578125
0.006015777587890625
