0.010003328323364258
0.008016109466552734
0.022108078002929688
0.010002613067626953
0.010040283203125
0.009002447128295898
0.009001016616821289
0.008597612380981445
0.010001420974731445
0.01400136947631836
0.009001493453979492
0.011004209518432617
0.010003089904785156
0.01006317138671875
0.010003089904785156
0.010001182556152344
0.009002447128295898
0.010461568832397461
0.036989450454711914
0.013880729675292969
0.009000301361083984
0.008001565933227539
0.011001348495483398
0.009004592895507812
0.009009838104248047
0.009454965591430664
0.007996559143066406
0.009011030197143555
0.011003494262695312
0.008275270462036133
0.009002208709716797
0.009987115859985352
0.00800180435180664
0.007996320724487305
0.00900125503540039
0.014002323150634766
0.009002447128295898
0.008008718490600586
0.0075643062591552734
0.021986961364746094
0.00901031494140625
0.009003877639770508
0.010002374649047852
0.009548425674438477
0.00970911979675293
0.01000213623046875
0.012833595275878906
0.010017633438110352
0.009003400802612305
0.010001897811889648
0.010001897811889648
0.010007143020629883
0.008090019226074219
0.009541749954223633
0.037682533264160156
0.00853276252746582
0.009199380874633789
0.010009765625
0.009001970291137695
0.010521411895751953
0.010169506072998047
0.008987665176391602
0.010013818740844727
0.009988546371459961
0.008008480072021484
0.009023427963256836
0.008982181549072266
0.01000666618347168
0.009000301361083984
0.009002208709716797
0.008032560348510742
0.00960087776184082
0.008989810943603516
0.008983850479125977
0.007020235061645508
0.01000356674194336
0.007990360260009766
0.007987737655639648
0.009002923965454102
0.023772716522216797
0.009021759033203125
0.010992765426635742
0.00999593734741211
0.009983301162719727
0.009002685546875
0.010010719299316406
0.008056640625
0.008003711700439453
0.00801396369934082
0.008002042770385742
0.00901031494140625
0.010002613067626953
0.008981943130493164
0.009008407592773438
0.008253097534179688
0.010007381439208984
0.009016036987304688
0.009012699127197266
0.009984016418457031
0.009007930755615234
0.010994911193847656
0.010229825973510742
0.008994340896606445
0.010010480880737305
0.008996725082397461
0.008524656295776367
0.00899505615234375
0.009524822235107422
0.009002923965454102
0.008825540542602539
0.008967399597167969
0.009009361267089844
0.010001897811889648
0.008525609970092773
0.00951242446899414
0.009020566940307617
0.01056051254272461
0.009001493453979492
0.00800180435180664
0.010004997253417969
0.0206451416015625
0.009001016616821289
0.008996963500976562
0.00970005989074707
0.01000356674194336
0.008002758026123047
0.009021759033203125
0.009855985641479492
0.009511232376098633
0.010613203048706055
0.009567499160766602
0.008996963500976562
0.009009838104248047
0.00900721549987793
0.009629487991333008
0.010002613067626953
0.00904989242553711
0.010002613067626953
0.010022163391113281
0.009009838104248047
0.010555267333984375
0.008996009826660156
0.009002447128295898
0.009990215301513672
0.01001739501953125
0.010983467102050781
0.010991096496582031
0.0090484619140625
0.010001182556152344
0.01001119613647461
0.008986711502075195
0.00891256332397461
0.009001731872558594
0.009006261825561523
0.009994983673095703
0.009016275405883789
0.008000850677490234
0.008994817733764648
0.008524656295776367
0.008364439010620117
0.009063959121704102
0.009528875350952148
0.013738393783569336
0.00900721549987793
0.009999752044677734
0.00996541976928711
0.010004043579101562
0.010002613067626953
0.010236024856567383
0.009009599685668945
0.02015852928161621
0.009563922882080078
0.01000356674194336
0.007999420166015625
0.008989810943603516
0.010002374649047852
0.009996175765991211
0.01000356674194336
0.009374380111694336
0.009002923965454102
0.009001016616821289
0.010002374649047852
0.009014129638671875
0.008982658386230469
0.01000213623046875
0.008996009826660156
0.009015798568725586
0.010002613067626953
0.009560108184814453
0.010004997253417969
0.009544610977172852
0.009001493453979492
0.00899052619934082
0.009142398834228516
0.008981466293334961
0.01001429557800293
0.00900125503540039
0.011010408401489258
0.010002613067626953
0.00902104377746582
0.009545087814331055
0.009043455123901367
0.00902247428894043
0.009999752044677734
0.012996673583984375
0.009781360626220703
0.009002208709716797
0.009002208709716797
0.009008407592773438
0.009999275207519531
0.00900411605834961
0.010101079940795898
0.020664453506469727
0.010240316390991211
0.00901651382446289
0.009001493453979492
0.009001731872558594
0.02100539207458496
0.008002281188964844
0.037008047103881836
0.012665987014770508
0.020996809005737305
0.008020162582397461
0.011527776718139648
0.021024703979492188
0.010001897811889648
0.008910894393920898
0.008016824722290039
0.009009122848510742
0.008994340896606445
0.0200197696685791
0.011003971099853516
0.009003400802612305
0.008021831512451172
0.010001897811889648
0.010001420974731445
0.009996652603149414
0.009002447128295898
0.009005069732666016
0.009767532348632812
0.010002851486206055
0.011002779006958008
0.010004997253417969
0.01001882553100586
0.01100301742553711
0.009003877639770508
0.01001596450805664
0.0140228271484375
0.03600883483886719
0.010984420776367188
0.010002374649047852
0.010522842407226562
0.010003805160522461
0.013003826141357422
0.009639739990234375
0.009983301162719727
0.009389400482177734
0.010562658309936523
0.00800323486328125
0.00888967514038086
0.009001731872558594
0.008981943130493164
0.008102655410766602
0.009020090103149414
0.009001731872558594
0.008990049362182617
0.008013486862182617
0.008994579315185547
0.00900125503540039
0.008996248245239258
0.009000062942504883
0.009001016616821289
0.008002042770385742
0.009001970291137695
0.009531736373901367
0.008606672286987305
0.008645296096801758
0.009006261825561523
0.008993148803710938
0.007982492446899414
0.009991884231567383
0.008136749267578125
0.008021831512451172
0.008459329605102539
0.009008407592773438
0.008001327514648438
0.008013010025024414
0.009000539779663086
0.009016752243041992
0.008000612258911133
0.009764432907104492
0.00801396369934082
0.00899648666381836
0.009021759033203125
0.009002447128295898
0.009124994277954102
0.008990287780761719
0.009152650833129883
0.009000778198242188
0.008003711700439453
0.009007453918457031
0.009990692138671875
0.008668899536132812
0.008008241653442383
0.008008718490600586
0.008001327514648438
0.009013175964355469
0.008021831512451172
0.00899505615234375
0.007982969284057617
0.007987499237060547
0.008002758026123047
0.00800180435180664
0.009000778198242188
0.008059024810791016
0.008539438247680664
0.008001089096069336
0.008989334106445312
0.007999420166015625
0.009003877639770508
0.008993148803710938
0.009001731872558594
0.00800180435180664
0.009026527404785156
0.009022235870361328
0.009002923965454102
0.008980035781860352
0.008002519607543945
0.008986473083496094
0.009519815444946289
0.009002208709716797
0.009000778198242188
0.009001731872558594
0.009001493453979492
0.009001731872558594
0.014505863189697266
0.009002923965454102
0.01279449462890625
0.009001970291137695
0.009023904800415039
0.008013725280761719
0.01002049446105957
0.009021520614624023
0.00912785530090332
0.008996963500976562
