2.6934702396392822
2.8179216384887695
2.741093397140503
2.5620806217193604
2.7529985904693604
2.807913303375244
2.777122735977173
3.1161580085754395
2.69789981842041
2.6913366317749023
2.602609395980835
2.7533833980560303
2.8087527751922607
2.7906501293182373
2.5909554958343506
2.683467388153076
2.5944323539733887
2.6836023330688477
2.7472195625305176
2.426638603210449
2.6239960193634033
2.626692533493042
2.637120246887207
2.655176877975464
2.6203975677490234
2.7334420680999756
2.800748586654663
2.722630739212036
2.6989667415618896
2.6306240558624268
2.6141645908355713
2.7118170261383057
2.7338311672210693
2.832911968231201
2.7144663333892822
2.93232798576355
2.8436920642852783
2.8711206912994385
2.6838042736053467
2.8105528354644775
2.635097026824951
2.818403959274292
2.5497944355010986
2.6657650470733643
2.602996587753296
2.7954390048980713
2.66017484664917
2.651209592819214
2.6760621070861816
2.619333505630493
2.744145631790161
2.706674337387085
2.7557785511016846
2.5854430198669434
2.7271852493286133
2.572763442993164
2.7384836673736572
2.7425217628479004
2.4559648036956787
2.643550157546997
2.664024829864502
2.686291217803955
2.754836082458496
2.776851177215576
2.855842113494873
2.7788569927215576
2.8292205333709717
2.779651403427124
2.583296298980713
2.6691269874572754
2.7488486766815186
2.655885934829712
2.657569169998169
2.638655662536621
2.60129976272583
2.708949327468872
2.80366587638855
2.6478028297424316
2.597231864929199
2.800825595855713
2.6923437118530273
2.548590660095215
2.717197895050049
2.7142932415008545
2.722788095474243
2.6797618865966797
2.7690348625183105
2.6640634536743164
2.669440507888794
2.7332262992858887
2.5821149349212646
2.6222445964813232
2.7442374229431152
2.6759300231933594
2.6863391399383545
2.7160816192626953
2.559828996658325
2.6529858112335205
2.7075414657592773
2.837798833847046
2.6042776107788086
2.7728402614593506
2.627593517303467
2.7515406608581543
2.8308773040771484
2.4699888229370117
2.6603262424468994
2.7519075870513916
2.714423894882202
2.725863218307495
2.741853952407837
2.8394854068756104
2.712562084197998
2.7089760303497314
2.7935922145843506
2.687790870666504
2.807141065597534
2.795912742614746
2.63374924659729
2.64595365524292
2.7473127841949463
2.6291756629943848
2.6614840030670166
2.7835819721221924
2.6784560680389404
2.7843589782714844
2.8705973625183105
2.7829718589782715
2.5776400566101074
2.863624334335327
2.8614401817321777
2.8748998641967773
2.800243616104126
2.8414971828460693
2.665314197540283
2.6519041061401367
2.67553973197937
2.5382304191589355
2.6267995834350586
2.7628729343414307
2.6390535831451416
2.6379499435424805
2.6767499446868896
2.547713041305542
2.6543221473693848
2.6343233585357666
2.731825351715088
2.5889663696289062
2.7246532440185547
2.591031551361084
2.7226760387420654
2.7635462284088135
2.454810857772827
2.6585865020751953
2.6499645709991455
2.6538517475128174
2.6966402530670166
2.633730888366699
2.7179574966430664
2.627533435821533
2.6378750801086426
2.647559881210327
2.5566394329071045
2.6302096843719482
2.7322804927825928
2.6445717811584473
2.6520183086395264
2.6642253398895264
2.5663774013519287
2.6653339862823486
2.7847979068756104
2.638371229171753
2.6125478744506836
2.7714715003967285
2.642272472381592
2.482248306274414
2.6630327701568604
2.663966417312622
2.6856565475463867
2.631736993789673
2.729050874710083
2.62587833404541
2.6457457542419434
2.656931161880493
2.5572354793548584
2.6461009979248047
2.7782793045043945
2.5645978450775146
2.743487596511841
2.55352783203125
2.7475574016571045
2.5965731143951416
2.668755531311035
2.647650718688965
2.7333550453186035
2.643704414367676
2.661884307861328
2.6683461666107178
2.5371615886688232
2.641680955886841
2.7978694438934326
2.614457368850708
2.575557231903076
2.7345588207244873
2.645219564437866
2.448059558868408
2.682966947555542
2.6901493072509766
2.694347620010376
2.6386282444000244
2.7398521900177
2.6591427326202393
2.653355360031128
2.7144553661346436
2.5557494163513184
2.6571130752563477
2.777676820755005
2.574014186859131
2.718920946121216
2.560417413711548
2.7125680446624756
2.547664165496826
2.805034875869751
2.6582608222961426
2.731900215148926
2.6384472846984863
2.665623664855957
2.6778814792633057
2.5515458583831787
2.6540470123291016
2.9088728427886963
2.684668779373169
2.62927508354187
2.7908971309661865
2.6464343070983887
2.501572608947754
2.673746109008789
2.7294318675994873
2.7789735794067383
2.7583441734313965
2.828774929046631
2.7857894897460938
2.7961835861206055
2.7889420986175537
2.6574952602386475
2.7137579917907715
2.829831123352051
2.7632877826690674
2.9529221057891846
2.8756802082061768
3.0717403888702393
2.658036708831787
2.761474609375
2.8032944202423096
2.9061105251312256
2.9479095935821533
2.7929365634918213
2.7652220726013184
2.775571584701538
2.9857614040374756
2.9171855449676514
2.8661201000213623
3.0255253314971924
2.8809080123901367
2.6833717823028564
2.4706249237060547
2.7220425605773926
2.8147778511047363
2.7769126892089844
2.756159782409668
2.8725051879882812
2.807732105255127
2.844871997833252
2.744814157485962
2.5847535133361816
2.707442045211792
2.8539416790008545
2.641942024230957
2.8050694465637207
2.6600825786590576
2.7513961791992188
2.5869810581207275
2.667117118835449
2.688035011291504
2.746999502182007
2.6593563556671143
2.6839759349823
2.697922945022583
2.7193572521209717
2.8020379543304443
2.9200637340545654
2.6869306564331055
2.654430389404297
2.8340189456939697
2.748527765274048
2.7189860343933105
2.7399675846099854
2.788686752319336
2.8008415699005127
2.7610297203063965
2.8442728519439697
2.7118475437164307
2.7946248054504395
2.885718822479248
2.752902030944824
2.7562668323516846
2.837045907974243
2.6676573753356934
2.8313260078430176
2.7260215282440186
3.02424693107605
2.6657350063323975
2.8200490474700928
2.961988687515259
2.8500044345855713
2.7863049507141113
2.8386611938476562
2.7576756477355957
2.592601776123047
2.707984447479248
2.8354034423828125
2.6215755939483643
2.732595443725586
2.9548094272613525
