0.010003328323364258
0.00800013542175293
0.02100515365600586
0.008982419967651367
0.00902104377746582
0.008999109268188477
0.009982824325561523
0.010001420974731445
0.010001659393310547
0.010003089904785156
0.009021282196044922
0.009013175964355469
0.010002613067626953
0.009622573852539062
0.00901937484741211
0.009013891220092773
0.007996320724487305
0.009001970291137695
0.03300762176513672
0.009015798568725586
0.009011507034301758
0.008383750915527344
0.009989500045776367
0.009021520614624023
0.009002685546875
0.00899362564086914
0.008002996444702148
0.008996963500976562
0.009001493453979492
0.00900125503540039
0.008013248443603516
0.009007453918457031
0.008001327514648438
0.00776362419128418
0.010004043579101562
0.009536027908325195
0.008000373840332031
0.008466720581054688
0.007981538772583008
0.021004676818847656
0.009001970291137695
0.007526397705078125
0.009007692337036133
0.009002685546875
0.008578062057495117
0.009017705917358398
0.008002519607543945
0.008994817733764648
0.008881330490112305
0.009000062942504883
0.008000850677490234
0.008002519607543945
0.009001016616821289
0.009021997451782227
0.009021520614624023
0.009008169174194336
0.009001731872558594
0.010009527206420898
0.008012533187866211
0.008009672164916992
0.008021354675292969
0.009007692337036133
0.010002374649047852
0.00900125503540039
0.008988142013549805
0.009001731872558594
0.010982513427734375
0.008000612258911133
0.01000213623046875
0.008016824722290039
0.00800013542175293
0.009003162384033203
0.0190737247467041
0.007995367050170898
0.009943723678588867
0.008996963500976562
0.0089874267578125
0.009002447128295898
0.008159637451171875
0.008240222930908203
0.00801849365234375
0.009999990463256836
0.009003400802612305
0.00900721549987793
0.008995294570922852
0.008116006851196289
0.009000539779663086
0.008984565734863281
0.010002374649047852
0.009003877639770508
0.010608673095703125
0.008020401000976562
0.007999897003173828
0.010002374649047852
0.009652137756347656
0.008003473281860352
0.009016275405883789
0.009009361267089844
0.00898289680480957
0.008990287780761719
0.00899505615234375
0.008983135223388672
0.009021997451782227
0.009993791580200195
0.009003162384033203
0.007994651794433594
0.009021759033203125
0.020531654357910156
0.009022235870361328
0.009001970291137695
0.007990121841430664
0.009003639221191406
0.009000778198242188
0.010005950927734375
0.009001970291137695
0.009004354476928711
0.009000539779663086
0.008016109466552734
0.01000213623046875
0.010009527206420898
0.009002208709716797
0.00999903678894043
0.009003877639770508
0.008997201919555664
0.011003732681274414
0.009000778198242188
0.010003089904785156
0.009584665298461914
0.009105205535888672
0.00900125503540039
0.008995532989501953
0.010001659393310547
0.009021997451782227
0.009003400802612305
0.008995294570922852
0.007989883422851562
0.009995222091674805
0.012996435165405273
0.009008169174194336
0.007988691329956055
0.008533477783203125
0.009009838104248047
0.008990287780761719
0.009009599685668945
0.009142875671386719
0.008002519607543945
0.010148286819458008
0.008017301559448242
0.008000612258911133
0.008007287979125977
0.00900888442993164
0.00898885726928711
0.009990215301513672
0.008981704711914062
0.009002685546875
0.009031534194946289
0.009001016616821289
0.009987592697143555
0.01000213623046875
0.00902104377746582
0.009589195251464844
0.009003877639770508
0.011010408401489258
0.00900721549987793
0.009001970291137695
0.00902700424194336
0.008995771408081055
0.008981943130493164
0.010990142822265625
0.01100778579711914
0.009009838104248047
0.008000850677490234
0.009996175765991211
0.010016202926635742
0.00900888442993164
0.010002374649047852
0.009016990661621094
0.00799703598022461
0.009001970291137695
0.008000612258911133
0.008998394012451172
0.007993698120117188
0.008021116256713867
0.007987737655639648
0.007990121841430664
0.009002208709716797
0.020009517669677734
0.010987520217895508
0.009984016418457031
0.009013652801513672
0.009001970291137695
0.00799417495727539
0.008989810943603516
0.010003328323364258
0.007982254028320312
0.009020566940307617
0.008000850677490234
0.009982585906982422
0.009021759033203125
0.009009838104248047
0.009001731872558594
0.009006977081298828
0.009013652801513672
0.010071039199829102
0.009994745254516602
0.00950932502746582
0.007982730865478516
0.009008646011352539
0.009001970291137695
0.007996559143066406
0.00800013542175293
0.00899052619934082
0.00902247428894043
0.009001731872558594
0.009013891220092773
0.007994413375854492
0.008091211318969727
0.00899505615234375
0.009002447128295898
0.009995698928833008
0.00901937484741211
0.008322954177856445
0.009021520614624023
0.008993864059448242
0.01005697250366211
0.008003711700439453
0.009039878845214844
0.020004749298095703
0.009984970092773438
0.008088827133178711
0.011996984481811523
0.010236740112304688
0.00958395004272461
0.008021116256713867
0.007997751235961914
0.01998615264892578
0.008996248245239258
0.008467912673950195
0.009015321731567383
0.009002923965454102
0.009001970291137695
0.009002923965454102
0.0075435638427734375
0.008012533187866211
0.008000373840332031
0.00800466537475586
0.00800013542175293
0.010003328323364258
0.010547399520874023
0.008443593978881836
0.008993864059448242
0.008001089096069336
0.008989810943603516
0.008001327514648438
0.009002685546875
0.03502178192138672
0.008001565933227539
0.007994890213012695
0.009146451950073242
0.0089111328125
0.010016679763793945
0.010015726089477539
0.01000356674194336
0.009008646011352539
0.009995222091674805
0.008052349090576172
0.008004188537597656
0.008549928665161133
0.008981466293334961
0.009521484375
0.009001731872558594
0.009001493453979492
0.009002685546875
0.008994817733764648
0.009002447128295898
0.008981466293334961
0.009999513626098633
0.010202646255493164
0.00902104377746582
0.010001182556152344
0.007993459701538086
0.008021116256713867
0.00902104377746582
0.009999513626098633
0.008007526397705078
0.011995315551757812
0.007996320724487305
0.008015871047973633
0.010057449340820312
0.009014368057250977
0.009002208709716797
0.008587121963500977
0.009001731872558594
0.008002042770385742
0.007546901702880859
0.010043144226074219
0.009001016616821289
0.00800180435180664
0.008990049362182617
0.008002519607543945
0.009001016616821289
0.010002374649047852
0.010519742965698242
0.011003255844116211
0.01000356674194336
0.008996725082397461
0.009996175765991211
0.019912004470825195
0.008002042770385742
0.00800180435180664
0.011002063751220703
0.00922393798828125
0.011003255844116211
0.009010076522827148
0.009200096130371094
0.010004520416259766
0.008994579315185547
0.009020805358886719
0.007992982864379883
0.009009599685668945
0.009557485580444336
0.008777379989624023
0.007996797561645508
0.00900888442993164
