2.34234619140625
2.601116895675659
2.553330659866333
2.7448086738586426
2.476227045059204
2.4373252391815186
2.3508973121643066
2.6523478031158447
2.6225411891937256
2.377159595489502
2.7059378623962402
2.5008420944213867
2.4404993057250977
2.7369801998138428
2.482210636138916
2.6616671085357666
2.3841934204101562
2.7287652492523193
2.511730909347534
2.7071685791015625
2.657344341278076
2.692941427230835
2.774052381515503
2.8595709800720215
2.522534132003784
2.423074960708618
2.4854254722595215
2.6222410202026367
2.7829277515411377
2.429288387298584
2.65230131149292
2.5167791843414307
2.4582228660583496
2.6655070781707764
2.4016847610473633
2.7931830883026123
2.473278284072876
2.6187660694122314
2.3584957122802734
2.6702096462249756
2.48374342918396
2.65543270111084
2.443476915359497
2.7033603191375732
2.4827017784118652
2.742689371109009
2.7010912895202637
2.75300931930542
2.5914528369903564
2.4475791454315186
2.41361927986145
2.7463691234588623
2.7220795154571533
2.4872920513153076
2.7272849082946777
2.400320053100586
2.3608529567718506
2.6086466312408447
2.345557689666748
2.6190009117126465
2.3628132343292236
2.624492883682251
2.3387770652770996
2.6134085655212402
2.3694286346435547
2.6063570976257324
2.334047555923462
2.600156307220459
2.3060317039489746
2.5596630573272705
2.574260950088501
2.63545298576355
2.393542528152466
2.3613624572753906
2.33463978767395
2.5548110008239746
2.607147216796875
2.359753370285034
2.71304988861084
2.4690897464752197
2.4591293334960938
2.648183822631836
2.3789331912994385
2.663745164871216
2.3779990673065186
2.6771395206451416
2.541933536529541
2.6019985675811768
2.337989568710327
2.586993932723999
2.349910259246826
2.6140055656433105
2.3240888118743896
2.5651917457580566
2.585465908050537
2.632028818130493
2.3700976371765137
2.3773059844970703
2.3296477794647217
2.5476090908050537
2.629927635192871
2.3670196533203125
2.6104118824005127
2.4288806915283203
2.3478729724884033
2.5946056842803955
2.3316643238067627
2.65895938873291
2.388911485671997
2.7095468044281006
2.4316225051879883
2.7942047119140625
2.412890911102295
2.75148868560791
2.4357283115386963
2.680417537689209
2.3842432498931885
2.5867862701416016
2.6455228328704834
2.7713980674743652
2.489957809448242
2.6094725131988525
2.479987859725952
2.898038148880005
2.8267581462860107
2.440227746963501
2.675996780395508
2.3986904621124268
2.369868516921997
2.618227958679199
2.3521971702575684
2.580273389816284
2.3482580184936523
2.6258909702301025
2.3296899795532227
2.6135334968566895
2.3467161655426025
2.645909547805786
2.3919453620910645
2.6771109104156494
2.498727798461914
2.6152586936950684
2.5850110054016113
2.653773307800293
2.3790440559387207
2.372999906539917
2.3242647647857666
2.551576852798462
2.600163459777832
2.366647481918335
2.6310737133026123
2.416165828704834
2.345524787902832
2.6036877632141113
2.3591318130493164
2.592198371887207
2.4278087615966797
2.6665267944335938
2.4353256225585938
2.6048779487609863
2.3734519481658936
2.6676807403564453
2.4292550086975098
2.7276926040649414
2.3979461193084717
2.6219890117645264
2.6408159732818604
2.7183117866516113
2.455227851867676
2.4109692573547363
2.360491991043091
2.5976555347442627
2.660393714904785
2.3979222774505615
2.684093475341797
2.686150312423706
2.432422161102295
2.699247121810913
2.43326735496521
2.7157833576202393
2.3881900310516357
2.656247615814209
2.3898563385009766
2.69339919090271
2.3990225791931152
2.627385139465332
2.3861327171325684
2.6326751708984375
2.3459534645080566
2.5918400287628174
2.6497981548309326
2.6785149574279785
2.4098196029663086
2.400196075439453
2.361579418182373
2.6128852367401123
2.705132007598877
2.4768598079681396
2.6753644943237305
2.574808359146118
2.368435859680176
2.6431772708892822
2.444658041000366
2.6898396015167236
2.423558235168457
2.725062131881714
2.41884708404541
2.7707359790802
2.3806378841400146
2.7459042072296143
2.3793208599090576
2.739928960800171
2.3613083362579346
2.6473772525787354
2.654338836669922
2.8262526988983154
2.475588321685791
2.4836843013763428
2.412128448486328
2.642387628555298
2.744744300842285
2.4273324012756348
2.8061110973358154
2.4258320331573486
2.456799030303955
2.642695665359497
2.4840710163116455
2.6308987140655518
2.501394510269165
2.66341495513916
2.4547345638275146
2.712477207183838
2.4087467193603516
2.783597946166992
2.3867828845977783
2.722053289413452
2.367488384246826
2.6463065147399902
2.6500232219696045
2.7468857765197754
2.4632017612457275
2.5154638290405273
2.3608627319335938
2.6646318435668945
2.715653896331787
2.419485092163086
2.7757115364074707
2.43095326423645
2.5070083141326904
2.6393280029296875
2.4782700538635254
2.6772701740264893
2.4722723960876465
2.7530999183654785
2.3929951190948486
2.7727484703063965
2.4055802822113037
2.7310380935668945
2.4388270378112793
2.7211358547210693
2.405493974685669
2.6943817138671875
2.6388821601867676
2.7005741596221924
2.498544454574585
2.5524110794067383
2.3596160411834717
2.7023067474365234
2.7371878623962402
2.533628463745117
2.9025559425354004
2.603360891342163
2.439411163330078
2.7078747749328613
2.4747164249420166
2.7423548698425293
2.508195400238037
2.6581151485443115
2.391183853149414
2.6647074222564697
2.363237142562866
2.597196102142334
2.360314130783081
2.69061541557312
2.466783046722412
2.666008234024048
2.765653371810913
2.768502950668335
2.4889135360717773
2.4699654579162598
2.4298999309539795
2.608309507369995
2.6634068489074707
2.372285842895508
2.703376293182373
2.50709867477417
2.378580331802368
2.5914177894592285
2.374387741088867
2.6042604446411133
2.3506922721862793
2.59586763381958
2.3392956256866455
2.6219489574432373
2.351598024368286
2.593944787979126
2.3238885402679443
2.584672689437866
2.322495698928833
2.539668560028076
2.5733389854431152
2.643739700317383
2.4224491119384766
2.4216113090515137
2.397164821624756
2.649685859680176
2.675074815750122
2.379856586456299
2.724080801010132
2.4800407886505127
2.396245002746582
2.6300106048583984
2.378551959991455
2.597916603088379
2.3719754219055176
2.6774513721466064
2.4683940410614014
2.6436941623687744
2.4069530963897705
2.676647901535034
2.416761636734009
2.6408255100250244
2.4281649589538574
3.5921213626861572
2.7169573307037354
2.7743101119995117
2.5218396186828613
2.4993879795074463
2.458442449569702
2.664560317993164
2.6579225063323975
2.382192850112915
2.6400249004364014
2.384725332260132
2.379079818725586
