0.009010076522827148
0.008014202117919922
0.021997928619384766
0.010998249053955078
0.00899362564086914
0.009982824325561523
0.008990764617919922
0.009001970291137695
0.009001731872558594
0.008998394012451172
0.009001970291137695
0.010291337966918945
0.010003089904785156
0.008544683456420898
0.009008169174194336
0.00899362564086914
0.008021116256713867
0.010013103485107422
0.033995628356933594
0.009014129638671875
0.009995698928833008
0.009005546569824219
0.009017705917358398
0.009011983871459961
0.009000062942504883
0.009989738464355469
0.009002208709716797
0.017004013061523438
0.010002613067626953
0.009001493453979492
0.008012533187866211
0.010002613067626953
0.008016347885131836
0.007792949676513672
0.009995222091674805
0.010010480880737305
0.008879899978637695
0.009002447128295898
0.00876617431640625
0.024005889892578125
0.00951528549194336
0.009002685546875
0.009700775146484375
0.011046409606933594
0.009002447128295898
0.00899505615234375
0.00898289680480957
0.010004997253417969
0.01001596450805664
0.010001897811889648
0.00900411605834961
0.009983062744140625
0.009008646011352539
0.009003877639770508
0.03594613075256348
0.009039640426635742
0.010001420974731445
0.009652376174926758
0.009011507034301758
0.00901031494140625
0.01090860366821289
0.008765935897827148
0.011098146438598633
0.010145187377929688
0.00857686996459961
0.009002208709716797
0.012003660202026367
0.009995460510253906
0.009999752044677734
0.011064291000366211
0.009003400802612305
0.010009050369262695
0.010172843933105469
0.009009838104248047
0.009009838104248047
0.009000778198242188
0.009003877639770508
0.009002447128295898
0.010000467300415039
0.021004199981689453
0.009988784790039062
0.01001739501953125
0.01000213623046875
0.009052515029907227
0.009003400802612305
0.010373115539550781
0.010885477066040039
0.009615659713745117
0.009004592895507812
0.009002208709716797
0.009982824325561523
0.010531187057495117
0.010002374649047852
0.010001420974731445
0.007997989654541016
0.010014057159423828
0.009038448333740234
0.010005950927734375
0.010003805160522461
0.010001420974731445
0.011002779006958008
0.009538650512695312
0.009001731872558594
0.010004758834838867
0.010002374649047852
0.012990951538085938
0.010002374649047852
0.010002851486206055
0.010001420974731445
0.010002613067626953
0.01000070571899414
0.010007619857788086
0.009999752044677734
0.008003711700439453
0.010001420974731445
0.009003877639770508
0.01000213623046875
0.011002302169799805
0.008565664291381836
0.010002613067626953
0.022011280059814453
0.010004043579101562
0.010021448135375977
0.009016275405883789
0.009649276733398438
0.00798940658569336
0.009998083114624023
0.009013891220092773
0.01000213623046875
0.009002447128295898
0.010023832321166992
0.00954294204711914
0.011004209518432617
0.008989810943603516
0.009986639022827148
0.008996963500976562
0.00802159309387207
0.009999513626098633
0.010009765625
0.009994983673095703
0.01001119613647461
0.009994029998779297
0.010001897811889648
0.009995222091674805
0.009008646011352539
0.011998176574707031
0.009006977081298828
0.009994029998779297
0.010023117065429688
0.00900888442993164
0.00999307632446289
0.009988546371459961
0.008587837219238281
0.00900888442993164
0.010002851486206055
0.008993387222290039
0.008642911911010742
0.009001970291137695
0.010007143020629883
0.009002447128295898
0.01000213623046875
0.00800180435180664
0.012990951538085938
0.01002192497253418
0.009994745254516602
0.010007143020629883
0.009545564651489258
0.009003877639770508
0.009981632232666016
0.009982109069824219
0.020177602767944336
0.010002613067626953
0.010001182556152344
0.008007287979125977
0.009989738464355469
0.009008407592773438
0.009001970291137695
0.009989500045776367
0.008989810943603516
0.009006977081298828
0.008990049362182617
0.01101541519165039
0.01000213623046875
0.010003805160522461
0.008714675903320312
0.010017871856689453
0.010000467300415039
0.010004043579101562
0.009001970291137695
0.009002923965454102
0.009631156921386719
0.010002851486206055
0.00899195671081543
0.009021759033203125
0.009001970291137695
0.010022640228271484
0.01000213623046875
0.010995149612426758
0.009001970291137695
0.010001897811889648
0.009987354278564453
0.010010480880737305
0.008953571319580078
0.010002374649047852
0.011002302169799805
0.007981061935424805
0.009995698928833008
0.010000228881835938
0.009001493453979492
0.012001514434814453
0.009003400802612305
0.010002613067626953
0.008983612060546875
0.008001327514648438
0.009021282196044922
0.008010387420654297
0.008008480072021484
0.011001825332641602
0.009990215301513672
0.010477304458618164
0.010008573532104492
0.010009765625
0.011002779006958008
0.00900578498840332
0.010002613067626953
0.009563922882080078
0.008005142211914062
0.009000539779663086
0.009008646011352539
0.009021997451782227
0.02400684356689453
0.007989168167114258
0.009999275207519531
0.010007381439208984
0.009002685546875
0.008357763290405273
0.009015321731567383
0.009006261825561523
0.00801849365234375
0.00957179069519043
0.009003162384033203
0.009995698928833008
0.009001493453979492
0.03200483322143555
0.010010004043579102
0.009003400802612305
0.009010076522827148
0.009397506713867188
0.008982658386230469
0.009055137634277344
0.0110015869140625
0.03600907325744629
0.013004064559936523
0.007991552352905273
0.021024703979492188
0.010002613067626953
0.008996963500976562
0.010002374649047852
0.008008956909179688
0.01161813735961914
0.02099776268005371
0.008984088897705078
0.010009527206420898
0.0090179443359375
0.010000467300415039
0.009014129638671875
0.010018348693847656
0.009007453918457031
0.00999593734741211
0.008990049362182617
0.010007381439208984
0.007951736450195312
0.00899505615234375
0.010009527206420898
0.008987665176391602
0.009007453918457031
0.007984399795532227
0.009016275405883789
0.009016752243041992
0.008993864059448242
0.010001420974731445
0.007996320724487305
0.00899648666381836
0.009982585906982422
0.010015249252319336
0.0204012393951416
0.010007143020629883
0.008008956909179688
0.012998104095458984
0.008996248245239258
0.009008407592773438
0.01000213623046875
0.009004831314086914
0.008020877838134766
0.009014606475830078
0.010002374649047852
0.00952911376953125
0.011997222900390625
0.009010076522827148
0.010010957717895508
0.00855398178100586
0.010007381439208984
0.009008646011352539
0.009997129440307617
0.00900125503540039
0.01000833511352539
0.008096933364868164
0.011995553970336914
0.009044408798217773
0.009007453918457031
0.009994983673095703
0.009007453918457031
0.009006500244140625
0.008014917373657227
0.011088848114013672
0.010983705520629883
0.00902104377746582
0.008530139923095703
0.01000356674194336
0.008994579315185547
0.011768817901611328
0.008984088897705078
0.010014533996582031
0.00801396369934082
0.009357213973999023
0.008990049362182617
0.008990049362182617
0.008991241455078125
0.009006500244140625
0.010008096694946289
0.011002302169799805
0.00900888442993164
0.011014461517333984
0.008988380432128906
0.007989645004272461
0.008586406707763672
