2.6219544410705566
2.366401433944702
2.6044044494628906
2.3562138080596924
2.5807135105133057
2.6414506435394287
2.377195119857788
2.6656689643859863
2.411914825439453
2.3840792179107666
2.712691068649292
2.447227954864502
2.5809738636016846
2.6216604709625244
2.3582592010498047
2.5757546424865723
2.618692398071289
2.3573296070098877
2.5752556324005127
2.618075132369995
2.378568649291992
2.565234422683716
2.635854959487915
2.3743512630462646
2.5879411697387695
2.609851360321045
2.4209654331207275
3.303206443786621
3.225226640701294
3.0773255825042725
2.778552770614624
2.606236457824707
2.5575993061065674
2.834645986557007
2.7639129161834717
2.4890456199645996
2.430981159210205
2.7530691623687744
2.526829957962036
2.6857640743255615
2.8075294494628906
2.4358913898468018
2.8882524967193604
2.7258806228637695
2.4539008140563965
2.6580982208251953
2.7104434967041016
2.4830684661865234
2.6432249546051025
2.733034372329712
2.4557559490203857
2.6420068740844727
2.707897901535034
2.4950947761535645
2.6951663494110107
2.6942267417907715
2.358409881591797
2.583010673522949
2.768113613128662
2.840679883956909
2.7801215648651123
2.7709875106811523
2.72064208984375
3.6405200958251953
3.1829380989074707
2.9216885566711426
2.7079484462738037
2.7650997638702393
2.412518262863159
2.7824184894561768
2.846745729446411
2.495441198348999
2.614804983139038
2.646353006362915
2.4050145149230957
2.726588249206543
2.8512516021728516
2.462864875793457
2.7051305770874023
2.771838665008545
2.4764246940612793
2.6322011947631836
2.6760785579681396
2.408172607421875
2.6221320629119873
2.7346174716949463
2.7073934078216553
2.8847761154174805
2.927990198135376
2.9596054553985596
2.5817618370056152
2.689958095550537
2.76605486869812
2.6675429344177246
2.7252137660980225
2.442420482635498
2.562312602996826
3.4773001670837402
2.563447952270508
2.765338897705078
2.845909595489502
2.6262595653533936
2.8655078411102295
3.0073416233062744
2.4990944862365723
2.7420737743377686
2.8583340644836426
2.4911422729492188
2.749014377593994
2.8234810829162598
2.565945625305176
2.728029727935791
2.6893491744995117
2.484300374984741
2.657662868499756
2.7113420963287354
2.4882187843322754
2.8484222888946533
2.7979207038879395
2.7868027687072754
2.526434898376465
2.5434885025024414
2.5114409923553467
2.636998414993286
2.7076785564422607
2.428764820098877
2.3970279693603516
2.630305051803589
2.384989023208618
2.609893798828125
2.6298716068267822
2.368589401245117
2.6200432777404785
2.644188642501831
2.365568161010742
2.5757944583892822
2.615954875946045
2.360801935195923
2.5822112560272217
2.6321499347686768
2.3588688373565674
2.60505747795105
2.6360561847686768
2.3825385570526123
2.5864439010620117
2.661548137664795
2.3734140396118164
2.590855598449707
2.650249719619751
2.6916017532348633
2.5436012744903564
2.429630994796753
2.3821470737457275
2.6218667030334473
2.677603244781494
2.4441511631011963
2.4159727096557617
2.623314619064331
2.371490955352783
2.5975546836853027
2.6357131004333496
2.3552658557891846
2.5827598571777344
2.61574125289917
2.3756325244903564
2.5782687664031982
2.6251838207244873
2.3724639415740967
2.588931083679199
2.6167798042297363
2.360002279281616
2.594799041748047
2.653571844100952
2.3674874305725098
2.587611675262451
2.641922950744629
2.3706655502319336
2.5789318084716797
2.630586624145508
2.7104580402374268
2.4452414512634277
2.4257354736328125
2.3742833137512207
2.7975993156433105
2.8073606491088867
2.5194509029388428
2.6274359226226807
2.806973695755005
2.5468568801879883
2.68721866607666
2.672149658203125
2.4050118923187256
2.7032768726348877
2.697983503341675
2.4396958351135254
2.7398641109466553
2.655200958251953
2.4878594875335693
2.8691928386688232
2.7640175819396973
2.560302257537842
2.751964569091797
2.6833176612854004
2.401732921600342
2.6259164810180664
2.6929240226745605
2.433988332748413
2.831686496734619
2.810164451599121
2.9192755222320557
2.5220415592193604
2.5087223052978516
2.6736021041870117
2.7726972103118896
2.7569594383239746
2.5658421516418457
2.462738275527954
2.7714202404022217
2.3962442874908447
2.6804392337799072
2.7640433311462402
2.4660110473632812
2.6939024925231934
2.8439762592315674
2.492055892944336
2.7900173664093018
2.7711474895477295
2.5272932052612305
2.68335223197937
2.864410400390625
2.411288261413574
2.6585073471069336
2.8309566974639893
2.6597280502319336
2.7644944190979004
2.675450086593628
2.4048538208007812
2.792980670928955
2.7944023609161377
2.460286855697632
2.692352294921875
2.6524040699005127
2.830268383026123
2.61411190032959
2.6601197719573975
2.6637439727783203
2.7638630867004395
2.7323851585388184
2.4983508586883545
2.834547281265259
2.5960135459899902
2.5794894695281982
2.723414182662964
2.502077102661133
2.6741089820861816
2.40645170211792
2.660311460494995
2.4363553524017334
2.731973886489868
2.393961191177368
2.6624343395233154
2.3946621417999268
2.6627938747406006
2.508836507797241
2.8177289962768555
2.5188584327697754
2.8117785453796387
2.5653185844421387
2.7588398456573486
2.3861234188079834
2.58608341217041
2.6176438331604004
2.7115774154663086
2.4432973861694336
2.4335007667541504
2.3956291675567627
2.6046640872955322
2.6745381355285645
2.398911714553833
2.6903719902038574
2.4296815395355225
2.4086222648620605
2.647646188735962
2.4093635082244873
2.7353286743164062
2.408587694168091
2.7085518836975098
2.424422264099121
2.693965435028076
2.4264986515045166
2.6754109859466553
2.44189715385437
2.662062883377075
2.398790121078491
2.6350536346435547
2.6631827354431152
2.7316367626190186
2.484715700149536
2.467714548110962
2.3980398178100586
2.6563854217529297
2.689743757247925
2.4440078735351562
2.7318673133850098
2.4325571060180664
2.4285476207733154
2.706974744796753
2.4330315589904785
2.6886672973632812
2.428375720977783
2.6717705726623535
2.430805206298828
2.6898393630981445
2.4350130558013916
2.7408218383789062
2.4109418392181396
2.661254644393921
2.4527313709259033
2.6076998710632324
2.646000862121582
2.7442567348480225
2.4803478717803955
2.4846560955047607
2.3999381065368652
2.636549949645996
2.7035350799560547
2.4452295303344727
2.7190115451812744
2.4693102836608887
2.4345297813415527
2.6771669387817383
2.428685426712036
2.7051613330841064
2.41524076461792
2.696516990661621
2.4223268032073975
