0.010804176330566406
0.01009821891784668
0.021117687225341797
0.010005474090576172
0.011125326156616211
0.009675025939941406
0.00824427604675293
0.007641792297363281
0.009503841400146484
0.0092315673828125
0.009456872940063477
0.009415626525878906
0.009435415267944336
0.010536670684814453
0.010404348373413086
0.009488105773925781
0.009598493576049805
0.011112213134765625
0.03808426856994629
0.010588884353637695
0.009001731872558594
0.009011983871459961
0.014403820037841797
0.00975179672241211
0.009003400802612305
0.010001659393310547
0.008710145950317383
0.009999752044677734
0.009018898010253906
0.007717609405517578
0.008380889892578125
0.009002447128295898
0.008600711822509766
0.007334470748901367
0.009588003158569336
0.010249614715576172
0.008877992630004883
0.008315086364746094
0.008684158325195312
0.022054195404052734
0.010205984115600586
0.007939338684082031
0.00873565673828125
0.009399890899658203
0.009438753128051758
0.008667945861816406
0.009001731872558594
0.010168790817260742
0.008879423141479492
0.010436534881591797
0.009003162384033203
0.008929729461669922
0.010628461837768555
0.01066446304321289
0.010037422180175781
0.009930610656738281
0.009977340698242188
0.008972644805908203
0.00902104377746582
0.008419275283813477
0.009434223175048828
0.00934147834777832
0.01042628288269043
0.008564472198486328
0.01008462905883789
0.009481191635131836
0.00904703140258789
0.007767438888549805
0.009560108184814453
0.00860738754272461
0.008222579956054688
0.009941339492797852
0.02105259895324707
0.009448528289794922
0.009770870208740234
0.009021282196044922
0.009001970291137695
0.009013652801513672
0.008115768432617188
0.008011102676391602
0.008471488952636719
0.009838581085205078
0.01000833511352539
0.010002613067626953
0.008076190948486328
0.009448051452636719
0.009993791580200195
0.008626937866210938
0.009045839309692383
0.00974416732788086
0.010629892349243164
0.010456323623657227
0.008003473281860352
0.00977325439453125
0.008508443832397461
0.00992441177368164
0.011114120483398438
0.009464740753173828
0.010124921798706055
0.010174989700317383
0.010648488998413086
0.007629871368408203
0.01004481315612793
0.00994729995727539
0.008809328079223633
0.008379697799682617
0.009464502334594727
0.022160768508911133
0.009002447128295898
0.008563518524169922
0.008001327514648438
0.008661746978759766
0.009001970291137695
0.009002208709716797
0.010003328323364258
0.010036945343017578
0.00998377799987793
0.009003877639770508
0.008994102478027344
0.009002447128295898
0.009017467498779297
0.009021759033203125
0.008983612060546875
0.00901484489440918
0.010997295379638672
0.00900721549987793
0.009001970291137695
0.009002208709716797
0.008981704711914062
0.00900125503540039
0.013005971908569336
0.009984970092773438
0.008981704711914062
0.010002613067626953
0.008990049362182617
0.007994651794433594
0.010002374649047852
0.012527704238891602
0.008538484573364258
0.010057926177978516
0.009002208709716797
0.010524988174438477
0.009001016616821289
0.009003162384033203
0.00900411605834961
0.009004831314086914
0.009000062942504883
0.00800180435180664
0.008007526397705078
0.009172677993774414
0.009017229080200195
0.009001970291137695
0.009001493453979492
0.010003805160522461
0.011001348495483398
0.009002208709716797
0.010015249252319336
0.009020566940307617
0.010001182556152344
0.009081840515136719
0.010007381439208984
0.01000213623046875
0.012982368469238281
0.010009288787841797
0.010997772216796875
0.008989572525024414
0.009016752243041992
0.009989500045776367
0.011022090911865234
0.011022806167602539
0.008398771286010742
0.008001565933227539
0.02100348472595215
0.010008096694946289
0.008982658386230469
0.009014129638671875
0.008982419967651367
0.009516000747680664
0.010004043579101562
0.009001970291137695
0.008994340896606445
0.009016275405883789
0.009011030197143555
0.009010076522827148
0.00901341438293457
0.010000467300415039
0.009021997451782227
0.019997358322143555
0.0075151920318603516
0.012022018432617188
0.009001970291137695
0.02001166343688965
0.008987903594970703
0.009002923965454102
0.010000944137573242
0.03400683403015137
0.009002208709716797
0.008994579315185547
0.00999593734741211
0.010001897811889648
0.010004281997680664
0.008984565734863281
0.008614301681518555
0.008995294570922852
0.008984565734863281
0.009001970291137695
0.008559703826904297
0.011010169982910156
0.00898885726928711
0.00798940658569336
0.009002685546875
0.00959634780883789
0.0226137638092041
0.009001493453979492
0.01000213623046875
0.008003950119018555
0.010011911392211914
0.00900125503540039
0.017884492874145508
0.010832786560058594
0.009741067886352539
0.009004831314086914
0.008994579315185547
0.009938478469848633
0.008004903793334961
0.009009838104248047
0.008021354675292969
0.00800013542175293
0.008530378341674805
0.008986711502075195
0.009002923965454102
0.009990930557250977
0.010009527206420898
0.008015155792236328
0.01099085807800293
0.008981943130493164
0.008531332015991211
0.008035421371459961
0.008999347686767578
0.009000778198242188
0.008641719818115234
0.008068323135375977
0.008004426956176758
0.008330345153808594
0.008009672164916992
0.007999897003173828
0.007986307144165039
0.007994890213012695
0.008016109466552734
0.007997274398803711
0.007982015609741211
0.008002042770385742
0.008013725280761719
0.008000373840332031
0.007994413375854492
0.008002042770385742
0.008989572525024414
0.008259773254394531
0.008235931396484375
0.008017301559448242
0.008008956909179688
0.007987260818481445
0.00899505615234375
0.008020639419555664
0.008995294570922852
0.00798940658569336
0.008013725280761719
0.008007287979125977
0.008979320526123047
0.010595083236694336
0.008644342422485352
0.008020639419555664
0.008996725082397461
0.008958101272583008
0.008073091506958008
0.008994579315185547
0.008022069931030273
0.007985830307006836
0.007988929748535156
0.007982730865478516
0.007712364196777344
0.008020401000976562
0.008028507232666016
0.008013725280761719
0.007981538772583008
0.00805521011352539
0.008996963500976562
0.00801396369934082
0.009006261825561523
0.008011579513549805
0.007996320724487305
0.008013486862182617
0.009021759033203125
0.008992671966552734
0.009009361267089844
0.00800180435180664
0.008943319320678711
0.008002042770385742
0.008114814758300781
0.008987188339233398
0.008994340896606445
0.00799417495727539
0.013008832931518555
0.010019302368164062
0.008002042770385742
0.008020877838134766
0.010003089904785156
0.011998176574707031
0.008002042770385742
0.007996320724487305
0.00801396369934082
0.009001731872558594
0.008001565933227539
0.009001493453979492
0.009995222091674805
0.008991718292236328
0.009002923965454102
0.008010625839233398
0.011995792388916016
0.009001731872558594
0.00801396369934082
0.009002685546875
