2.485929250717163
2.6100175380706787
2.570261240005493
2.5709304809570312
2.670642852783203
2.6386823654174805
2.700488328933716
2.497060537338257
2.7480111122131348
2.661320447921753
2.6766197681427
2.73870587348938
2.8307695388793945
2.807079315185547
2.5070388317108154
2.753828763961792
2.6568443775177
2.631570816040039
2.8385276794433594
2.735900640487671
2.9950931072235107
2.710949182510376
2.9396679401397705
2.8326022624969482
2.7484498023986816
2.5885870456695557
2.6195056438446045
2.6538548469543457
2.7366983890533447
2.608755350112915
2.7559943199157715
2.610100507736206
2.7489025592803955
3.2083561420440674
2.8035831451416016
2.918841600418091
2.9766576290130615
2.9903128147125244
3.312755584716797
3.1883602142333984
3.135530948638916
2.9777112007141113
2.915621280670166
2.921546459197998
2.6211953163146973
2.7772984504699707
2.876676082611084
2.7962989807128906
2.9145076274871826
3.2078096866607666
2.5866785049438477
2.8719799518585205
3.1366429328918457
2.744319438934326
2.7861812114715576
3.160773992538452
2.876128911972046
2.5535831451416016
2.6666502952575684
2.753291606903076
2.736884593963623
2.7731761932373047
2.7259681224823
2.625244140625
2.7057015895843506
2.71950364112854
2.6616132259368896
2.744144916534424
2.6415882110595703
2.6620466709136963
2.662541627883911
2.659059524536133
2.5780158042907715
2.6711103916168213
2.6325411796569824
2.7362632751464844
2.591696262359619
2.6979618072509766
2.637460947036743
2.738158702850342
2.6070618629455566
2.74495530128479
2.8676533699035645
3.0286459922790527
2.876068592071533
2.7061080932617188
2.7086429595947266
2.8241610527038574
2.785565137863159
2.746568441390991
2.9067866802215576
3.1777336597442627
2.809826612472534
2.904510736465454
2.796412229537964
2.804021120071411
2.997619152069092
2.8019144535064697
2.9184436798095703
2.8663225173950195
2.8318145275115967
3.0380632877349854
2.821296215057373
2.8963730335235596
2.846998929977417
2.840390920639038
2.873399257659912
2.7556025981903076
2.9628169536590576
2.670856237411499
2.7977373600006104
2.6685245037078857
2.680795669555664
2.74419903755188
2.7715437412261963
2.7626616954803467
2.5015578269958496
2.7070724964141846
2.9015538692474365
2.612894296646118
2.7170445919036865
2.6903469562530518
2.693729877471924
2.432427406311035
2.585839033126831
2.642524242401123
2.7312817573547363
2.7652475833892822
2.5816423892974854
2.6637375354766846
2.6382522583007812
2.7704131603240967
2.750483751296997
2.679013729095459
2.7274177074432373
2.4545857906341553
2.7010793685913086
2.906669855117798
2.8959131240844727
2.7412922382354736
2.6533901691436768
2.5898640155792236
2.8142778873443604
2.833209991455078
2.773188829421997
2.7585909366607666
2.6952109336853027
2.6962673664093018
2.679274559020996
2.7266790866851807
2.7577426433563232
2.6319451332092285
2.676193952560425
2.7226712703704834
4.043910503387451
3.0912647247314453
2.9573752880096436
2.7599425315856934
2.9749248027801514
2.9008772373199463
2.840240240097046
3.1889467239379883
2.7747950553894043
2.88443922996521
2.954612970352173
2.5845999717712402
2.624028205871582
2.780235767364502
2.605445146560669
2.5921828746795654
2.6657533645629883
2.535379409790039
2.609297752380371
2.7347824573516846
2.5080273151397705
2.6636812686920166
2.5510523319244385
2.750758647918701
2.6596696376800537
2.8025999069213867
2.6795878410339355
2.724579095840454
2.9052698612213135
3.25411319732666
2.7905962467193604
2.6493709087371826
2.95831036567688
2.9357309341430664
2.8282132148742676
2.745083808898926
2.6423356533050537
2.5443942546844482
2.6306185722351074
2.8165252208709717
2.6889219284057617
2.603355646133423
2.661513328552246
2.6403629779815674
2.748141288757324
2.7630672454833984
2.573561906814575
2.5683388710021973
2.648402452468872
2.536064624786377
2.622893810272217
2.610558032989502
2.781052827835083
2.562655210494995
2.6797704696655273
2.566398859024048
2.799032688140869
2.7107203006744385
2.559231758117676
2.6690163612365723
2.859421491622925
2.731127977371216
2.7151193618774414
2.6286282539367676
3.002251148223877
3.2166497707366943
2.889765977859497
2.806638240814209
2.7636711597442627
3.1574466228485107
2.9616596698760986
2.771549701690674
2.712116003036499
2.73915696144104
2.6409833431243896
2.6590261459350586
2.813978910446167
2.6152007579803467
2.8521149158477783
2.6692657470703125
2.8923304080963135
2.6071131229400635
2.743115186691284
2.7162954807281494
2.794938802719116
2.7033958435058594
2.8116605281829834
2.782031297683716
2.630159854888916
2.6647582054138184
2.591313123703003
2.6537532806396484
2.6205673217773438
2.65733003616333
2.5448567867279053
2.785095453262329
2.687483549118042
2.4157145023345947
2.6018152236938477
2.606935739517212
2.594446897506714
2.6445038318634033
2.565857410430908
2.677088737487793
2.5771288871765137
2.5820791721343994
2.614140033721924
2.490339517593384
2.5729315280914307
2.678022623062134
2.5904903411865234
2.5801000595092773
2.6269612312316895
2.4923369884490967
2.576155185699463
2.73492693901062
2.5164778232574463
2.662283182144165
2.520444631576538
2.636897325515747
2.4908370971679688
2.583078384399414
2.5834224224090576
2.6621155738830566
2.6024410724639893
2.589141607284546
2.6084697246551514
2.5123677253723145
2.5945870876312256
2.607140064239502
2.6582283973693848
2.5434014797210693
2.648263931274414
2.5488173961639404
2.6538584232330322
2.6892740726470947
2.3985884189605713
2.5901079177856445
2.599189281463623
2.618082046508789
2.692232847213745
2.575970411300659
2.672823667526245
2.6155688762664795
2.5968480110168457
2.6128156185150146
2.5209622383117676
2.57570481300354
2.658317804336548
2.5884792804718018
2.579958915710449
2.5956993103027344
2.6355743408203125
2.763986587524414
2.771049737930298
2.6097805500030518
2.5757100582122803
2.857910394668579
2.6977407932281494
2.46647572517395
2.631993055343628
2.656845808029175
2.7228686809539795
2.7288618087768555
2.712254762649536
2.62613582611084
2.6490941047668457
2.717181444168091
