9.0498628616333
6.172905445098877
9.306291580200195
6.445372581481934
9.446519136428833
5.5820231437683105
9.186917781829834
5.483677864074707
9.813008546829224
5.490226984024048
9.971226215362549
6.481463670730591
8.316473722457886
7.479417562484741
8.273977041244507
7.765486001968384
6.9035656452178955
7.232214450836182
4.296072244644165
9.077581882476807
7.347506999969482
4.074392795562744
5.773386716842651
8.669058322906494
7.156521320343018
4.082650423049927
5.432430982589722
8.747503995895386
7.2021872997283936
4.55677342414856
4.78205943107605
10.04784893989563
6.611006736755371
4.65394926071167
9.196825742721558
9.260322570800781
6.439115285873413
4.12037205696106
4.32602858543396
7.193058490753174
9.626824140548706
4.7742063999176025
4.65187931060791
9.659816980361938
8.732651472091675
4.7489333152771
4.306095600128174
5.79202675819397
8.953755378723145
7.377669811248779
5.370041847229004
5.513505935668945
6.142819881439209
8.534752607345581
9.244647741317749
4.380788326263428
9.2854483127594
9.607655048370361
8.367790222167969
4.212357997894287
4.213326454162598
4.454611778259277
6.12118935585022
6.587092876434326
9.036784172058105
6.6458165645599365
6.527507066726685
9.209664821624756
5.431889533996582
4.519665479660034
3.8040854930877686
3.715681791305542
3.882889986038208
3.5637288093566895
3.7013182640075684
4.237322092056274
3.5407962799072266
3.820704460144043
3.657783269882202
3.839014768600464
3.815370798110962
3.615669012069702
3.771904945373535
3.716017961502075
4.164321422576904
3.7898640632629395
3.783535957336426
3.970658302307129
3.560724973678589
3.9730794429779053
3.6679089069366455
3.804917097091675
3.7096810340881348
3.640120506286621
3.7485063076019287
3.6364359855651855
3.9253222942352295
3.5751678943634033
3.7505834102630615
3.9490861892700195
3.538862705230713
3.8810298442840576
3.7072536945343018
3.980855703353882
3.752718448638916
3.5685925483703613
3.7557692527770996
3.674654960632324
4.05098557472229
3.574843406677246
3.7815301418304443
3.9279816150665283
3.6024773120880127
3.8917198181152344
3.7374117374420166
3.915078639984131
3.7049641609191895
3.6596689224243164
3.8784632682800293
3.7549924850463867
3.9963886737823486
3.608915328979492
3.712493896484375
3.968417167663574
3.6370768547058105
3.960740804672241
3.623426914215088
3.8145017623901367
3.673532009124756
3.65928316116333
3.6858086585998535
3.6738698482513428
4.012393236160278
3.5844027996063232
3.7146482467651367
3.9782769680023193
3.627035617828369
3.9054007530212402
3.659841537475586
3.9152135848999023
3.681389331817627
3.6731348037719727
3.791478395462036
3.6838834285736084
3.9373843669891357
3.6531944274902344
3.6741247177124023
3.929727554321289
3.631200075149536
3.868082046508789
3.750190019607544
3.886263608932495
3.809105634689331
3.7019741535186768
3.8230295181274414
3.800916910171509
3.9500882625579834
3.749385356903076
3.937800645828247
4.0258588790893555
3.529801368713379
3.870549440383911
3.6886305809020996
3.8898212909698486
3.708817958831787
3.6332719326019287
3.7583467960357666
3.706796884536743
3.992069721221924
3.632671594619751
4.009047031402588
4.22496485710144
4.002897262573242
4.215620994567871
4.046405553817749
4.054807901382446
3.895355463027954
3.889871835708618
4.371600866317749
4.170358180999756
