4.432018280029297
4.035057306289673
4.178760290145874
4.168071031570435
4.212666034698486
3.7683863639831543
4.083374977111816
3.5606772899627686
3.903287410736084
4.156596899032593
4.081827163696289
3.9729361534118652
3.760951519012451
3.9331090450286865
3.983626127243042
4.150489330291748
3.659217596054077
4.379520416259766
3.909482002258301
3.641312599182129
3.9166128635406494
3.7183609008789062
3.9697628021240234
3.7293341159820557
3.872466802597046
3.973116874694824
5.389654874801636
5.173227548599243
4.648073196411133
5.152651071548462
4.069981098175049
5.659961223602295
4.0305750370025635
3.8704864978790283
4.096442222595215
3.7900753021240234
3.9778454303741455
4.443048477172852
5.439945220947266
4.590009927749634
4.597339868545532
4.200257778167725
4.391597747802734
4.7495245933532715
4.394260883331299
4.60393214225769
4.9261322021484375
4.595523118972778
4.932743072509766
4.933348655700684
5.2513532638549805
7.785117149353027
6.587099075317383
5.513662338256836
6.135995388031006
6.028138160705566
5.036677837371826
5.213209867477417
6.0428149700164795
4.761206150054932
5.539177656173706
6.906966924667358
4.928630828857422
5.392777681350708
4.612239599227905
5.18704080581665
5.811033487319946
5.283804416656494
5.721416711807251
5.201512336730957
5.751123428344727
5.771206617355347
5.881596803665161
5.640386343002319
6.898840427398682
5.739959001541138
6.32248067855835
6.426552772521973
6.147215843200684
6.741851091384888
5.589324235916138
6.686607360839844
6.7104268074035645
6.537155628204346
8.04342269897461
7.817565202713013
6.6803576946258545
7.425032615661621
7.7958664894104
7.282527446746826
5.711538314819336
8.092860460281372
7.510098218917847
8.702456712722778
8.292041778564453
6.707121133804321
8.109151124954224
5.988273620605469
6.4134955406188965
6.648244142532349
7.172321081161499
7.116551160812378
7.867758750915527
6.996469259262085
6.415100574493408
7.288530349731445
8.460901260375977
7.772305488586426
5.964699745178223
6.697276592254639
6.716168165206909
6.4788806438446045
6.851254224777222
6.509702444076538
7.08092474937439
6.3655171394348145
6.742029905319214
5.913083553314209
6.108353137969971
5.121517896652222
5.457321882247925
5.452428340911865
5.530476331710815
5.502717971801758
5.417322397232056
5.478350877761841
5.624687433242798
6.123990535736084
5.7970335483551025
5.886350631713867
6.3399224281311035
6.041754245758057
6.499108552932739
6.754922389984131
6.412627458572388
6.49025297164917
6.199434995651245
6.756994962692261
6.721344232559204
7.925065755844116
6.553614139556885
8.183656215667725
7.668275833129883
7.076964616775513
8.979188919067383
9.05732774734497
8.024937152862549
6.888423919677734
8.341283559799194
7.2771570682525635
7.883963584899902
7.978700876235962
7.968292474746704
8.85075330734253
7.584797143936157
