7.53239893913269
9.240155696868896
6.363816976547241
9.809711217880249
7.873597621917725
8.035645961761475
9.092580318450928
6.6632044315338135
8.799221277236938
11.264663696289062
6.186110973358154
9.05507755279541
7.683919191360474
9.589938402175903
10.421356201171875
5.5410284996032715
9.270992279052734
12.556870698928833
6.8834826946258545
10.341675996780396
7.445738315582275
8.084379434585571
10.8783860206604
7.084211349487305
9.666369438171387
7.711496591567993
7.875093460083008
10.10995078086853
7.582659006118774
11.683758974075317
7.869906187057495
11.223671674728394
5.322102308273315
10.823375940322876
10.134882926940918
8.80487847328186
10.077325105667114
6.467378854751587
11.27821660041809
5.162314176559448
10.331000804901123
7.096141338348389
8.363574266433716
10.615412473678589
5.528688192367554
11.168839693069458
9.23353624343872
10.344727516174316
7.304846525192261
10.306467533111572
7.916164875030518
9.018401861190796
6.40132212638855
11.814630031585693
6.148984432220459
9.383206367492676
10.482924938201904
10.995790958404541
6.443549156188965
8.005891799926758
10.672830820083618
5.411429405212402
12.543394804000854
6.690083980560303
7.61243200302124
10.645955085754395
8.251076221466064
10.623737573623657
9.386832237243652
6.953064680099487
10.938252210617065
7.442911863327026
7.09928035736084
8.389266014099121
5.926912546157837
6.254015684127808
5.045130252838135
4.768630027770996
4.831632852554321
5.437254905700684
4.835300922393799
5.491495370864868
5.480184316635132
5.000865697860718
4.885214567184448
5.412372827529907
5.347868919372559
4.94363260269165
5.272620677947998
4.959249258041382
5.436269760131836
5.741300582885742
5.4853057861328125
5.648591756820679
5.257564306259155
5.880488634109497
5.8147430419921875
5.377577066421509
5.642830848693848
6.484782695770264
6.242222785949707
5.996269941329956
5.398221731185913
5.930793285369873
6.61632513999939
5.48042631149292
6.23700475692749
5.696413516998291
6.574523687362671
6.1446473598480225
5.857367753982544
5.668331146240234
6.723701238632202
4.848352670669556
6.855022668838501
6.88364052772522
4.896401643753052
6.215245246887207
6.355408668518066
