4.10850977897644
3.8522417545318604
3.939419746398926
3.7006959915161133
3.548863649368286
4.059762239456177
3.949193239212036
3.845245122909546
4.2782065868377686
3.9619898796081543
4.159181118011475
4.5439536571502686
4.6850745677948
4.2843334674835205
4.903245210647583
4.41532564163208
4.070609092712402
4.534840822219849
4.334298849105835
4.8978190422058105
4.307162046432495
4.741610765457153
4.603368043899536
4.29359769821167
4.975683927536011
5.464231014251709
5.218634605407715
5.4488914012908936
5.1627037525177
4.916905164718628
5.18102502822876
4.908937454223633
5.224806070327759
5.421390771865845
5.2571446895599365
4.844621896743774
5.03616189956665
5.387592792510986
5.636788606643677
5.341501474380493
5.436667203903198
4.574357032775879
5.613502025604248
4.9466774463653564
4.998053312301636
4.543821573257446
4.712602376937866
4.924060583114624
5.156515598297119
6.0453760623931885
5.784021377563477
5.883745431900024
5.765956401824951
4.4260077476501465
5.934554100036621
4.823094606399536
5.621503591537476
5.279316425323486
6.770732879638672
4.329604148864746
4.138238191604614
3.825279474258423
4.618315696716309
5.026313304901123
4.8777830600738525
5.556812286376953
5.37557315826416
5.427556276321411
4.97703218460083
4.6735734939575195
5.469695806503296
4.432429552078247
5.133913278579712
4.825428485870361
5.554959297180176
4.372406959533691
5.18344521522522
4.002772331237793
4.4092631340026855
4.118359565734863
3.6826188564300537
4.1320507526397705
4.004449129104614
4.5363383293151855
4.406946420669556
4.593747615814209
4.458543300628662
4.624477863311768
4.8565943241119385
4.768949508666992
4.435974359512329
4.529505252838135
4.654695987701416
4.587548494338989
4.392061233520508
4.855133295059204
4.743149042129517
5.224536418914795
4.606277227401733
4.872645854949951
4.0898542404174805
4.444841623306274
4.593456268310547
4.5626161098480225
4.618737459182739
4.413976669311523
4.619019031524658
4.558410167694092
4.5827062129974365
4.027437686920166
4.187955379486084
4.884120941162109
5.15339732170105
5.226470947265625
5.7658257484436035
5.804885149002075
4.755572319030762
5.120931625366211
5.208387613296509
5.041535139083862
5.60034441947937
5.144583702087402
5.163318395614624
5.682894468307495
5.205642461776733
5.780205726623535
5.51309609413147
5.290966033935547
5.192562103271484
6.074162721633911
4.179865598678589
5.455393552780151
5.4084694385528564
5.820838451385498
5.595917463302612
4.787473678588867
5.441270112991333
6.118051052093506
4.0275938510894775
4.0911314487457275
5.024150609970093
5.601024389266968
5.844013929367065
4.844303369522095
4.548585653305054
4.563921928405762
4.987316370010376
4.489134073257446
4.26001501083374
5.011790752410889
4.186651229858398
5.365846395492554
4.564449310302734
3.9740359783172607
5.268363952636719
6.004613399505615
7.049808740615845
6.610961198806763
6.395423412322998
7.090460538864136
5.501537084579468
8.12125563621521
7.000151872634888
7.736033201217651
7.689441919326782
5.578096628189087
8.872074127197266
5.968503475189209
8.711965799331665
5.4542601108551025
8.818403482437134
5.483577728271484
9.61042594909668
5.924105405807495
9.456149816513062
6.020817518234253
