0.0010001659393310547
0.0010013580322265625
0.0
0.0009999275207519531
0.0010020732879638672
0.0010001659393310547
0.0009980201721191406
0.0010006427764892578
0.0010001659393310547
0.0
0.000997304916381836
0.0010008811950683594
0.0010004043579101562
0.0009984970092773438
0.0010008811950683594
0.00099945068359375
0.000997781753540039
0.0010013580322265625
0.001997709274291992
0.001054525375366211
0.0009808540344238281
0.0009989738464355469
0.001008749008178711
0.001010894775390625
0.0010001659393310547
0.0030007362365722656
0.0019996166229248047
0.002001523971557617
0.0010013580322265625
0.0019922256469726562
0.0010004043579101562
0.0010006427764892578
0.0010001659393310547
0.0030014514923095703
0.0010001659393310547
0.00099945068359375
0.000995635986328125
0.12602972984313965
0.003000497817993164
0.0030007362365722656
0.003001689910888672
0.002001047134399414
0.0030095577239990234
0.002980947494506836
0.0030024051666259766
0.004001140594482422
0.0030040740966796875
0.0019996166229248047
0.002001047134399414
0.0039997100830078125
0.0040018558502197266
0.003996849060058594
0.0032231807708740234
0.00400090217590332
0.007000923156738281
0.007003307342529297
0.006000518798828125
0.00400233268737793
0.004002571105957031
0.0029840469360351562
0.003003358840942383
0.0030028820037841797
0.002988576889038086
0.00299072265625
0.003000497817993164
0.003007173538208008
0.0029981136322021484
0.002995729446411133
0.0009984970092773438
0.0019991397857666016
0.0019998550415039062
0.0019979476928710938
0.0020024776458740234
0.0020017623901367188
0.001997709274291992
0.0025472640991210938
0.003000974655151367
0.002003192901611328
0.0009975433349609375
0.004003763198852539
0.005001544952392578
0.0029981136322021484
0.003000974655151367
0.002998828887939453
0.020236730575561523
0.002995729446411133
0.004000186920166016
0.039006710052490234
0.002003192901611328
0.0020020008087158203
0.0040035247802734375
0.0030040740966796875
0.004258632659912109
0.003000497817993164
0.0039997100830078125
0.0030019283294677734
0.004004001617431641
0.007089138031005859
0.0640113353729248
0.00400233268737793
0.003999233245849609
0.0030035972595214844
0.00600123405456543
0.01659536361694336
0.024009227752685547
0.003996372222900391
0.0040013790130615234
0.015543699264526367
0.004998683929443359
0.003998279571533203
0.004002571105957031
0.0039997100830078125
0.005002498626708984
0.003004789352416992
0.0035600662231445312
0.01400613784790039
0.00400090217590332
0.004998445510864258
0.004003047943115234
0.004000663757324219
0.006002187728881836
0.004997968673706055
0.004003286361694336
0.003002643585205078
0.002997875213623047
0.004002094268798828
0.005002737045288086
0.0049974918365478516
0.009002208709716797
0.005000591278076172
0.006002902984619141
0.005124807357788086
0.007994890213012695
0.09901022911071777
0.011990785598754883
0.003998756408691406
0.007070064544677734
0.0049991607666015625
0.12914776802062988
0.00499415397644043
0.004232883453369141
0.0029969215393066406
0.004002809524536133
0.0030002593994140625
0.0050048828125
0.01108860969543457
0.24412012100219727
0.007004261016845703
0.0040149688720703125
0.0029926300048828125
0.0040051937103271484
0.004996538162231445
0.005002498626708984
0.003007650375366211
0.0029993057250976562
