0.0
0.0020034313201904297
0.0010035037994384766
0.0009996891021728516
0.0009970664978027344
0.0010094642639160156
0.0019991397857666016
0.0020008087158203125
0.0037488937377929688
0.0029897689819335938
0.0029990673065185547
0.003000497817993164
0.009004592895507812
0.013997793197631836
0.009998083114624023
0.003003358840942383
0.003000497817993164
0.004998922348022461
0.00800323486328125
0.003999471664428711
0.005003929138183594
0.007994413375854492
0.004007816314697266
0.009009361267089844
0.0029952526092529297
0.010995149612426758
0.009005308151245117
0.010345220565795898
0.0030105113983154297
0.007002115249633789
0.008001565933227539
0.006002902984619141
0.18890094757080078
0.00700068473815918
0.022802352905273438
0.006996870040893555
0.014998674392700195
0.0060007572174072266
0.00516057014465332
0.00800013542175293
0.006000518798828125
0.009537220001220703
0.006479740142822266
0.004986286163330078
0.014001607894897461
0.0050084590911865234
0.004002809524536133
0.06229567527770996
0.0053293704986572266
0.16034817695617676
0.004996061325073242
0.003992795944213867
0.01324915885925293
0.003999948501586914
0.008999347686767578
0.019004344940185547
0.009997367858886719
0.04500174522399902
0.004998445510864258
0.010001897811889648
0.009516716003417969
0.010986804962158203
0.025008440017700195
0.00598907470703125
0.2240588665008545
0.0050013065338134766
0.008006095886230469
0.009998798370361328
0.011002779006958008
0.0070002079010009766
0.008006572723388672
0.006002664566040039
0.011285543441772461
0.007061481475830078
0.009986400604248047
0.005995035171508789
0.007000923156738281
0.00800013542175293
0.00899815559387207
0.008002042770385742
0.0069942474365234375
0.006987571716308594
0.006001949310302734
0.0060002803802490234
0.010002613067626953
0.008067607879638672
0.00900721549987793
0.0069844722747802734
0.005998849868774414
0.00800013542175293
0.006003379821777344
0.005533933639526367
0.011003971099853516
0.008002996444702148
0.007001399993896484
0.007999181747436523
0.006000518798828125
0.008001089096069336
0.007002115249633789
0.01597762107849121
0.11102557182312012
0.010001182556152344
0.06701874732971191
0.009001016616821289
0.011005401611328125
0.012428522109985352
0.008158445358276367
0.013942956924438477
0.008995771408081055
0.023012161254882812
0.00999593734741211
0.014003276824951172
0.010002613067626953
0.00901174545288086
0.009004592895507812
0.02211475372314453
0.008023262023925781
0.01700448989868164
0.007603645324707031
