0.0
0.0
0.0009922981262207031
0.0
0.0009982585906982422
0.0010058879852294922
0.001001119613647461
0.0009999275207519531
0.0009987354278564453
0.0010020732879638672
0.000993967056274414
0.0009996891021728516
0.0020051002502441406
0.0009996891021728516
0.0009963512420654297
0.0009915828704833984
0.002000093460083008
0.0009984970092773438
0.0010030269622802734
0.0010066032409667969
0.0010027885437011719
0.003002166748046875
0.0009992122650146484
0.0009984970092773438
0.002000093460083008
0.0020020008087158203
0.002998828887939453
0.002001523971557617
0.0030007362365722656
0.002001047134399414
0.004000663757324219
0.0010013580322265625
0.0010004043579101562
0.0009996891021728516
0.00400090217590332
0.0050051212310791016
0.003997325897216797
0.0029990673065185547
0.003998756408691406
0.0030012130737304688
0.004001617431640625
0.0059926509857177734
0.0025093555450439453
0.003000974655151367
0.0020003318786621094
0.0010018348693847656
0.001998424530029297
0.003000497817993164
0.0019958019256591797
0.001999378204345703
0.002002239227294922
0.0020067691802978516
0.001999378204345703
0.002000093460083008
0.0060062408447265625
0.0039980411529541016
0.003000974655151367
0.0009944438934326172
0.003004312515258789
0.0020012855529785156
0.0020034313201904297
0.00200653076171875
0.002000570297241211
0.0020008087158203125
0.0019991397857666016
0.001998424530029297
0.004999637603759766
0.00400090217590332
0.006009101867675781
0.003999233245849609
0.0029931068420410156
0.0030019283294677734
0.003991365432739258
0.003996372222900391
0.006003856658935547
0.005001068115234375
0.0040035247802734375
0.0030007362365722656
0.00498652458190918
0.003002643585205078
0.003983736038208008
0.004010677337646484
0.004998922348022461
0.004002809524536133
0.002997875213623047
0.003991365432739258
0.003997325897216797
0.004584789276123047
0.003641843795776367
0.004998683929443359
0.0030722618103027344
0.0020079612731933594
0.005001544952392578
0.004999637603759766
0.005002021789550781
0.004824399948120117
0.0029973983764648438
0.002515554428100586
0.0030074119567871094
0.0020074844360351562
0.003818988800048828
0.003000497817993164
0.003002643585205078
0.0030002593994140625
0.003997802734375
0.0025103092193603516
0.004002809524536133
0.003002643585205078
0.0020074844360351562
0.0020024776458740234
0.001992464065551758
0.00400233268737793
0.004003763198852539
0.004877567291259766
0.004822969436645508
0.0050013065338134766
0.003999948501586914
0.006000518798828125
0.004002571105957031
0.007003068923950195
0.003999233245849609
0.005996227264404297
0.0030035972595214844
0.004000186920166016
0.006003379821777344
0.005999326705932617
0.006997108459472656
0.009002447128295898
0.004996776580810547
0.002993345260620117
0.00500178337097168
0.0040013790130615234
0.004998922348022461
0.004990577697753906
0.007999420166015625
0.0050280094146728516
0.009998083114624023
0.0020062923431396484
0.0030014514923095703
0.0019969940185546875
0.003000020980834961
0.005999565124511719
0.004000663757324219
0.0030291080474853516
0.0060045719146728516
0.0029938220977783203
0.010026693344116211
0.0049860477447509766
0.006003856658935547
0.005000114440917969
0.004002571105957031
0.0049953460693359375
0.003998756408691406
0.004001617431640625
0.004002094268798828
0.004000663757324219
0.002000570297241211
0.0030024051666259766
0.0030031204223632812
0.0039997100830078125
0.003996372222900391
0.003854036331176758
0.003998279571533203
0.0030031204223632812
0.0019986629486083984
0.004006385803222656
0.0029981136322021484
0.004495382308959961
0.003001689910888672
0.005988597869873047
0.0030012130737304688
0.006003141403198242
0.0029973983764648438
0.005997896194458008
0.003000497817993164
0.004237174987792969
