0.0005261898040771484
0.0019989013671875
0.0010008811950683594
0.0009522438049316406
0.002009153366088867
0.0009970664978027344
0.0019989013671875
0.00496983528137207
0.00499272346496582
0.002001047134399414
0.0057468414306640625
0.003002166748046875
0.008992195129394531
0.0029969215393066406
0.007000923156738281
0.0029952526092529297
0.004002571105957031
0.0029931068420410156
0.003000497817993164
0.005923271179199219
0.0030007362365722656
0.004001617431640625
0.007004976272583008
0.004026651382446289
0.0030014514923095703
0.0030059814453125
0.00500178337097168
0.008003711700439453
0.004999637603759766
0.005001068115234375
0.007615089416503906
0.007991313934326172
0.002995014190673828
0.007049083709716797
0.005338430404663086
0.008007287979125977
0.0030035972595214844
0.003968238830566406
0.0030007362365722656
0.0049991607666015625
0.0064013004302978516
0.004001617431640625
0.006999015808105469
0.007997751235961914
0.008970975875854492
0.004000663757324219
0.0030024051666259766
0.006992340087890625
0.006609678268432617
0.003998279571533203
0.005110740661621094
0.004999637603759766
0.006004810333251953
0.004996299743652344
0.0040013790130615234
0.005002021789550781
0.007006168365478516
0.010007143020629883
0.0040013790130615234
0.003992795944213867
0.004996299743652344
0.005002021789550781
0.008997440338134766
0.010002374649047852
0.010998249053955078
0.004648923873901367
0.006001472473144531
0.011004447937011719
0.004996776580810547
0.0040035247802734375
0.00399470329284668
0.006001472473144531
0.005003929138183594
0.005008220672607422
0.004003286361694336
0.005438327789306641
0.005001544952392578
0.0050008296966552734
0.004989147186279297
0.003995656967163086
0.00598597526550293
0.006002902984619141
0.0060007572174072266
0.005002737045288086
0.005252838134765625
0.005002498626708984
0.004994630813598633
0.004990339279174805
0.005015373229980469
0.005983591079711914
0.005987882614135742
0.005988359451293945
0.006027936935424805
0.0049877166748046875
0.005008220672607422
0.006993770599365234
0.005982637405395508
0.006002664566040039
0.006010532379150391
0.006998777389526367
0.005830287933349609
0.00699305534362793
0.007001399993896484
0.0060045719146728516
0.005999326705932617
0.005991220474243164
0.0050008296966552734
0.00601649284362793
0.004988193511962891
0.005997657775878906
0.0070037841796875
0.006005287170410156
0.006570339202880859
0.006001949310302734
0.006986141204833984
0.007984399795532227
0.006992816925048828
0.007016181945800781
0.0069963932037353516
0.006998777389526367
0.0059893131256103516
0.006982088088989258
0.0070018768310546875
0.007003307342529297
0.008010149002075195
0.00698399543762207
0.006991147994995117
0.008011341094970703
0.0069882869720458984
0.009002447128295898
0.0069882869720458984
0.006983280181884766
0.007003068923950195
0.006995439529418945
0.00799560546875
0.007982492446899414
0.008001565933227539
0.006993532180786133
0.007405281066894531
0.007298946380615234
0.006987333297729492
0.007991552352905273
0.007003307342529297
0.00800943374633789
0.00699162483215332
0.008995532989501953
0.008999824523925781
0.00814199447631836
0.008382320404052734
0.008986711502075195
0.008987188339233398
0.009001970291137695
0.009003639221191406
0.009006023406982422
0.007988214492797852
0.009993314743041992
0.007999181747436523
0.008718013763427734
0.009588003158569336
0.010011434555053711
0.00901937484741211
0.009987115859985352
0.009005069732666016
0.008999347686767578
0.009983062744140625
0.0089874267578125
0.010009527206420898
0.009985685348510742
0.008990049362182617
0.010016202926635742
0.009002923965454102
0.008995294570922852
0.009001493453979492
0.008988142013549805
0.01000070571899414
0.008988618850708008
0.009705781936645508
0.009993314743041992
0.010892868041992188
0.011004924774169922
