3.864164113998413
3.776216983795166
3.851408004760742
3.610689401626587
3.4748599529266357
3.976752281188965
3.8671860694885254
3.76115083694458
4.186520576477051
3.8799705505371094
4.082156181335449
4.4401326179504395
4.594492435455322
4.166672945022583
4.789222478866577
4.332326173782349
3.9785964488983154
4.43682074546814
4.2539756298065186
4.813847064971924
4.209625005722046
4.65256404876709
4.498487710952759
4.208590030670166
4.881662845611572
5.366208553314209
5.0609517097473145
5.344733238220215
5.0335853099823
4.820572376251221
5.053483247756958
4.806797027587891
5.1097753047943115
5.34114933013916
5.105114936828613
4.710917949676514
4.941871404647827
5.295587062835693
5.512765884399414
5.229480981826782
5.299741983413696
4.451347589492798
5.520784854888916
4.861657381057739
4.880783557891846
4.444798231124878
4.624589204788208
4.806437969207764
5.026487827301025
5.923776388168335
5.667993545532227
5.784714460372925
5.661314010620117
4.28667140007019
5.768973112106323
4.740065813064575
5.523415565490723
5.190303802490234
6.619990825653076
4.251511335372925
4.049229860305786
3.72721529006958
4.513254404067993
4.899183750152588
4.73799467086792
5.451789379119873
5.242649078369141
5.289785861968994
4.835911273956299
4.551568508148193
5.387676954269409
4.304231882095337
5.050806522369385
4.732090473175049
5.427933216094971
4.2469565868377686
5.098437786102295
3.9240610599517822
4.312241554260254
4.031804084777832
3.5810115337371826
4.047556400299072
3.9024693965911865
4.440268039703369
4.315834283828735
4.4994635581970215
4.372392654418945
4.539824962615967
4.758425951004028
4.624343156814575
4.340634822845459
4.431462526321411
4.566126108169556
4.490525484085083
4.267470598220825
4.758381605148315
4.65471887588501
5.131891489028931
4.484696865081787
4.7876198291778564
4.000015497207642
4.360367298126221
4.478327035903931
4.462784290313721
4.517711162567139
4.324037075042725
4.525446176528931
4.462923765182495
4.497696399688721
3.952336311340332
4.094879388809204
4.782834768295288
4.998344659805298
5.131910562515259
5.6519105434417725
5.690598011016846
4.651909828186035
4.977773904800415
5.110820293426514
4.901484966278076
5.49144172668457
5.014462947845459
5.077202081680298
5.589896202087402
5.092617034912109
5.641343355178833
5.351919889450073
5.131197690963745
5.104541778564453
5.984135150909424
4.052330017089844
5.369384050369263
5.314471960067749
5.714826583862305
5.445729732513428
4.673314332962036
5.261398792266846
6.033025503158569
3.9454030990600586
4.004115581512451
4.895118474960327
5.420679330825806
5.755417585372925
4.752288579940796
4.387576341629028
4.473345994949341
4.823255777359009
4.39511251449585
4.110016345977783
4.915772438049316
4.096980333328247
5.266838788986206
4.471870422363281
3.8880198001861572
5.153701305389404
5.856719255447388
6.966623783111572
6.423588991165161
6.251088380813599
6.928728103637695
5.3575098514556885
7.9684154987335205
6.8152759075164795
7.5512285232543945
7.58201789855957
5.396111726760864
8.75683045387268
5.614776372909546
8.611944198608398
5.277227163314819
8.658077716827393
5.076238632202148
9.374108791351318
5.5194666385650635
9.270695686340332
5.642737627029419
