8.54220986366272
6.013842582702637
9.136857986450195
6.2681615352630615
9.271278619766235
5.416981935501099
9.01244592666626
5.320433855056763
9.650956392288208
5.39919114112854
9.784066200256348
6.380030632019043
8.130252361297607
7.390712022781372
8.079127073287964
7.6798484325408936
6.754954099655151
7.1476991176605225
4.208950757980347
8.934931755065918
7.257479429244995
3.9802651405334473
5.582769155502319
8.514861583709717
7.058288097381592
3.990088701248169
5.244593143463135
8.565513134002686
7.099161148071289
4.44786810874939
4.605689764022827
9.863678693771362
6.52298641204834
4.473740100860596
9.03686261177063
9.088814496994019
6.353585243225098
4.026566028594971
4.236348390579224
7.013052225112915
9.46206784248352
4.687644720077515
4.461232662200928
9.45357871055603
8.585555076599121
4.656911849975586
4.208978652954102
5.6069769859313965
8.768768310546875
7.284656763076782
5.249906063079834
5.402486085891724
5.99820351600647
8.354521989822388
9.122446775436401
4.283895015716553
9.102183818817139
9.4044668674469
8.279755592346191
4.118336915969849
4.126770496368408
4.359534740447998
5.956104278564453
6.374044895172119
8.820515632629395
6.558420896530151
6.366142511367798
9.022427797317505
5.3488688468933105
4.412909507751465
3.7240166664123535
3.626094102859497
3.800884246826172
3.4837021827697754
3.6197850704193115
4.150277853012085
3.4555983543395996
3.739687204360962
3.571761131286621
3.7559847831726074
3.72835636138916
3.532769203186035
3.6832845211029053
3.6348636150360107
4.078015565872192
3.7068588733673096
3.6965150833129883
3.888645648956299
3.480705499649048
3.885629653930664
3.584453821182251
3.716907501220703
3.623222589492798
3.554107189178467
3.663473606109619
3.553846836090088
3.843310594558716
3.491145372390747
3.667541980743408
3.8609256744384766
3.4557509422302246
3.79701828956604
3.6232335567474365
3.899312734603882
3.670650005340576
3.4825825691223145
3.6747522354125977
3.590635299682617
3.9706194400787354
3.488138437271118
3.697918653488159
3.844960927963257
3.5138468742370605
3.8077094554901123
3.6453964710235596
3.8249621391296387
3.6198275089263916
3.570648431777954
3.7934255599975586
3.670769453048706
3.914250373840332
3.5219099521636963
3.6309194564819336
3.8822479248046875
3.5500545501708984
3.8725171089172363
3.5374057292938232
3.730480432510376
3.586406946182251
3.573256731033325
3.6027910709381104
3.590865135192871
3.930267333984375
3.501387357711792
3.6306371688842773
3.8930912017822266
3.5420236587524414
3.8207008838653564
3.5752370357513428
3.833261489868164
3.59238338470459
3.588111162185669
3.701482057571411
3.599856376647949
3.852599620819092
3.565180540084839
3.5864598751068115
3.842817783355713
3.5446367263793945
3.773036241531372
3.6595635414123535
3.800240993499756
3.723445415496826
3.616957426071167
3.7370262145996094
3.7152650356292725
3.861910104751587
3.660740613937378
3.8483080863952637
3.9332692623138428
3.4349706172943115
3.77883243560791
3.5935442447662354
3.8048017024993896
3.6129133701324463
3.5479001998901367
3.663196325302124
3.616788864135742
3.903061866760254
3.5466384887695312
3.911461353302002
4.1369569301605225
3.9126734733581543
4.117053270339966
3.947786569595337
3.9687869548797607
3.805060625076294
3.7956364154815674
4.277926206588745
4.080718517303467
