0.4059460163116455
0.02600574493408203
0.027999401092529297
0.02601313591003418
0.02620720863342285
0.025010347366333008
0.01868414878845215
0.018613815307617188
0.024401426315307617
0.01127767562866211
0.02375626564025879
0.010996103286743164
0.024995803833007812
0.010995864868164062
0.0250089168548584
0.010009050369262695
0.01799941062927246
0.01499629020690918
0.009999513626098633
0.02116537094116211
0.014006614685058594
0.010013818740844727
0.02700185775756836
0.01866436004638672
0.015071630477905273
0.01055002212524414
0.027019977569580078
0.02500438690185547
0.011003971099853516
0.013010501861572266
0.01502680778503418
0.02300882339477539
0.01000213623046875
0.019082307815551758
0.019006967544555664
0.023009061813354492
0.010512113571166992
0.012692928314208984
0.0110015869140625
0.02899956703186035
0.01714181900024414
0.010002613067626953
0.01800227165222168
0.025668859481811523
0.014007806777954102
0.012003660202026367
0.012004375457763672
0.020008325576782227
0.025992631912231445
0.010016441345214844
0.018001794815063477
0.015996932983398438
0.021013736724853516
0.021001338958740234
0.017999649047851562
0.016762495040893555
0.02400517463684082
0.027005910873413086
0.010004043579101562
0.010006904602050781
0.010001897811889648
0.016004085540771484
0.01700139045715332
0.0270078182220459
0.029569625854492188
0.012078046798706055
0.02300286293029785
0.023001909255981445
0.011001825332641602
0.01600360870361328
0.009994268417358398
0.010016202926635742
0.009987592697143555
0.008996963500976562
0.009993553161621094
0.009997129440307617
0.010002851486206055
0.01002049446105957
0.011017799377441406
0.009993791580200195
0.01099705696105957
0.009018659591674805
0.010564088821411133
0.010531902313232422
0.010002374649047852
0.01099252700805664
0.010017156600952148
0.010004043579101562
0.009002685546875
0.010002374649047852
0.00899505615234375
0.009999752044677734
0.011059284210205078
0.010009765625
0.014002561569213867
0.01000356674194336
0.010014057159423828
0.013004541397094727
0.009553909301757812
0.010002851486206055
0.009994745254516602
0.010009050369262695
0.01000213623046875
0.009514093399047852
0.010001897811889648
0.010989665985107422
0.009008407592773438
0.010002851486206055
0.01016092300415039
0.00900888442993164
0.010002374649047852
0.010004043579101562
0.01099538803100586
0.009994268417358398
0.014988183975219727
0.010988235473632812
0.010010004043579102
0.01498866081237793
0.009988546371459961
0.010006427764892578
0.009009361267089844
0.008989334106445312
0.009568929672241211
0.011008977890014648
0.011015653610229492
0.010039329528808594
0.010009050369262695
0.009995222091674805
0.010002374649047852
0.009993791580200195
0.010017156600952148
0.010988473892211914
0.009006738662719727
0.00899815559387207
0.010002613067626953
0.010004281997680664
0.01000833511352539
0.011003255844116211
0.00913858413696289
0.009992837905883789
0.014003515243530273
0.010013341903686523
0.011009931564331055
0.009008407592773438
0.010734319686889648
0.008996248245239258
0.008657693862915039
0.011688470840454102
0.00999140739440918
0.009001731872558594
0.010995149612426758
0.010013103485107422
0.00905466079711914
0.011010885238647461
0.011004447937011719
0.010016441345214844
0.010151147842407227
0.009993553161621094
0.00955057144165039
0.011003971099853516
0.015024185180664062
0.01500844955444336
0.012003183364868164
0.010002374649047852
0.011038780212402344
0.010258674621582031
0.011015892028808594
0.009996175765991211
0.00998687744140625
0.011001348495483398
0.011006593704223633
0.009990930557250977
0.010205268859863281
0.01400303840637207
0.00961446762084961
0.009003877639770508
0.010010242462158203
0.011107206344604492
0.011003255844116211
0.009574174880981445
