0.1536118984222412
0.013003110885620117
0.013003826141357422
0.015002965927124023
0.013536453247070312
0.012001514434814453
0.013025045394897461
0.012001752853393555
0.012018442153930664
0.012004375457763672
0.01201009750366211
0.013002872467041016
0.012018442153930664
0.01399540901184082
0.012001991271972656
0.01101541519165039
0.010019540786743164
0.015003442764282227
0.012000560760498047
0.019985675811767578
0.008994102478027344
0.008983850479125977
0.010013580322265625
0.009009361267089844
0.008737564086914062
0.008999824523925781
0.0180051326751709
0.017004728317260742
0.011551141738891602
0.016006946563720703
0.015004634857177734
0.014004230499267578
0.01600933074951172
0.016988754272460938
0.011019706726074219
0.016310691833496094
0.013989925384521484
0.03600811958312988
0.019269943237304688
0.014022350311279297
0.0220029354095459
0.019008159637451172
0.017015457153320312
0.015997886657714844
0.013004541397094727
0.014001131057739258
0.014997482299804688
0.015003442764282227
0.018999576568603516
0.016517162322998047
0.0178377628326416
0.014225959777832031
0.014205217361450195
0.014010190963745117
0.02439713478088379
0.02000570297241211
0.01201176643371582
0.012002944946289062
0.014001846313476562
0.016018152236938477
0.013003110885620117
0.017995595932006836
0.011995077133178711
0.014016151428222656
0.014556407928466797
0.011002540588378906
0.016010284423828125
0.035540103912353516
0.015145063400268555
0.023005008697509766
0.021991968154907227
0.022005319595336914
0.016570091247558594
0.018039464950561523
0.013002872467041016
0.013003110885620117
0.020003557205200195
0.015009164810180664
0.014004945755004883
0.014523506164550781
0.03204679489135742
0.019002914428710938
0.01699209213256836
0.011000871658325195
0.04750204086303711
0.015665292739868164
0.02000284194946289
0.02254486083984375
0.026005983352661133
0.02000737190246582
0.01700115203857422
0.021009445190429688
0.015008687973022461
0.018004655838012695
0.032015323638916016
0.01600480079650879
0.013000965118408203
0.035015106201171875
0.025007247924804688
0.015999555587768555
0.020468950271606445
0.013001203536987305
0.015004158020019531
0.03901267051696777
0.03599905967712402
0.01800394058227539
0.014002561569213867
0.03367805480957031
0.012849807739257812
0.013005256652832031
0.014006376266479492
0.01900339126586914
0.014006376266479492
0.012002944946289062
0.01700758934020996
0.03700685501098633
0.018004417419433594
0.022005081176757812
0.019010305404663086
0.016007184982299805
0.019006967544555664
0.021002531051635742
0.01601243019104004
0.03923392295837402
0.05101442337036133
0.03259539604187012
0.035004377365112305
0.016005516052246094
0.03264665603637695
0.02100396156311035
0.016654253005981445
0.016541481018066406
0.031000614166259766
0.02400493621826172
0.02700495719909668
0.01900482177734375
0.03137016296386719
0.01400136947631836
0.059008121490478516
0.014486551284790039
0.013550996780395508
0.019004106521606445
0.03999733924865723
0.017003297805786133
0.10693025588989258
0.05976247787475586
0.04800915718078613
0.0450131893157959
0.017003774642944336
0.020548582077026367
0.01900959014892578
0.013004779815673828
0.012988567352294922
0.012003183364868164
0.017542362213134766
