0.29190754890441895
0.02000141143798828
0.020995140075683594
0.014005422592163086
0.014996051788330078
0.016004562377929688
0.030006885528564453
0.021001577377319336
0.010686159133911133
0.012485027313232422
0.016528844833374023
0.016001224517822266
0.039400339126586914
0.024249792098999023
0.026003360748291016
0.00999593734741211
0.01399683952331543
0.025010108947753906
0.028006315231323242
0.02100849151611328
0.019001007080078125
0.02900075912475586
0.022006511688232422
0.031008243560791016
0.01390695571899414
0.03200697898864746
0.021002531051635742
0.024259328842163086
0.010009527206420898
0.018571138381958008
0.027032136917114258
0.010988712310791016
0.052430152893066406
0.024006366729736328
0.0290067195892334
0.024797916412353516
0.030007600784301758
0.020997285842895508
0.018006324768066406
0.024008750915527344
0.023002147674560547
0.02942347526550293
0.03265023231506348
0.016013145446777344
0.03200674057006836
0.016002178192138672
0.015001296997070312
0.03300595283508301
0.014011144638061523
0.027006864547729492
0.009990453720092773
0.01389312744140625
0.026588916778564453
0.015004396438598633
0.02359628677368164
0.030001163482666016
0.021001338958740234
0.044004201889038086
0.014643669128417969
0.025728702545166016
0.02900099754333496
0.013992547988891602
0.029004812240600586
0.016017675399780273
0.02699732780456543
0.01699972152709961
0.024004697799682617
0.023906230926513672
0.023029565811157227
0.01201176643371582
0.022007465362548828
0.012985706329345703
0.025002717971801758
0.015006303787231445
0.02127695083618164
0.014009237289428711
0.012001514434814453
0.015004634857177734
0.012000560760498047
0.017909526824951172
0.011001348495483398
0.014003753662109375
0.015785932540893555
0.012009620666503906
0.010000467300415039
0.013998746871948242
0.01708507537841797
0.010549545288085938
0.020523548126220703
0.018002033233642578
0.010000944137573242
0.01100301742553711
0.022998571395874023
0.01400303840637207
0.015198945999145508
0.018001317977905273
0.009996414184570312
0.013036966323852539
0.01101064682006836
0.024362802505493164
0.023002147674560547
0.02110910415649414
0.028006315231323242
0.01700425148010254
0.02100682258605957
0.022008180618286133
0.015000343322753906
0.01700448989868164
0.014642953872680664
0.017009496688842773
0.025995969772338867
0.013988494873046875
0.016011953353881836
0.013686656951904297
0.016002416610717773
0.02000141143798828
0.01501917839050293
0.012993097305297852
0.01001429557800293
