4.220296382904053
3.93550705909729
4.087738752365112
4.075052499771118
4.132126092910767
3.684368133544922
4.001800060272217
3.4806418418884277
3.820254325866699
4.069576740264893
3.9997940063476562
3.8849148750305176
3.676923990249634
3.846095561981201
3.896556854248047
4.067882776260376
3.5771899223327637
4.2902915477752686
3.8184542655944824
3.540390968322754
3.8376107215881348
3.636277914047241
3.890744686126709
3.6487154960632324
3.7957141399383545
3.8880860805511475
5.241105556488037
5.069201469421387
4.558502912521362
5.046218633651733
3.979280471801758
5.563938856124878
3.942549228668213
3.7794806957244873
4.011851787567139
3.7012743949890137
3.8971493244171143
4.153784275054932
5.337656259536743
4.488987445831299
4.489773273468018
4.1067140102386475
4.279250621795654
4.651510000228882
4.296684503555298
4.498853921890259
4.827129364013672
4.487678050994873
4.809717893600464
4.829809665679932
5.141494035720825
7.595394849777222
6.47420334815979
5.406628370285034
5.97007417678833
5.838761329650879
4.917999267578125
5.118186712265015
5.928789377212524
4.657095909118652
5.441153049468994
6.80695104598999
4.8309948444366455
5.298758506774902
4.5144970417022705
5.091012716293335
5.684433221817017
5.088353395462036
5.628032922744751
5.068484544754028
5.6451122760772705
5.652180194854736
5.7730066776275635
5.541573762893677
6.7877466678619385
5.62338924407959
6.192340612411499
6.3215272426605225
6.051112651824951
6.645514726638794
5.411882638931274
6.56926703453064
6.613419532775879
6.4347991943359375
7.780245065689087
7.7116100788116455
6.56076979637146
7.213369369506836
7.653837203979492
7.148318290710449
5.614328384399414
7.948810815811157
7.381806135177612
8.566428422927856
8.083756923675537
6.599903583526611
8.014871835708618
5.796482563018799
6.172442674636841
6.533660650253296
7.070496320724487
7.009526014328003
7.719377756118774
6.750816583633423
6.1771464347839355
7.162212133407593
8.360763788223267
7.547604560852051
5.856237888336182
6.5961315631866455
6.614840984344482
6.365860462188721
6.742300271987915
6.422678232192993
6.959332466125488
6.162944555282593
6.621809244155884
5.786055326461792
5.999328851699829
5.011452913284302
5.330291032791138
5.324841022491455
5.418427228927612
5.280101537704468
5.148791551589966
5.345708847045898
5.444531440734863
6.010966539382935
5.623454332351685
5.763325452804565
6.213242053985596
5.927454710006714
6.300045728683472
6.483876466751099
6.226590156555176
6.381621360778809
5.9997878074646
6.649928331375122
6.339132785797119
7.813022613525391
6.454848289489746
8.074633121490479
7.456543207168579
6.967398166656494
8.51716160774231
8.769511222839355
7.5307629108428955
6.67237114906311
8.237721920013428
7.152404069900513
7.708179712295532
7.838006258010864
7.87172794342041
8.751773834228516
7.478235244750977
