0.18457293510437012
0.015002965927124023
0.017003774642944336
0.01799464225769043
0.012996435165405273
0.012996196746826172
0.011989593505859375
0.013001203536987305
0.016076326370239258
0.01200103759765625
0.012002706527709961
0.015802383422851562
0.012992620468139648
0.03200531005859375
0.017004013061523438
0.015999317169189453
0.013004541397094727
0.013004064559936523
0.011003732681274414
0.011000871658325195
0.017697811126708984
0.012005805969238281
0.016001224517822266
0.012994766235351562
0.015004396438598633
0.016003847122192383
0.015004634857177734
0.016005992889404297
0.02400374412536621
0.018316268920898438
0.018994569778442383
0.014013528823852539
0.019002914428710938
0.016101837158203125
0.02300882339477539
0.025287389755249023
0.015009641647338867
0.012990951538085938
0.0149993896484375
0.01700115203857422
0.02300858497619629
0.021022796630859375
0.012006044387817383
0.012011528015136719
0.021005868911743164
0.01600337028503418
0.013010263442993164
0.021549224853515625
0.03000807762145996
0.02100229263305664
0.023007631301879883
0.01660323143005371
0.02300548553466797
0.03386092185974121
0.027552366256713867
0.011016368865966797
0.012997150421142578
0.011987686157226562
0.023006200790405273
0.01200246810913086
0.01500391960144043
0.014003515243530273
0.01854729652404785
0.0200040340423584
0.02200770378112793
0.013004541397094727
0.02802753448486328
0.0160369873046875
0.030994176864624023
0.02900552749633789
0.015020370483398438
0.02700495719909668
0.01254415512084961
0.015004158020019531
0.01899862289428711
0.018001317977905273
0.012017011642456055
0.010065555572509766
0.010020971298217773
0.01254129409790039
0.0200045108795166
0.01400446891784668
0.017006397247314453
0.019005298614501953
0.013005256652832031
0.012995243072509766
0.012984275817871094
0.009665489196777344
0.012898683547973633
0.028004169464111328
0.018011093139648438
0.01500082015991211
0.011991500854492188
0.01701211929321289
0.012990951538085938
0.012550115585327148
0.015997648239135742
0.014014959335327148
0.017991304397583008
0.015010356903076172
0.015003442764282227
0.012001514434814453
0.01811814308166504
0.015009164810180664
0.01399850845336914
0.014042377471923828
0.012001276016235352
0.01630568504333496
0.011993885040283203
0.012041568756103516
0.014019489288330078
0.012005090713500977
0.01900172233581543
0.014827728271484375
0.01999831199645996
0.01400446891784668
0.01702260971069336
0.023005008697509766
0.01500248908996582
0.023005008697509766
0.017880916595458984
0.021008968353271484
0.013002395629882812
0.014980792999267578
0.01800251007080078
0.0210111141204834
0.03400754928588867
0.02901625633239746
0.013014793395996094
0.017003536224365234
0.023004531860351562
0.013008356094360352
0.016986608505249023
0.02001023292541504
0.029015064239501953
0.0170137882232666
0.0380101203918457
0.010220050811767578
0.01400613784790039
0.01500391960144043
0.029008865356445312
0.04200601577758789
0.013010501861572266
0.01595020294189453
0.04252958297729492
0.016005516052246094
0.034006357192993164
0.01801133155822754
0.026997804641723633
0.01600027084350586
0.018671274185180664
0.01700139045715332
0.012998580932617188
0.014006614685058594
0.011022329330444336
0.02500295639038086
0.013003110885620117
0.031006336212158203
0.02300286293029785
0.03501009941101074
0.025002479553222656
0.02056121826171875
0.09244441986083984
0.03977394104003906
0.017061471939086914
0.033988237380981445
0.02000737190246582
0.2145063877105713
0.019003868103027344
0.028002023696899414
0.029008865356445312
0.26279497146606445
0.13915014266967773
0.2666051387786865
0.10020041465759277
0.2227001190185547
