7.129261493682861
9.09350323677063
6.18290376663208
9.710288047790527
7.7740960121154785
7.92354941368103
8.836098432540894
6.457176685333252
8.703946828842163
11.171900987625122
6.0674355030059814
8.938052892684937
7.4645092487335205
9.393619537353516
10.24831771850586
5.439006567001343
9.171475410461426
12.409573554992676
6.657232046127319
10.20490837097168
7.304163455963135
7.865769386291504
10.736807346343994
6.875160217285156
9.564441442489624
7.464128732681274
7.68511176109314
9.8939790725708
7.48006272315979
11.513922691345215
7.671712636947632
11.130656242370605
4.788396120071411
10.664182424545288
9.92604374885559
8.620046615600586
9.864650964736938
6.2903382778167725
11.11592149734497
4.981105089187622
10.17881965637207
6.894215106964111
8.138352870941162
10.487187623977661
5.304624080657959
11.054816961288452
9.120275020599365
10.053382635116577
7.206489324569702
9.925594806671143
7.802363157272339
8.908936500549316
6.192755460739136
11.702916860580444
5.96415638923645
9.151432275772095
10.296888589859009
10.663408517837524
6.341897249221802
7.797527313232422
10.490893125534058
5.295411825180054
12.312276124954224
6.579881906509399
7.161531448364258
10.540926218032837
8.049023389816284
10.415473699569702
9.212031364440918
6.84104585647583
10.755744218826294
7.333817720413208
6.910912036895752
8.286953210830688
5.735629558563232
6.141990900039673
4.93410587310791
4.65960693359375
4.717607498168945
5.304322957992554
4.732594728469849
5.379471302032471
5.375108003616333
4.906788110733032
4.749606609344482
5.294613599777222
5.21219277381897
4.8304972648620605
5.121739387512207
4.814547061920166
5.339150905609131
5.642796754837036
5.3002660274505615
5.517575740814209
5.149353981018066
5.74745512008667
5.71818470954895
5.273350954055786
5.539813995361328
6.284794092178345
5.954080104827881
5.837702751159668
5.158884286880493
5.805222034454346
6.428910970687866
5.305690050125122
6.125501871109009
5.545846939086914
6.448858737945557
5.958597660064697
5.670206546783447
5.5393226146698
6.6076202392578125
4.739506006240845
6.722992181777954
6.7027952671051025
4.795296669006348
6.053410291671753
6.25543737411499
