0.6641659736633301
0.6563479900360107
0.6397490501403809
0.6943871974945068
0.67629075050354
0.6698884963989258
0.693382740020752
0.6356542110443115
0.6614363193511963
0.6841351985931396
1.1665911674499512
1.3170711994171143
0.8244130611419678
0.7444319725036621
0.8698775768280029
0.7031199932098389
0.7045745849609375
0.6913301944732666
0.7205171585083008
0.7199797630310059
0.6498579978942871
0.6784040927886963
0.6745200157165527
0.7092487812042236
0.7155652046203613
0.7047133445739746
0.6633598804473877
0.6916012763977051
0.6586599349975586
0.7333972454071045
0.7453255653381348
0.785689115524292
0.653644323348999
0.7144839763641357
0.6989352703094482
0.7079756259918213
0.680718183517456
0.7669456005096436
0.6941211223602295
0.7268786430358887
0.6760232448577881
0.6852986812591553
0.7086789608001709
0.6514465808868408
0.6671409606933594
0.6632139682769775
0.7041974067687988
0.6943955421447754
0.7103321552276611
0.70163893699646
0.7331399917602539
0.6926910877227783
0.7085111141204834
0.6893327236175537
0.7159712314605713
0.7296366691589355
0.6566674709320068
0.6614990234375
0.6684043407440186
0.7214169502258301
0.6856436729431152
0.7090778350830078
0.6486365795135498
0.6709535121917725
0.6607637405395508
0.7045962810516357
0.6848437786102295
0.6893672943115234
0.6352362632751465
0.7051067352294922
0.6937294006347656
0.7371706962585449
0.7105855941772461
0.6773264408111572
0.6635189056396484
0.712960958480835
0.7020504474639893
0.7191264629364014
0.7186014652252197
0.6498618125915527
0.6790556907653809
0.6724095344543457
0.7117612361907959
0.7083044052124023
0.7055344581604004
0.6726639270782471
0.7021996974945068
0.7246832847595215
0.7265877723693848
0.701995849609375
0.6963210105895996
0.7096438407897949
0.6535062789916992
0.6853723526000977
0.6863932609558105
0.7370083332061768
0.6955399513244629
0.7159717082977295
0.6541719436645508
0.6837315559387207
0.673708438873291
0.7330470085144043
0.6964082717895508
0.6988117694854736
0.6449792385101318
0.7732300758361816
0.7074449062347412
0.7121787071228027
0.6608788967132568
0.6701831817626953
0.6584808826446533
0.7157835960388184
0.7384552955627441
0.7085995674133301
0.7163023948669434
0.657597541809082
0.6800587177276611
0.6736912727355957
0.7144899368286133
0.741114616394043
0.8054873943328857
0.7276968955993652
0.7326269149780273
0.6810002326965332
0.764157772064209
0.819666862487793
0.770129919052124
0.7684545516967773
0.6909282207489014
0.7294361591339111
0.7443532943725586
0.7975826263427734
0.7614901065826416
0.7623939514160156
0.7114677429199219
0.7014071941375732
0.7245011329650879
0.8915479183197021
