0.6781129837036133
0.6489424705505371
0.6450121402740479
0.6439013481140137
0.6383163928985596
0.6436278820037842
0.6340131759643555
0.6370649337768555
0.6395633220672607
0.6604928970336914
0.6959338188171387
0.6440515518188477
0.7425186634063721
0.6350817680358887
0.7010014057159424
0.7272207736968994
0.6219441890716553
0.7290637493133545
0.6420085430145264
0.6392805576324463
0.6459147930145264
0.6704905033111572
0.6566548347473145
0.6447052955627441
0.6552212238311768
0.6515505313873291
0.6508767604827881
0.6566734313964844
0.6419763565063477
0.638817548751831
0.6249761581420898
0.7263424396514893
0.6435778141021729
0.6468546390533447
0.6518127918243408
0.6473848819732666
0.6506872177124023
0.6448414325714111
0.6444036960601807
0.6389210224151611
0.6459813117980957
0.6349303722381592
0.6287944316864014
0.6185355186462402
0.7127141952514648
0.633908748626709
0.6196112632751465
0.7069220542907715
0.6216633319854736
0.7345640659332275
0.6564681529998779
0.6750392913818359
0.6444487571716309
0.643378734588623
0.6442129611968994
0.6624951362609863
0.6567702293395996
0.6733136177062988
1.2162013053894043
0.9493069648742676
0.7417638301849365
0.674586296081543
0.656796932220459
0.7644975185394287
0.6861977577209473
0.6649999618530273
0.6716175079345703
0.6553435325622559
0.6933190822601318
0.6675457954406738
0.6829116344451904
0.6677606105804443
0.6769139766693115
0.6632633209228516
0.6447579860687256
0.6368801593780518
0.7281885147094727
0.6396632194519043
0.6512453556060791
0.7527263164520264
0.6472451686859131
0.7567741870880127
0.6826848983764648
0.6695334911346436
0.657475471496582
0.6398046016693115
0.6452031135559082
0.6479272842407227
0.6412336826324463
0.6467866897583008
0.6417250633239746
0.63435959815979
0.6411213874816895
0.6248114109039307
0.6263024806976318
0.7253396511077881
0.643531084060669
0.6459362506866455
0.644345760345459
0.6443030834197998
0.6485247611999512
0.6473886966705322
0.644831657409668
0.6431488990783691
0.6395392417907715
0.649439811706543
0.6279425621032715
0.6194255352020264
0.711169958114624
0.6332037448883057
0.6282074451446533
0.7141091823577881
0.6275722980499268
0.7305691242218018
0.6520004272460938
0.6474840641021729
0.6461160182952881
0.659888744354248
0.6545350551605225
0.6450347900390625
0.646193265914917
0.6428995132446289
0.6488223075866699
0.6464438438415527
0.6477468013763428
0.6360602378845215
0.6333937644958496
0.6207621097564697
0.7097373008728027
0.6283669471740723
0.6136016845703125
0.6997172832489014
0.6162765026092529
0.7113893032073975
0.6135928630828857
0.7083156108856201
0.739668607711792
0.6483826637268066
0.6529626846313477
0.6496551036834717
0.6494519710540771
0.6485018730163574
0.6524562835693359
0.656181812286377
0.6506619453430176
0.6466572284698486
0.6482982635498047
0.6457514762878418
0.6543047428131104
0.651763916015625
0.6524331569671631
0.6458988189697266
0.6435244083404541
0.6455409526824951
0.6495258808135986
0.6429440975189209
0.6569700241088867
0.6435592174530029
0.6344153881072998
0.6228625774383545
0.7126739025115967
0.6334788799285889
0.6286771297454834
0.7164328098297119
0.6252110004425049
0.7401309013366699
0.6493804454803467
0.6506121158599854
0.6539361476898193
0.6471178531646729
0.6493699550628662
0.6476790904998779
0.6469380855560303
0.6499559879302979
0.6477992534637451
0.6496849060058594
0.6390254497528076
0.6389679908752441
0.6339054107666016
0.6261382102966309
0.7213053703308105
0.6371467113494873
0.6450273990631104
0.7174208164215088
0.6431283950805664
0.7095520496368408
0.630789041519165
0.7161598205566406
0.7466859817504883
0.6581058502197266
0.6552355289459229
0.6581921577453613
0.6621499061584473
0.6674392223358154
0.6598782539367676
0.687821626663208
0.6666445732116699
0.6508252620697021
0.6555376052856445
0.6601893901824951
0.6655087471008301
0.6744382381439209
0.6540765762329102
0.652808666229248
0.6571228504180908
0.6538815498352051
0.6586611270904541
0.6546876430511475
0.6547999382019043
0.6627442836761475
0.6366524696350098
0.6372084617614746
0.7229127883911133
0.6401321887969971
0.6270589828491211
0.7212862968444824
0.6503615379333496
0.7453627586364746
0.6530842781066895
0.6527695655822754
0.6579022407531738
0.6627278327941895
0.6614539623260498
0.6485416889190674
0.6612000465393066
0.6606099605560303
0.6609823703765869
0.6527135372161865
0.6505081653594971
0.6714227199554443
0.6749510765075684
0.6467654705047607
0.772022008895874
0.7284011840820312
0.7060003280639648
0.7900669574737549
0.7063179016113281
0.7895753383636475
0.6903524398803711
0.7815873622894287
0.8171713352203369
0.7328135967254639
0.7452826499938965
0.7206716537475586
0.7304046154022217
0.733893871307373
0.727691650390625
0.7375602722167969
0.7171516418457031
0.7229053974151611
0.743818998336792
0.7331602573394775
0.7388882637023926
0.7271780967712402
0.7639305591583252
