0.0009999275207519531
0.0010018348693847656
0.00098419189453125
0.0009999275207519531
0.0
0.0010058879852294922
0.0
0.0009999275207519531
0.00099945068359375
0.0009970664978027344
0.00099945068359375
0.0010001659393310547
0.0010004043579101562
0.0010004043579101562
0.0010023117065429688
0.0010001659393310547
0.001999378204345703
0.002999544143676758
0.0029926300048828125
0.0029990673065185547
0.0030019283294677734
0.0030007362365722656
0.0030014514923095703
0.0030138492584228516
0.0030007362365722656
0.0029883384704589844
0.003004312515258789
0.002994537353515625
0.0029916763305664062
0.0030019283294677734
0.003995656967163086
0.004001140594482422
0.0029828548431396484
0.003002643585205078
0.002001523971557617
0.003000497817993164
0.002981901168823242
0.0030007362365722656
0.002007007598876953
0.0030062198638916016
0.003000974655151367
0.003000974655151367
0.0029993057250976562
0.0030083656311035156
0.0030024051666259766
0.003000497817993164
0.003002643585205078
0.0030074119567871094
0.003002166748046875
0.003007650375366211
0.0030019283294677734
0.0030028820037841797
0.003987312316894531
0.0029990673065185547
0.00400090217590332
0.003997802734375
0.004001617431640625
0.0030066967010498047
0.014001846313476562
0.003999948501586914
0.0029990673065185547
0.003000497817993164
0.0029997825622558594
0.00500178337097168
0.0030002593994140625
0.005003690719604492
0.004003763198852539
0.004003047943115234
0.0030035972595214844
0.004000663757324219
0.0039975643157958984
0.004021883010864258
0.004007577896118164
0.004003286361694336
0.005016326904296875
0.0040013790130615234
0.004001617431640625
0.0030014514923095703
0.004008293151855469
0.00498652458190918
0.0039823055267333984
0.00400543212890625
0.005003690719604492
0.003999948501586914
0.00400853157043457
0.0050013065338134766
0.004000425338745117
0.003991603851318359
0.005005598068237305
0.005001068115234375
0.003980398178100586
0.004009246826171875
0.004988670349121094
0.005000114440917969
0.003985166549682617
0.004020214080810547
0.0040056705474853516
0.005013465881347656
0.005013227462768555
0.005004405975341797
0.004994630813598633
0.00458526611328125
0.00499415397644043
0.0049970149993896484
0.0050008296966552734
0.004012346267700195
0.004985332489013672
0.0049991607666015625
0.004984140396118164
0.003989219665527344
0.0050008296966552734
0.004987478256225586
0.005013227462768555
0.0050029754638671875
0.005013704299926758
0.005995750427246094
0.005007505416870117
0.006520748138427734
0.0055081844329833984
0.006102085113525391
0.0066182613372802734
0.0060007572174072266
0.005532979965209961
0.006000518798828125
0.006005764007568359
0.006007194519042969
0.006014347076416016
0.006012916564941406
0.00601506233215332
0.006860256195068359
0.0060272216796875
0.00599980354309082
0.006001710891723633
0.0065517425537109375
0.006020307540893555
0.006000518798828125
0.006983280181884766
0.00599980354309082
0.0070149898529052734
0.006012678146362305
0.006000518798828125
0.005987882614135742
0.006005525588989258
0.006997108459472656
0.006017923355102539
0.006994962692260742
0.007014751434326172
0.005990505218505859
0.006999492645263672
0.006993770599365234
0.007018566131591797
0.006993770599365234
0.007004737854003906
0.006986856460571289
0.006990194320678711
0.0069904327392578125
0.009004831314086914
0.007001638412475586
0.006001710891723633
0.006989240646362305
0.007008075714111328
0.008000850677490234
0.0061609745025634766
0.007008552551269531
0.008020877838134766
0.00697636604309082
0.007608890533447266
0.006989955902099609
0.0069997310638427734
0.006986141204833984
0.00800180435180664
0.006997108459472656
0.007999897003173828
0.006963491439819336
0.006994962692260742
0.007995128631591797
0.006995439529418945
0.0069997310638427734
0.007002115249633789
0.00799107551574707
0.008003711700439453
0.007000923156738281
0.007999658584594727
0.00800180435180664
0.008014440536499023
0.007005453109741211
0.00853586196899414
0.009000062942504883
0.008007526397705078
0.007999420166015625
0.00801396369934082
0.008003711700439453
0.008000373840332031
0.00850534439086914
0.008982419967651367
0.007790088653564453
0.008016347885131836
0.008003711700439453
0.008003473281860352
0.007996320724487305
0.008004426956176758
0.008008718490600586
0.009008169174194336
0.008007526397705078
0.008990049362182617
0.00800013542175293
0.008658647537231445
0.00798940658569336
0.009002923965454102
0.008984088897705078
0.00799417495727539
0.009007453918457031
0.007996797561645508
0.008008718490600586
0.008020639419555664
0.009992122650146484
0.00898885726928711
0.009021520614624023
0.009017467498779297
0.008014678955078125
0.00898289680480957
0.009000778198242188
0.012002706527709961
0.008984565734863281
0.008013010025024414
0.01598834991455078
0.009988784790039062
0.012017011642456055
0.008709192276000977
0.03698897361755371
0.039999961853027344
0.024003267288208008
0.05400252342224121
0.09415817260742188
0.08211708068847656
0.0831291675567627
0.0916743278503418
0.07500147819519043
0.0709998607635498
0.07200431823730469
0.0690000057220459
0.07502293586730957
0.08862495422363281
0.0691676139831543
0.07199645042419434
0.07302236557006836
0.0732109546661377
0.08468079566955566
0.067596435546875
0.0716257095336914
0.09454584121704102
0.07603573799133301
0.08301758766174316
0.07300209999084473
0.07701563835144043
