0.000993490219116211
0.0
0.0
0.0
0.0010004043579101562
0.001001596450805664
0.0
0.0009999275207519531
0.0009970664978027344
0.0010020732879638672
0.00400090217590332
0.002001523971557617
0.0009999275207519531
0.002001047134399414
0.002995729446411133
0.003003835678100586
0.0029959678649902344
0.0030002593994140625
0.0029859542846679688
0.0019958019256591797
0.001987457275390625
0.0029947757720947266
0.003003835678100586
0.0029850006103515625
0.003000020980834961
0.002989530563354492
0.0029997825622558594
0.0030007362365722656
0.0040035247802734375
0.004015684127807617
0.004002809524536133
0.0031898021697998047
0.003000974655151367
0.003000974655151367
0.003002643585205078
0.002981901168823242
0.002620697021484375
0.0030019283294677734
0.004004716873168945
0.003001689910888672
0.002995729446411133
0.003995656967163086
0.006562471389770508
0.0030753612518310547
0.003014802932739258
0.005000114440917969
0.003001689910888672
0.003000497817993164
0.003002166748046875
0.004002094268798828
0.002992868423461914
0.00299835205078125
0.0029850006103515625
0.0029959678649902344
0.007999897003173828
0.0030040740966796875
0.0030078887939453125
0.002994537353515625
0.0030062198638916016
0.003000497817993164
0.003000974655151367
0.004005908966064453
0.003003835678100586
0.003002166748046875
0.002999544143676758
0.0040073394775390625
0.002995729446411133
0.003997802734375
0.0039827823638916016
0.003000020980834961
0.005009174346923828
0.003999233245849609
0.004000186920166016
0.0029985904693603516
0.004000425338745117
0.002994537353515625
0.004990100860595703
0.003991603851318359
0.004002809524536133
0.003981113433837891
0.004000663757324219
0.003988027572631836
0.004004001617431641
0.0040018558502197266
0.004002809524536133
0.003993511199951172
0.004001140594482422
0.005001544952392578
0.00500178337097168
0.0050199031829833984
0.005007028579711914
0.0050013065338134766
0.0050048828125
0.004001140594482422
0.004591464996337891
0.004984855651855469
0.005012035369873047
0.0040132999420166016
0.004000663757324219
0.004984378814697266
0.00600433349609375
0.0049991607666015625
0.005015134811401367
0.0049512386322021484
0.005002021789550781
0.005002498626708984
0.005001068115234375
0.0050008296966552734
0.004999876022338867
0.004996061325073242
0.0050029754638671875
0.005168914794921875
0.005001544952392578
0.0050046443939208984
0.005012989044189453
0.007002830505371094
0.005003452301025391
0.00598907470703125
0.006982088088989258
0.009002685546875
0.0400080680847168
0.04200911521911621
0.020003080368041992
0.007005929946899414
0.05000019073486328
0.06401348114013672
0.05455470085144043
0.04500126838684082
0.04598832130432129
0.0410001277923584
0.04899716377258301
0.048993825912475586
0.051991939544677734
0.045331478118896484
0.05245637893676758
0.02199077606201172
0.04860687255859375
0.0530092716217041
