0.6251025199890137
0.6288774013519287
0.6260223388671875
0.624896764755249
0.6193253993988037
0.6245687007904053
0.6150217056274414
0.6165220737457275
0.619551420211792
0.639488697052002
0.6739284992218018
0.6239044666290283
0.7225155830383301
0.6150896549224854
0.6819961071014404
0.7060627937316895
0.6009414196014404
0.7070581912994385
0.6185359954833984
0.6176953315734863
0.6239132881164551
0.6474831104278564
0.634143590927124
0.6216988563537598
0.6342167854309082
0.6285631656646729
0.6252181529998779
0.634667158126831
0.6194343566894531
0.6152582168579102
0.6019763946533203
0.7033383846282959
0.621058464050293
0.6208479404449463
0.630134105682373
0.6253790855407715
0.6281399726867676
0.6218240261077881
0.621410608291626
0.6159017086029053
0.6189887523651123
0.6129133701324463
0.6067891120910645
0.5963780879974365
0.690711259841919
0.6099028587341309
0.5976064205169678
0.6829285621643066
0.5996541976928711
0.7125451564788818
0.6324629783630371
0.652031660079956
0.6214416027069092
0.6204268932342529
0.6221954822540283
0.638411283493042
0.6337823867797852
0.6492941379547119
1.1661896705627441
0.9213006496429443
0.7167580127716064
0.6486010551452637
0.6327915191650391
0.7344915866851807
0.6612002849578857
0.6400055885314941
0.648608922958374
0.6313290596008301
0.6683127880096436
0.6445412635803223
0.6599175930023193
0.6437256336212158
0.6528959274291992
0.6402571201324463
0.6207454204559326
0.6128718852996826
0.7051830291748047
0.6156771183013916
0.6252260208129883
0.7257192134857178
0.6242470741271973
0.7317614555358887
0.6546783447265625
0.6455299854278564
0.6344568729400635
0.61580491065979
0.6221940517425537
0.62392258644104
0.6172060966491699
0.6217682361602783
0.617739200592041
0.6113612651824951
0.6161229610443115
0.6006929874420166
0.6023128032684326
0.7013146877288818
0.6199657917022705
0.620894193649292
0.620328426361084
0.6203100681304932
0.6235311031341553
0.6230044364929199
0.6208205223083496
0.6191225051879883
0.615541934967041
0.624605655670166
0.6028366088867188
0.5956134796142578
0.6871700286865234
0.6091980934143066
0.6042020320892334
0.6895833015441895
0.6025667190551758
0.7055814266204834
0.6279754638671875
0.6200611591339111
0.6221108436584473
0.634361982345581
0.6285407543182373
0.6193258762359619
0.6205582618713379
0.6178936958312988
0.6242797374725342
0.6214382648468018
0.6217291355133057
0.6100432872772217
0.6079103946685791
0.5957574844360352
0.6847374439239502
0.6025078296661377
0.5880167484283447
0.6736986637115479
0.5902609825134277
0.6852703094482422
0.5875871181488037
0.681307315826416
0.7126638889312744
0.6233818531036377
0.6273045539855957
0.6236488819122314
0.623748779296875
0.6225094795227051
0.6254377365112305
0.6290068626403809
0.6246464252471924
0.6206703186035156
0.6222915649414062
0.6197621822357178
0.6272983551025391
0.6257822513580322
0.6264152526855469
0.6198945045471191
0.6165347099304199
0.6195428371429443
0.6232879161834717
0.616936445236206
0.6269509792327881
0.616553544998169
0.6084079742431641
0.5968568325042725
0.6856570243835449
0.6064732074737549
0.6019763946533203
0.6884357929229736
0.5982060432434082
0.7136092185974121
0.6217560768127441
0.62361741065979
0.6284253597259521
0.6200847625732422
0.6213624477386475
0.6216776371002197
0.6189353466033936
0.6238093376159668
0.6197919845581055
0.6216731071472168
0.6130249500274658
0.6119704246520996
0.6069173812866211
0.5991363525390625
0.6932954788208008
0.610142707824707
0.6170110702514648
0.6894137859344482
0.6151206493377686
0.6825611591339111
0.6005704402923584
0.6851682662963867
0.7166848182678223
0.6301188468933105
0.6276850700378418
0.6311874389648438
0.634143590927124
0.6373682022094727
0.6318790912628174
0.6573679447174072
0.6371273994445801
0.6228365898132324
0.6274662017822266
0.6311752796173096
0.6374990940093994
0.6453533172607422
0.6260712146759033
0.6247878074645996
0.629117488861084
0.625878095626831
0.629990816116333
0.6266815662384033
0.626805305480957
0.6347560882568359
0.6081008911132812
0.6081898212432861
0.6949167251586914
0.6111283302307129
0.5980472564697266
0.6892678737640381
0.621351957321167
0.716325044631958
0.624070405960083
0.625744104385376
0.6279022693634033
0.6327219009399414
0.6294474601745605
0.6205408573150635
0.6326611042022705
0.6256027221679688
0.6309943199157715
0.6207118034362793
0.6220188140869141
0.6148889064788818
0.613945722579956
0.6017558574676514
0.6980211734771729
0.6142473220825195
0.6038789749145508
0.6854095458984375
0.5946266651153564
0.6935558319091797
0.5983524322509766
0.683558464050293
0.7231700420379639
0.6328022480010986
0.6306667327880859
0.6265056133270264
0.6333906650543213
0.6352314949035645
0.6284539699554443
0.6318938732147217
0.6295502185821533
0.6312942504882812
0.6292686462402344
0.6311228275299072
0.6308722496032715
0.6341648101806641
0.6309001445770264
