0.03800797462463379
0.0030012130737304688
0.0019898414611816406
0.0020003318786621094
0.0029973983764648438
0.002004384994506836
0.0029876232147216797
0.003001689910888672
0.004015445709228516
0.003000020980834961
0.004001140594482422
0.0031354427337646484
0.0029997825622558594
0.0029931068420410156
0.0019989013671875
0.002990245819091797
0.0031044483184814453
0.003002643585205078
0.002989053726196289
0.0019958019256591797
0.002997875213623047
0.003001689910888672
0.002505779266357422
0.0029823780059814453
0.002012491226196289
0.0030007362365722656
0.004003047943115234
0.003008127212524414
0.0025358200073242188
0.0035600662231445312
0.0030007362365722656
0.003000974655151367
0.0030014514923095703
0.0030002593994140625
0.003674030303955078
0.0030035972595214844
0.00299835205078125
0.004007577896118164
0.002981424331665039
0.0030078887939453125
0.004002094268798828
0.0030126571655273438
0.003002643585205078
0.002000570297241211
0.0030045509338378906
0.003000020980834961
0.0029985904693603516
0.003000974655151367
0.0030024051666259766
0.0019996166229248047
0.002998828887939453
0.003000497817993164
0.0030028820037841797
0.0030002593994140625
0.002007722854614258
0.003000497817993164
0.001988649368286133
0.004002809524536133
0.006000995635986328
0.0030012130737304688
0.0020051002502441406
0.003989458084106445
0.003000974655151367
0.003000020980834961
0.003000974655151367
0.003000497817993164
0.002008199691772461
0.0030095577239990234
0.003000497817993164
0.0029990673065185547
0.002992391586303711
0.0020017623901367188
0.0029985904693603516
0.0019981861114501953
0.0030128955841064453
0.0030012130737304688
0.0030002593994140625
0.0029892921447753906
0.003007650375366211
0.004006147384643555
0.0030126571655273438
0.0040013790130615234
0.0029985904693603516
0.0030007362365722656
0.0030069351196289062
0.0030002593994140625
0.002004861831665039
0.0029997825622558594
0.0030050277709960938
0.0030059814453125
0.003002166748046875
0.003000497817993164
0.0030002593994140625
0.002584695816040039
0.0029954910278320312
0.0030069351196289062
0.0030002593994140625
0.003993988037109375
0.003012418746948242
0.0020003318786621094
0.0029821395874023438
0.0030138492584228516
0.00299835205078125
0.0030066967010498047
0.002994060516357422
0.003345012664794922
0.0039904117584228516
0.0019936561584472656
0.003006458282470703
0.0030002593994140625
0.0030062198638916016
0.0030128955841064453
0.0039904117584228516
0.002981424331665039
0.0029993057250976562
0.0049855709075927734
0.0019888877868652344
0.0030019283294677734
0.0030002593994140625
0.003031015396118164
0.0030128955841064453
0.0020012855529785156
0.0020003318786621094
0.0030031204223632812
0.004007816314697266
0.0029990673065185547
0.003087759017944336
0.0029876232147216797
0.0029892921447753906
0.0029821395874023438
0.003040313720703125
0.0030014514923095703
0.003989696502685547
0.0029828548431396484
0.0029854774475097656
0.003000497817993164
0.003019571304321289
0.0019996166229248047
0.002654552459716797
0.001983642578125
0.0037164688110351562
0.0030059814453125
0.00301361083984375
0.0030066967010498047
0.0030052661895751953
0.0029952526092529297
0.002987384796142578
0.0030012130737304688
0.003001689910888672
0.001977682113647461
0.0029935836791992188
0.0019989013671875
0.0029811859130859375
0.0030128955841064453
0.0029993057250976562
0.0029954910278320312
0.003005504608154297
0.003000020980834961
0.0030007362365722656
0.0030128955841064453
0.0029990673065185547
0.0030012130737304688
0.002995014190673828
0.00299072265625
0.0029985904693603516
0.0030002593994140625
0.0030007362365722656
0.0029888153076171875
0.002506256103515625
0.003014802932739258
0.003000497817993164
0.002981901168823242
0.00299835205078125
0.003000497817993164
0.0030145645141601562
0.0030117034912109375
0.002980947494506836
0.0020012855529785156
0.0029900074005126953
0.003007173538208008
0.003000974655151367
0.002998828887939453
0.003000497817993164
0.003000020980834961
0.003001689910888672
0.0029959678649902344
0.0031604766845703125
0.0030007362365722656
0.0029952526092529297
0.002989053726196289
0.0029838085174560547
0.002986907958984375
0.003002643585205078
0.003007650375366211
0.0030138492584228516
0.0040090084075927734
0.0029993057250976562
0.003988504409790039
0.0019922256469726562
0.004001617431640625
0.003002166748046875
0.0030074119567871094
0.002986907958984375
0.003002643585205078
0.0030057430267333984
0.0040204524993896484
0.003000497817993164
0.0030128955841064453
0.0029952526092529297
0.0030007362365722656
0.003995180130004883
0.0030128955841064453
0.003000974655151367
0.003007173538208008
0.0029935836791992188
0.0030012130737304688
0.003009319305419922
0.0030014514923095703
0.002994060516357422
0.0020008087158203125
0.003016948699951172
0.0030014514923095703
0.0030007362365722656
0.0030074119567871094
0.0030007362365722656
0.0030002593994140625
0.003995656967163086
0.001995086669921875
0.002999544143676758
0.0035228729248046875
0.003007650375366211
0.003000497817993164
0.003005504608154297
0.0040128231048583984
0.003000497817993164
0.004010438919067383
0.0030128955841064453
0.004000425338745117
0.003124237060546875
0.009008407592773438
0.008983850479125977
0.007982969284057617
0.008990049362182617
0.007996320724487305
0.008007526397705078
0.008001327514648438
0.007995843887329102
0.004001617431640625
0.003000497817993164
0.0029888153076171875
0.0039997100830078125
0.007994890213012695
0.00800776481628418
0.0030128955841064453
0.039000749588012695
