0.61202073097229
0.637338399887085
0.6211943626403809
0.675363302230835
0.6562750339508057
0.6498916149139404
0.6733858585357666
0.6146500110626221
0.6414308547973633
0.6601274013519287
1.1265814304351807
1.2825870513916016
0.7974104881286621
0.7094221115112305
0.8468837738037109
0.6804347038269043
0.6815619468688965
0.6683244705200195
0.6955058574676514
0.6949751377105713
0.6278445720672607
0.6534059047698975
0.6505112648010254
0.687241792678833
0.692025899887085
0.6816520690917969
0.6383609771728516
0.6685504913330078
0.6356508731842041
0.7033483982086182
0.7123157978057861
0.7581043243408203
0.6306390762329102
0.6914794445037842
0.6738855838775635
0.6819689273834229
0.6569156646728516
0.7389380931854248
0.6651113033294678
0.7042922973632812
0.6540062427520752
0.6612863540649414
0.6813960075378418
0.6283121109008789
0.6431467533111572
0.6372098922729492
0.6801915168762207
0.6713895797729492
0.6868200302124023
0.6686322689056396
0.709134578704834
0.6690511703491211
0.6855025291442871
0.6643235683441162
0.6859645843505859
0.7056279182434082
0.6326513290405273
0.6379637718200684
0.6443989276885986
0.6974115371704102
0.6616809368133545
0.6855282783508301
0.6256246566772461
0.6479465961456299
0.6367583274841309
0.6805837154388428
0.661839485168457
0.6653652191162109
0.6112487316131592
0.6810917854309082
0.6671757698059082
0.7111656665802002
0.6855800151824951
0.6533217430114746
0.6395308971405029
0.688967227935791
0.6760547161102295
0.6945674419403076
0.6945962905883789
0.6258718967437744
0.6550383567810059
0.6474082469940186
0.6857671737670898
0.6832990646362305
0.6805248260498047
0.6446571350097656
0.673192024230957
0.694674015045166
0.7015016078948975
0.6773958206176758
0.6703076362609863
0.6846308708190918
0.6255104541778564
0.6603589057922363
0.6607921123504639
0.7110064029693604
0.6695301532745361
0.6909542083740234
0.6291513442993164
0.6587305068969727
0.6466987133026123
0.7050395011901855
0.6713862419128418
0.6727170944213867
0.6179947853088379
0.7442164421081543
0.6819546222686768
0.6861896514892578
0.6358761787414551
0.645594596862793
0.6334822177886963
0.6889064311981201
0.7124536037445068
0.6810612678527832
0.6902966499328613
0.6305904388427734
0.6540493965148926
0.6476840972900391
0.6874978542327881
0.7081079483032227
0.7354714870452881
0.6636824607849121
0.6836233139038086
0.647982120513916
0.6905841827392578
0.7336483001708984
0.6935703754425049
0.7034547328948975
0.6239235401153564
0.6668517589569092
0.6672508716583252
0.7225639820098877
0.6834750175476074
0.6901719570159912
0.6363518238067627
0.6578218936920166
0.6538825035095215
0.7765214443206787
