0.03655838966369629
0.0020058155059814453
0.0020072460174560547
0.0019991397857666016
0.0029990673065185547
0.0030066967010498047
0.002992391586303711
0.003000497817993164
0.0020036697387695312
0.0030012130737304688
0.0040013790130615234
0.004000186920166016
0.0059986114501953125
0.005001544952392578
0.003000020980834961
0.0029850006103515625
0.0020132064819335938
0.003001689910888672
0.0040171146392822266
0.003998517990112305
0.0030007362365722656
0.005014657974243164
0.0030143260955810547
0.0019986629486083984
0.0030062198638916016
0.0030477046966552734
0.0030126571655273438
0.003000974655151367
0.0030019283294677734
0.004010677337646484
0.0040018558502197266
0.0030019283294677734
0.0030007362365722656
0.003015756607055664
0.003005504608154297
0.0029997825622558594
0.0030143260955810547
0.00500178337097168
0.003001689910888672
0.0025091171264648438
0.00200653076171875
0.0030128955841064453
0.0029926300048828125
0.0029914379119873047
0.0029997825622558594
0.0040073394775390625
0.0019998550415039062
0.002001523971557617
0.003431081771850586
0.0060007572174072266
0.003001689910888672
0.0019989013671875
0.002004861831665039
0.0040094852447509766
0.003002166748046875
0.0030007362365722656
0.0040051937103271484
0.002995729446411133
0.002996206283569336
0.002992868423461914
0.0029621124267578125
0.0019936561584472656
0.0030066967010498047
0.0020024776458740234
0.0029993057250976562
0.002995014190673828
0.003006458282470703
0.001993417739868164
0.0030007362365722656
0.003003358840942383
0.003984928131103516
0.0030007362365722656
0.0030012130737304688
0.003000020980834961
0.0029973983764648438
0.003000497817993164
0.003988742828369141
0.003000974655151367
0.0019981861114501953
0.0030050277709960938
0.0031518936157226562
0.0030035972595214844
0.0019953250885009766
0.0029993057250976562
0.003002166748046875
0.0030014514923095703
0.004000186920166016
0.003008604049682617
0.002997875213623047
0.0025703907012939453
0.0029942989349365234
0.0030014514923095703
0.0039942264556884766
0.0030007362365722656
0.003002643585205078
0.0030128955841064453
0.0029876232147216797
0.003995418548583984
0.0030007362365722656
0.0020127296447753906
0.003000497817993164
0.003004789352416992
0.0020051002502441406
0.0030100345611572266
0.003979921340942383
0.0030007362365722656
0.0030105113983154297
0.0020003318786621094
0.0020058155059814453
0.002000093460083008
0.003000020980834961
0.0030057430267333984
0.0029964447021484375
0.0030040740966796875
0.0039882659912109375
0.0020034313201904297
0.002998828887939453
0.0019991397857666016
0.001994609832763672
0.0029997825622558594
0.00400090217590332
0.004002571105957031
0.008995771408081055
0.007991552352905273
0.004001140594482422
0.0030002593994140625
0.004001617431640625
0.0029947757720947266
0.004011392593383789
0.0035915374755859375
0.010021209716796875
0.009016275405883789
0.009002923965454102
0.008888483047485352
0.003947019577026367
0.003007650375366211
0.0040018558502197266
0.04301023483276367
