0.037992238998413086
0.0030014514923095703
0.004001140594482422
0.0030002593994140625
0.003011465072631836
0.009006261825561523
0.008006811141967773
0.002980947494506836
0.003999948501586914
0.0020046234130859375
0.003983974456787109
0.003002166748046875
0.004000186920166016
0.003000974655151367
0.003999948501586914
0.00900125503540039
0.008698701858520508
0.008002519607543945
0.00800323486328125
0.008605003356933594
0.008016347885131836
0.009005069732666016
0.008002519607543945
0.03701496124267578
