9.536985397338867
9.473777294158936
9.701928615570068
10.233626127243042
10.128374814987183
9.304404497146606
10.131176948547363
11.298648357391357
10.384804725646973
10.533984422683716
10.513412714004517
9.861236810684204
11.114363193511963
10.961448669433594
10.600106239318848
10.332626819610596
11.280912399291992
10.523325204849243
11.654056072235107
11.31390380859375
10.461687088012695
11.07705545425415
12.65955662727356
10.283499479293823
12.0395028591156
11.81428050994873
11.257267475128174
12.803521871566772
13.89835810661316
13.38597059249878
11.946080923080444
11.461059331893921
12.860877990722656
12.832026243209839
14.33642053604126
12.570934534072876
14.625943183898926
15.010593891143799
10.704715967178345
12.250141620635986
14.603685855865479
13.886750221252441
14.82098937034607
13.230910062789917
13.811687707901001
12.32631540298462
15.155069351196289
14.808197975158691
13.920621156692505
13.671719074249268
14.823282957077026
12.880059719085693
13.004820108413696
17.95387077331543
10.639435529708862
14.833341121673584
10.225525379180908
14.881308555603027
16.796546459197998
9.780200481414795
15.51805067062378
12.749642848968506
14.792931079864502
18.420812606811523
10.72249984741211
15.316989421844482
16.431886196136475
16.30873680114746
10.691645383834839
18.635712146759033
13.327392578125
10.997939109802246
