12.459365844726562
11.278684139251709
11.989186525344849
11.177987575531006
11.214427947998047
11.691482782363892
12.62375283241272
11.553077220916748
10.59203052520752
13.801572322845459
11.750627517700195
14.266738414764404
12.93019151687622
12.39605164527893
11.770770072937012
13.235044717788696
14.318992137908936
13.578489780426025
13.356908321380615
13.23664116859436
15.043712854385376
10.811240196228027
13.867419958114624
15.778380632400513
12.547205686569214
16.74114727973938
11.533997297286987
15.734650135040283
14.06253957748413
13.734121561050415
12.948740005493164
13.931177377700806
11.325169801712036
16.049722909927368
13.076645612716675
13.091369152069092
14.336580753326416
13.774874925613403
13.33679747581482
17.28811264038086
12.13526725769043
19.356707096099854
15.88235878944397
13.296393871307373
16.156261920928955
16.3594331741333
11.883664846420288
15.234816551208496
9.854338645935059
13.163790464401245
16.138684034347534
9.69025707244873
9.52357268333435
13.442400217056274
15.929542541503906
9.357346773147583
10.619220495223999
18.52858018875122
11.401272058486938
8.98633360862732
12.865921974182129
17.474250555038452
9.331061840057373
11.483564615249634
19.056174516677856
10.697206020355225
10.005481481552124
12.414777278900146
10.32284140586853
