12.192495584487915
10.337510108947754
10.97310185432434
11.206285953521729
12.68827748298645
11.252454280853271
11.4590322971344
11.907143115997314
10.49675464630127
12.763176679611206
11.119439125061035
12.872919082641602
11.25929594039917
12.168156862258911
12.203941345214844
12.561412811279297
13.669122457504272
12.670445203781128
11.14799165725708
13.382686376571655
12.529989004135132
13.124537706375122
14.107949495315552
10.259056329727173
13.118761539459229
15.638490200042725
14.600988626480103
13.195375442504883
14.281131029129028
12.8462975025177
15.187447547912598
12.843574285507202
13.055112600326538
14.915536642074585
13.522778272628784
14.475515365600586
12.62052035331726
16.398793697357178
13.974942922592163
12.531742095947266
15.819440364837646
15.998736143112183
12.243804931640625
18.145440340042114
13.00135588645935
13.949052572250366
18.20919704437256
12.136087894439697
16.994159936904907
11.344033479690552
12.42799162864685
11.748501539230347
11.8388831615448
10.61643671989441
11.2998206615448
11.517470121383667
11.276355504989624
12.074089050292969
12.576611042022705
11.611387252807617
11.529664754867554
10.846297979354858
11.624173402786255
12.13025712966919
12.63222622871399
12.13508939743042
13.062409400939941
10.891931772232056
13.681589603424072
11.48964810371399
12.415415525436401
