9.174615621566772
8.914897918701172
8.84047555923462
8.499231815338135
8.62467908859253
9.39561939239502
9.067695617675781
9.440764904022217
8.883607149124146
9.012223720550537
9.574825048446655
8.96097993850708
9.461801052093506
8.823455810546875
9.682027578353882
9.494278192520142
9.291430711746216
10.159952163696289
10.012996673583984
9.640766143798828
10.270267009735107
10.73360562324524
10.983280420303345
9.417219400405884
10.639675617218018
9.9617338180542
11.730370283126831
9.909483194351196
11.480512619018555
11.448384046554565
11.871564388275146
11.646912813186646
11.361037492752075
12.339438438415527
11.23034930229187
12.583565950393677
10.803701400756836
13.456644535064697
13.397304058074951
11.611022472381592
11.737850666046143
11.656139850616455
12.938556671142578
10.434600114822388
15.044322490692139
11.279630422592163
14.850248098373413
10.890361547470093
11.543014764785767
10.295079946517944
12.679983139038086
11.81662631034851
15.183778762817383
13.576798915863037
10.187860012054443
13.585833072662354
13.853180885314941
9.980280876159668
16.49778962135315
9.654121160507202
15.113849639892578
11.676355838775635
11.29222846031189
15.041346788406372
12.639372110366821
10.624852657318115
13.86825680732727
16.347421407699585
8.700990200042725
17.942088842391968
10.262114524841309
13.65158200263977
10.358990669250488
12.107034683227539
13.214414596557617
17.23857355117798
9.025022506713867
14.080533981323242
19.61233401298523
