0.0010313987731933594
0.002559185028076172
0.015067100524902344
0.002634763717651367
0.003000497817993164
0.0030014514923095703
0.0027594566345214844
0.0029952526092529297
0.002998828887939453
0.0040035247802734375
0.003126859664916992
0.003998994827270508
0.014250755310058594
0.004999876022338867
0.0030024051666259766
0.004000663757324219
0.004000425338745117
0.006432533264160156
0.003998756408691406
0.0029981136322021484
0.003985166549682617
0.003531932830810547
0.027939558029174805
0.0036482810974121094
0.004000663757324219
0.014213323593139648
0.004998445510864258
0.008552312850952148
0.010844230651855469
0.0047299861907958984
0.0073583126068115234
0.03357362747192383
0.007005929946899414
0.018629789352416992
0.006808280944824219
0.007002115249633789
0.00548553466796875
0.008002996444702148
0.0067217350006103516
0.005003213882446289
0.0198516845703125
0.023002147674560547
0.01400446891784668
0.010218143463134766
0.007094144821166992
0.008000850677490234
0.009003877639770508
0.009493827819824219
0.01593947410583496
0.04471778869628906
0.007161855697631836
0.010520696640014648
0.009023904800415039
0.018314361572265625
0.009302377700805664
0.033452510833740234
0.03855586051940918
0.045007944107055664
0.010027885437011719
0.02869868278503418
0.01380157470703125
0.06006884574890137
0.036010026931762695
0.05522465705871582
0.01638031005859375
0.01716160774230957
0.08102679252624512
0.016201257705688477
0.050550222396850586
0.08509206771850586
0.0210111141204834
0.03778862953186035
