0.0009996891021728516
0.0029501914978027344
0.003003358840942383
0.0019996166229248047
0.002936124801635742
0.002999544143676758
0.0030012130737304688
0.002997159957885742
0.0030002593994140625
0.00400090217590332
0.004000663757324219
0.003505229949951172
0.0030753612518310547
0.0030014514923095703
0.00400233268737793
0.003002166748046875
0.0040013790130615234
0.003988742828369141
0.00400090217590332
0.004993915557861328
0.00800180435180664
0.004986763000488281
0.004998922348022461
0.01200246810913086
0.00501704216003418
0.00552058219909668
0.006006002426147461
0.004006862640380859
0.006528615951538086
0.01299905776977539
0.00899505615234375
0.012001752853393555
0.005007743835449219
0.004350900650024414
0.00509333610534668
0.005001068115234375
0.010994672775268555
0.003991842269897461
0.0050067901611328125
0.00600123405456543
0.0050013065338134766
0.005569934844970703
0.016025066375732422
0.006521940231323242
0.014451980590820312
0.010998249053955078
0.0058574676513671875
0.015013933181762695
0.013512372970581055
0.014067888259887695
0.009003639221191406
0.022010326385498047
0.006764650344848633
0.012003421783447266
0.010538339614868164
0.007092714309692383
0.013538837432861328
0.008977651596069336
0.01792311668395996
0.00800323486328125
0.026012182235717773
0.009080886840820312
0.0197446346282959
0.010002374649047852
0.026110172271728516
0.03402900695800781
0.031341552734375
0.010006189346313477
0.014994382858276367
0.024036884307861328
0.015526294708251953
0.016863346099853516
0.04411649703979492
0.017041683197021484
0.05601024627685547
0.021870851516723633
0.02103710174560547
0.04200911521911621
0.06261920928955078
