0.016686677932739258
0.0140228271484375
0.014007329940795898
0.02976226806640625
0.04971456527709961
0.015003681182861328
0.041008710861206055
0.01878499984741211
0.019521713256835938
0.0180511474609375
0.02106618881225586
0.018020153045654297
0.024016141891479492
0.01913595199584961
0.021588802337646484
0.018920183181762695
0.022031545639038086
0.018001556396484375
0.015512943267822266
0.02100539207458496
0.02101302146911621
0.02099156379699707
0.09480786323547363
0.021619319915771484
0.04752540588378906
0.01899576187133789
0.02403712272644043
0.025007009506225586
0.017999887466430664
0.02205634117126465
0.04133439064025879
0.0715641975402832
0.06317996978759766
0.032032012939453125
0.02383589744567871
0.046009063720703125
0.022509336471557617
0.0230252742767334
0.06902503967285156
0.04449272155761719
0.022518157958984375
0.048094987869262695
0.02202892303466797
0.0285341739654541
0.06500840187072754
0.051897287368774414
0.022523164749145508
0.024047136306762695
0.029994964599609375
0.06585240364074707
0.03953099250793457
0.04154038429260254
0.04809069633483887
0.029180526733398438
0.02402496337890625
0.031822919845581055
0.02289438247680664
0.025774240493774414
0.02552318572998047
0.03473925590515137
0.05107450485229492
0.061199188232421875
0.059093475341796875
0.02764606475830078
0.025015830993652344
0.02846693992614746
0.06201934814453125
0.05516386032104492
0.03017711639404297
0.058744192123413086
0.054048776626586914
