0.014581680297851562
0.015010595321655273
0.019005775451660156
0.02785944938659668
0.04941606521606445
0.01902937889099121
0.01902031898498535
0.015210866928100586
0.018002986907958984
0.10536789894104004
0.04600858688354492
0.17502284049987793
0.03995251655578613
0.04265880584716797
0.01801156997680664
0.017991065979003906
0.016019344329833984
0.02839517593383789
0.14033985137939453
0.02300286293029785
0.03313446044921875
0.022799253463745117
0.032256126403808594
0.12880587577819824
0.038938045501708984
0.021049022674560547
0.04409432411193848
0.02214217185974121
0.026958703994750977
0.22958016395568848
0.07235884666442871
0.01908135414123535
0.01956772804260254
0.02651691436767578
0.03572416305541992
0.026360273361206055
0.02305006980895996
0.03804612159729004
0.21439361572265625
0.020725727081298828
0.047009944915771484
0.028008222579956055
0.0426783561706543
0.027111053466796875
0.12937664985656738
0.0647745132446289
0.025119781494140625
0.06790447235107422
0.029749631881713867
0.10402178764343262
0.025008678436279297
0.025005817413330078
0.031015396118164062
0.10201597213745117
0.03024005889892578
0.03000664710998535
0.13256525993347168
0.066436767578125
0.03229546546936035
0.0268404483795166
0.10126304626464844
0.03161978721618652
0.030217647552490234
0.13847064971923828
0.05976104736328125
0.028664112091064453
0.03403043746948242
0.035007476806640625
0.02800583839416504
