9.113972187042236
9.29299283027649
9.463314294815063
10.07429051399231
9.926527500152588
9.141649961471558
9.983152627944946
11.11603045463562
10.240307331085205
10.362058639526367
10.356218338012695
9.657936096191406
10.809842348098755
10.800994634628296
10.445239305496216
10.168565511703491
11.124374389648438
10.220508098602295
11.490014553070068
11.154056310653687
10.302424430847168
10.923521518707275
12.328143119812012
10.134897708892822
11.89209508895874
11.553678750991821
11.088303804397583
12.616310834884644
13.557815790176392
13.22889256477356
11.704459190368652
11.16603398323059
12.699949264526367
12.551302671432495
14.186729669570923
12.404789924621582
14.31204628944397
14.71286392211914
10.547870635986328
12.086618661880493
14.25934386253357
13.56094765663147
14.488427639007568
12.941669225692749
13.617784976959229
12.131390571594238
14.956355810165405
14.433708429336548
13.60236406326294
13.077458620071411
14.677717685699463
12.629875659942627
12.840551376342773
17.62096619606018
10.473992347717285
14.563844442367554
9.903418064117432
14.581132173538208
16.62185525894165
9.431789875030518
15.335432052612305
12.424619913101196
14.484830379486084
18.11904811859131
10.557177543640137
15.133795738220215
16.019179821014404
16.1426420211792
10.320496082305908
18.223775148391724
13.149177074432373
10.691133499145508
