11.424137592315674
10.172587156295776
10.795706510543823
10.88212513923645
11.839669704437256
10.960692644119263
11.024887323379517
11.573566913604736
10.322402000427246
12.51987075805664
10.700943946838379
12.528406620025635
10.91614842414856
11.8859703540802
11.888928174972534
12.274259805679321
13.240017175674438
12.424912214279175
10.912296056747437
13.088237047195435
12.230310201644897
12.894243001937866
13.262757539749146
9.901711702346802
12.858676671981812
15.229697942733765
14.154393911361694
12.974448204040527
13.983372449874878
12.495246887207031
14.50276231765747
12.401769638061523
12.682322978973389
14.612828493118286
13.327350378036499
14.112446546554565
12.240540504455566
16.009358167648315
12.777706146240234
11.731999397277832
15.455552339553833
14.941844463348389
11.958473443984985
17.67991280555725
12.368794679641724
13.238725900650024
17.69074010848999
11.897349834442139
16.678425550460815
10.940566062927246
11.933285474777222
11.25365948677063
11.341038465499878
10.37367558479309
10.93209195137024
11.23178243637085
11.006860256195068
11.79935073852539
12.262903928756714
11.296640872955322
10.784075021743774
10.057130813598633
10.73311471939087
11.914247751235962
12.43385124206543
11.731422424316406
12.146234512329102
9.863320112228394
13.295291423797607
11.031385898590088
11.361511945724487
