11.933263063430786
11.130610466003418
11.725351572036743
10.868963718414307
10.51265001296997
11.372644186019897
12.350720643997192
11.228084564208984
10.401609659194946
13.234251976013184
11.16481351852417
13.28284239768982
12.15196704864502
11.578896522521973
11.445715188980103
12.97903299331665
13.964946508407593
13.066505908966064
12.780420303344727
12.828208446502686
14.469481706619263
10.517164707183838
12.98996376991272
14.697962999343872
12.173053979873657
16.44987916946411
10.70542573928833
15.268567562103271
13.309126615524292
13.111032485961914
12.54079818725586
13.71607780456543
11.138591766357422
15.800720930099487
12.241672992706299
12.721039533615112
13.93753457069397
12.891043901443481
12.185384511947632
16.92837142944336
11.800370216369629
18.758646965026855
14.838124752044678
12.884371995925903
15.303628921508789
15.41516900062561
11.490788698196411
14.476972103118896
9.363315105438232
12.231040239334106
15.683286905288696
9.254074811935425
9.019743919372559
12.419995546340942
15.663046836853027
9.065929174423218
10.018296957015991
17.926025390625
11.2021484375
8.808338642120361
12.472905158996582
17.266716718673706
8.92925500869751
10.598677635192871
18.713452339172363
10.53156328201294
9.406436681747437
11.646979331970215
10.12956190109253
