8.758198261260986
8.779981851577759
8.691431760787964
8.330681085586548
8.465769290924072
9.240523338317871
8.90405797958374
9.280928373336792
8.736861228942871
8.862599611282349
9.352254867553711
8.800072193145752
9.3273446559906
8.688935995101929
9.427388668060303
9.354108333587646
9.136750936508179
10.020716905593872
9.864920616149902
9.478286266326904
10.091481685638428
10.584816455841064
10.82656216621399
9.197420597076416
10.483943939208984
9.805657625198364
11.55829644203186
9.753885746002197
11.23887324333191
11.143113374710083
11.558243036270142
11.32547926902771
11.209792137145996
12.211237668991089
11.081484079360962
12.432788133621216
10.587995052337646
13.31675386428833
13.248227834701538
11.456502914428711
11.58482575416565
11.504947185516357
12.703451156616211
10.293311595916748
14.710710763931274
10.958899736404419
14.701353311538696
10.665881156921387
11.206511974334717
10.03730058670044
12.507026195526123
11.521982908248901
15.034159660339355
13.324984312057495
10.029235363006592
13.424980401992798
13.554461240768433
9.816832780838013
16.207013368606567
9.479062795639038
14.807251930236816
11.52590036392212
10.948622941970825
14.882364273071289
12.363032341003418
10.39242672920227
13.534942388534546
16.189414262771606
8.541199684143066
17.68891954421997
10.111885786056519
13.439270496368408
10.042291402816772
11.950347900390625
12.87438178062439
16.999695301055908
8.866971731185913
13.748814582824707
19.22999405860901
