0.3122677803039551
0.0300447940826416
0.029100418090820312
0.017464160919189453
0.03691673278808594
0.023006439208984375
0.023517370223999023
0.02201247215270996
0.018632173538208008
0.022326231002807617
0.024014949798583984
0.028409481048583984
0.04006457328796387
0.017004966735839844
0.026017189025878906
0.020002126693725586
0.021392345428466797
0.06017732620239258
0.025005578994750977
0.020584583282470703
0.0160219669342041
0.017024993896484375
0.04749178886413574
0.01901102066040039
0.017003774642944336
0.034372568130493164
0.026870012283325195
0.01797795295715332
0.07788896560668945
0.021047115325927734
0.03408384323120117
0.03300809860229492
0.020001649856567383
0.042012691497802734
0.018890857696533203
0.0229952335357666
0.1724700927734375
0.07105350494384766
0.019327402114868164
0.019364118576049805
0.05301046371459961
0.05002093315124512
0.06106209754943848
0.03982257843017578
0.027018070220947266
0.030055999755859375
0.029925823211669922
0.20775127410888672
0.03818464279174805
0.2990891933441162
0.02039313316345215
0.04218244552612305
0.020026445388793945
0.05204939842224121
0.021131038665771484
0.042006492614746094
0.04252195358276367
0.03900575637817383
0.023028850555419922
0.039093732833862305
0.027071475982666016
0.04853653907775879
0.03967738151550293
0.024006128311157227
0.025240659713745117
0.02196669578552246
0.04944586753845215
0.020565509796142578
0.0455470085144043
0.04207348823547363
0.030504465103149414
0.02800607681274414
