0.30571579933166504
0.020569562911987305
0.015995502471923828
0.024434566497802734
0.02101588249206543
0.023051738739013672
0.026003122329711914
0.01700568199157715
0.019353151321411133
0.017275333404541016
0.03777909278869629
0.024213314056396484
0.022632122039794922
0.017555713653564453
0.039533376693725586
0.023001432418823242
0.021003246307373047
0.01659393310546875
0.016260623931884766
0.016231298446655273
0.024713993072509766
0.015520572662353516
0.019005775451660156
0.029520511627197266
0.024929285049438477
0.024540185928344727
0.02005290985107422
0.02100348472595215
0.03420758247375488
0.05037665367126465
0.04804658889770508
0.04628586769104004
0.01545095443725586
0.015009880065917969
0.016997098922729492
0.018059492111206055
0.019006013870239258
0.0160675048828125
0.018025636672973633
0.01755666732788086
0.025010347366333008
0.016004323959350586
0.030587196350097656
0.01899242401123047
0.04908609390258789
0.03407096862792969
0.019034385681152344
0.025799989700317383
0.058026790618896484
0.03900861740112305
0.0225067138671875
0.021004915237426758
0.0181427001953125
0.03700995445251465
0.016750097274780273
0.026021957397460938
0.042246103286743164
0.019009113311767578
0.039679527282714844
0.025005817413330078
0.038007497787475586
0.016987323760986328
0.04106879234313965
0.020312070846557617
0.031002044677734375
0.019006967544555664
0.044802188873291016
0.020001888275146484
0.02201366424560547
0.033048391342163086
0.01702570915222168
0.029049396514892578
0.03181004524230957
0.016964435577392578
0.04905128479003906
0.033095359802246094
0.015833377838134766
0.04158425331115723
0.038065433502197266
