0.6217117309570312
0.02237224578857422
0.03760409355163574
0.05101275444030762
0.5925445556640625
0.15404224395751953
0.17740631103515625
0.18967485427856445
0.03201794624328613
0.09762859344482422
0.26428842544555664
0.16875576972961426
0.1402583122253418
0.1310129165649414
0.15573573112487793
0.14888215065002441
0.2535586357116699
0.08854246139526367
0.0957033634185791
0.11249375343322754
0.1165320873260498
0.07888007164001465
0.5107378959655762
0.19648075103759766
0.052013397216796875
0.2559957504272461
0.2654435634613037
0.052884817123413086
0.13374066352844238
0.19500064849853516
0.42675232887268066
0.0941007137298584
0.06035351753234863
0.05174875259399414
0.021994829177856445
0.06076216697692871
0.2344799041748047
0.226698637008667
0.8521082401275635
0.5267429351806641
0.2125711441040039
0.7549586296081543
0.14103293418884277
0.2919175624847412
0.34907031059265137
0.39915013313293457
0.3560612201690674
0.08111381530761719
0.1206824779510498
0.14560461044311523
0.22211885452270508
0.21676301956176758
0.21256351470947266
0.09082818031311035
0.2153170108795166
0.11819577217102051
0.12417483329772949
0.1321873664855957
0.17656826972961426
0.111175537109375
0.4355659484863281
0.46599245071411133
0.5915312767028809
0.061057090759277344
0.05738019943237305
0.25902247428894043
0.6408975124359131
0.7209827899932861
0.22047805786132812
0.13739824295043945
0.701502799987793
