0.42942070960998535
0.024242639541625977
0.09006977081298828
0.05987095832824707
0.47878217697143555
0.15158867835998535
0.11290526390075684
0.1900770664215088
0.029720783233642578
0.277698278427124
0.35665154457092285
0.6062469482421875
0.48343586921691895
0.5325868129730225
0.18396854400634766
0.11148619651794434
0.1925363540649414
0.2816011905670166
0.2478954792022705
0.22727394104003906
0.31983113288879395
0.11581897735595703
0.6088354587554932
0.6607992649078369
0.10654783248901367
0.15456390380859375
0.5339081287384033
0.29955244064331055
0.5513870716094971
0.16073918342590332
0.13045573234558105
0.07242393493652344
0.04852485656738281
0.07236766815185547
0.5844614505767822
0.21387839317321777
0.24978923797607422
0.6230306625366211
0.692774772644043
0.19329428672790527
0.0630650520324707
0.4061434268951416
0.7853803634643555
0.23231077194213867
0.5001685619354248
0.6265268325805664
0.22502493858337402
0.4632906913757324
0.3264007568359375
0.5788311958312988
0.3100602626800537
0.28824377059936523
0.31409525871276855
0.5857045650482178
0.10418438911437988
0.12091231346130371
0.24615955352783203
0.27205729484558105
0.02151012420654297
0.025005578994750977
0.053008317947387695
0.02616143226623535
0.24399900436401367
0.5181047916412354
0.05908513069152832
0.022017478942871094
0.4268922805786133
0.5831751823425293
0.03053116798400879
