2.6714043617248535
2.733156442642212
2.58193039894104
2.414555788040161
2.707758665084839
2.4588394165039062
2.3780288696289062
2.3139913082122803
2.5209426879882812
2.623103618621826
2.3479299545288086
2.367121458053589
2.549980640411377
2.612046718597412
2.3576390743255615
2.3282299041748047
2.600151538848877
2.3019306659698486
2.502021551132202
2.5307559967041016
2.586041212081909
2.3740572929382324
2.3445258140563965
2.308293581008911
2.543149471282959
2.609127998352051
2.3646926879882812
2.6079840660095215
2.3816049098968506
2.3277218341827393
2.5886991024017334
2.3143832683563232
2.554927110671997
2.323620080947876
2.5672762393951416
2.3522863388061523
2.5728390216827393
2.3628013134002686
2.554572343826294
2.313323497772217
2.532907724380493
2.3865156173706055
2.549495220184326
2.5562069416046143
2.267507791519165
2.527219533920288
2.540193557739258
2.348527193069458
2.5016281604766846
2.6508448123931885
2.403907537460327
2.578029155731201
2.5754032135009766
2.3095710277557373
2.556558609008789
2.5665409564971924
2.2895336151123047
2.506828784942627
2.547564744949341
2.289059638977051
2.496020793914795
2.554222822189331
2.3315484523773193
2.5315608978271484
2.5418002605438232
2.285583019256592
2.493086576461792
2.5645759105682373
2.2875254154205322
2.493126392364502
2.6248655319213867
2.625615119934082
2.3705127239227295
2.3679862022399902
2.2941246032714844
2.510816812515259
2.56591796875
2.360623359680176
2.5922040939331055
2.354644298553467
2.368469715118408
2.55962872505188
2.3217828273773193
2.5555927753448486
2.29134464263916
2.566776990890503
2.364241361618042
2.5406150817871094
2.307227373123169
2.5509743690490723
2.3345232009887695
2.545569896697998
2.338869571685791
2.5787665843963623
2.327509880065918
2.5498459339141846
2.338218927383423
2.5425941944122314
2.3139536380767822
2.546355962753296
2.565980911254883
2.3188605308532715
2.523552417755127
2.5633859634399414
2.3209450244903564
2.5245473384857178
2.5672693252563477
2.3069517612457275
2.5341789722442627
2.5516488552093506
2.3042309284210205
2.5562145709991455
2.7117831707000732
2.546877384185791
2.6598479747772217
2.8076164722442627
2.640592098236084
2.7302279472351074
2.6275699138641357
2.3985371589660645
2.604806423187256
2.5971767902374268
2.3525803089141846
2.5958268642425537
2.619575023651123
2.366844654083252
2.5779268741607666
2.6405930519104004
2.6265969276428223
2.371951103210449
2.3550236225128174
2.30885910987854
2.643611431121826
2.725466251373291
2.559581756591797
2.7116024494171143
2.6056203842163086
2.338308572769165
2.6367740631103516
2.3963513374328613
2.654803514480591
2.386563777923584
2.638592481613159
2.3798820972442627
2.7028355598449707
2.467268705368042
2.7051596641540527
2.4195892810821533
2.671266794204712
2.3624536991119385
2.7400293350219727
2.423544406890869
