1.938035249710083
1.8855481147766113
1.88755464553833
1.8495755195617676
2.1535685062408447
2.605576753616333
2.5359561443328857
2.5271942615509033
2.6197493076324463
2.478158473968506
2.596506118774414
2.6836092472076416
2.578578233718872
2.5631179809570312
2.4843032360076904
2.569026470184326
2.640594720840454
2.506167411804199
2.6385934352874756
2.6594622135162354
2.5408923625946045
2.5145773887634277
2.674593925476074
2.570570468902588
2.5125648975372314
2.596966028213501
2.554560899734497
2.3395462036132812
2.5301573276519775
2.619905471801758
2.6625990867614746
2.5602774620056152
2.672950267791748
2.7367048263549805
2.654115915298462
2.7896268367767334
2.5095629692077637
2.5419557094573975
2.6630637645721436
2.526266574859619
2.511575937271118
2.6098792552948
2.4301512241363525
2.5966532230377197
2.525567054748535
2.6645901203155518
2.512103796005249
2.660384178161621
2.4798147678375244
2.589106321334839
2.6467621326446533
2.3921968936920166
2.6385738849639893
2.5489983558654785
2.5925252437591553
2.6557352542877197
2.530701160430908
2.7519686222076416
2.5991344451904297
2.6006007194519043
2.6045656204223633
2.5503246784210205
2.549623489379883
2.6929941177368164
2.648944854736328
2.7212131023406982
2.7161333560943604
2.513016939163208
2.6215760707855225
2.7383666038513184
2.622596025466919
2.506274461746216
2.6901192665100098
2.5135068893432617
2.366870164871216
2.58526611328125
2.7306132316589355
2.5794267654418945
2.5220112800598145
2.7350947856903076
2.593587636947632
2.562445640563965
2.5836071968078613
2.4555585384368896
2.548189401626587
2.740285873413086
2.5755155086517334
2.612107276916504
2.5735573768615723
2.5185532569885254
2.588796854019165
2.5639748573303223
2.62845778465271
2.6155872344970703
2.7046217918395996
2.5128555297851562
2.613507032394409
2.6051254272460938
2.5655674934387207
2.5761454105377197
2.7258358001708984
2.7971529960632324
2.517580270767212
2.638577461242676
2.612670421600342
2.6397602558135986
2.6295714378356934
2.6252169609069824
2.7809553146362305
2.454509973526001
2.605128049850464
2.665904998779297
2.6444461345672607
2.587622880935669
2.5845940113067627
2.681209087371826
2.5582661628723145
2.728186845779419
2.687732219696045
2.7147159576416016
2.5908007621765137
2.615128993988037
2.6122219562530518
2.715118408203125
