2.68451189994812
2.7756309509277344
2.466689348220825
2.572861909866333
2.6125943660736084
2.7478160858154297
2.667414426803589
2.690605401992798
2.7135720252990723
2.531055212020874
2.614143133163452
2.7761178016662598
2.658597469329834
2.6776084899902344
2.7285382747650146
2.6085729598999023
2.6314704418182373
2.798295736312866
2.607652425765991
2.661057233810425
2.8076517581939697
2.6401546001434326
2.5017433166503906
2.7526047229766846
2.7735769748687744
2.6613118648529053
2.4695751667022705
2.679600477218628
2.6237452030181885
2.7741923332214355
2.724931001663208
2.7586331367492676
2.769249200820923
2.453778028488159
2.6565213203430176
2.8076322078704834
2.622116804122925
2.682918071746826
2.8266427516937256
2.7924444675445557
2.4939234256744385
2.655867099761963
2.7172646522521973
2.7233169078826904
2.7134792804718018
2.887211799621582
2.779496192932129
2.659043788909912
2.619588613510132
2.6678571701049805
2.768976926803589
2.6187124252319336
2.6615896224975586
2.634692668914795
2.7385408878326416
2.5906565189361572
2.771829605102539
2.711609125137329
2.813110828399658
2.6453187465667725
2.6991302967071533
2.660008192062378
2.715827226638794
2.7090227603912354
2.4275519847869873
2.6295840740203857
2.6096994876861572
2.6299777030944824
2.620082139968872
2.688603162765503
2.768073081970215
2.4823648929595947
2.7244975566864014
2.753438949584961
2.704604387283325
2.7286133766174316
2.773630142211914
2.697624921798706
2.613360643386841
2.604006767272949
2.6101279258728027
2.7318592071533203
2.6556105613708496
2.7211923599243164
2.7248806953430176
2.73673152923584
2.714601993560791
2.802910804748535
2.6583831310272217
2.850364923477173
2.6665992736816406
2.8456380367279053
2.798139810562134
2.7932188510894775
2.8147871494293213
2.589094400405884
2.7488019466400146
2.638000249862671
2.742614269256592
2.7656354904174805
2.7676327228546143
2.8183553218841553
2.469886302947998
2.661583662033081
2.7326130867004395
2.7526180744171143
2.773134231567383
2.738234043121338
2.760765314102173
2.726628303527832
2.7273058891296387
2.757856607437134
2.762619972229004
2.6996524333953857
2.7239692211151123
2.6725966930389404
2.8243768215179443
2.8497366905212402
4.041831016540527
2.9326584339141846
2.947808027267456
2.875136613845825
2.8670763969421387
3.07668399810791
