2.7096080780029297
2.357192277908325
2.580594778060913
2.3340749740600586
2.596459150314331
2.6100332736968994
2.404939651489258
2.6455934047698975
2.63413405418396
2.3328914642333984
2.542076826095581
2.6265816688537598
2.3312902450561523
2.5523762702941895
2.632571220397949
2.410365581512451
2.580610513687134
2.65346360206604
2.3195950984954834
2.6785805225372314
2.7048075199127197
2.3953654766082764
2.621243476867676
2.576572895050049
2.3430309295654297
2.551598310470581
2.6178598403930664
2.3286826610565186
2.549377679824829
2.6260592937469482
2.335195302963257
2.5326638221740723
2.608077049255371
2.663050651550293
2.413565158843994
2.378516435623169
2.368696451187134
2.584658622741699
2.616532802581787
2.375316619873047
2.6438589096069336
2.433858871459961
2.452540874481201
2.800172805786133
2.4805355072021484
2.689809799194336
2.408763885498047
2.8320953845977783
2.523695468902588
2.933823823928833
2.5460009574890137
2.7183711528778076
2.4762074947357178
2.754598617553711
2.465473175048828
2.6927731037139893
2.3922908306121826
2.690009593963623
2.444556951522827
2.6775941848754883
2.3781328201293945
2.5775797367095947
2.622725486755371
2.4131879806518555
2.625959873199463
2.6710853576660156
2.366530179977417
2.5999386310577393
2.7072629928588867
2.403076171875
2.594562292098999
2.6666412353515625
2.4370646476745605
2.6776223182678223
2.6675851345062256
2.3784360885620117
2.658379316329956
2.7171454429626465
2.9425761699676514
3.125176191329956
3.018127918243408
2.5204758644104004
3.031515598297119
2.9196553230285645
2.5745766162872314
2.790018081665039
2.7984254360198975
2.6181490421295166
2.795790910720825
2.83369779586792
2.935236692428589
2.6225733757019043
2.5835821628570557
2.522900342941284
2.782607316970825
3.334760904312134
2.5364043712615967
2.749433755874634
2.5071797370910645
2.521106481552124
2.725538730621338
2.4646031856536865
2.6394078731536865
2.3826677799224854
2.6796116828918457
2.35575008392334
2.630014181137085
2.376899003982544
2.6165919303894043
2.423546314239502
2.636155843734741
2.3555409908294678
2.6183011531829834
2.387148857116699
2.607832670211792
2.358536958694458
2.5843396186828613
2.336259365081787
2.561788558959961
2.6235718727111816
2.3412349224090576
2.6211657524108887
2.6085872650146484
2.348957061767578
2.5706822872161865
2.7320609092712402
2.340095281600952
2.5616981983184814
2.601978302001953
2.3966903686523438
2.5541188716888428
2.5961153507232666
2.3428444862365723
2.644343614578247
2.585568428039551
2.3665430545806885
2.5457913875579834
2.6121184825897217
2.454698085784912
3.5367891788482666
2.8046345710754395
2.5525617599487305
2.765397787094116
2.8970460891723633
2.5084497928619385
2.823634147644043
2.641599416732788
2.6925976276397705
2.4805569648742676
2.4455490112304688
2.408541679382324
2.66560959815979
