0.000993490219116211
0.0010001659393310547
0.0010042190551757812
0.0
0.001007080078125
0.00099945068359375
0.0009987354278564453
0.0010013580322265625
0.0009999275207519531
0.0010123252868652344
0.001001596450805664
0.0009992122650146484
0.0010006427764892578
0.0009996891021728516
0.0010001659393310547
0.0010027885437011719
0.001001119613647461
0.0010004043579101562
0.000997304916381836
0.0010035037994384766
0.0020134449005126953
0.0019986629486083984
0.00099945068359375
0.0020008087158203125
0.0010020732879638672
0.0010006427764892578
0.0010001659393310547
0.002000570297241211
0.0009996891021728516
0.0020079612731933594
0.0019996166229248047
0.0009946823120117188
0.0010008811950683594
0.0020008087158203125
0.002000570297241211
0.0009980201721191406
0.002000570297241211
0.0019996166229248047
0.003000974655151367
0.002007007598876953
0.0020008087158203125
0.0020122528076171875
0.0020003318786621094
0.0020058155059814453
0.0020008087158203125
0.0030012130737304688
0.0030002593994140625
0.0029985904693603516
0.003000974655151367
0.002012491226196289
0.0030012130737304688
0.0020127296447753906
0.0029799938201904297
0.0029990673065185547
0.002995729446411133
0.002992868423461914
0.002986907958984375
0.0029990673065185547
0.003000020980834961
0.002994537353515625
0.00400090217590332
0.003000020980834961
0.004007816314697266
0.0030014514923095703
0.004001140594482422
0.003993988037109375
0.003986358642578125
0.003981113433837891
0.003988981246948242
0.00399327278137207
0.0049915313720703125
0.004000663757324219
0.003998517990112305
0.004995107650756836
0.0040013790130615234
0.004986763000488281
0.003987550735473633
0.004004955291748047
0.004994630813598633
0.004994630813598633
0.004990577697753906
0.003988981246948242
0.005015134811401367
0.0060002803802490234
0.005010366439819336
0.005007743835449219
0.005001544952392578
0.006002187728881836
0.005990266799926758
0.00500035285949707
0.004986286163330078
0.0060007572174072266
0.0060007572174072266
0.006010532379150391
0.0060040950775146484
0.005982875823974609
0.0050008296966552734
0.0060040950775146484
0.006003618240356445
0.00599360466003418
0.006991386413574219
0.007002115249633789
0.007000923156738281
0.005982398986816406
0.0070018768310546875
0.007039308547973633
0.007002353668212891
0.006994485855102539
0.008001565933227539
0.007016181945800781
0.0069997310638427734
0.00800180435180664
0.007001638412475586
0.0069963932037353516
0.0070040225982666016
0.00800180435180664
0.009002208709716797
0.008003473281860352
0.008000373840332031
0.008000612258911133
0.009002923965454102
0.007990360260009766
0.01000213623046875
0.009003877639770508
