0.0010001659393310547
0.0010080337524414062
0.0010001659393310547
0.0010006427764892578
0.0009925365447998047
0.0009996891021728516
0.0009987354278564453
0.0010018348693847656
0.001995563507080078
0.0010018348693847656
0.0020089149475097656
0.0009975433349609375
0.000980377197265625
0.0009875297546386719
0.0010006427764892578
0.0010001659393310547
0.0020101070404052734
0.001001596450805664
0.0020029544830322266
0.0010025501251220703
0.0020012855529785156
0.0010068416595458984
0.0020084381103515625
0.002001047134399414
0.0019872188568115234
0.0010075569152832031
0.002002239227294922
0.001993894577026367
0.0020008087158203125
0.002000570297241211
0.002001523971557617
0.00099945068359375
0.002000570297241211
0.0020029544830322266
0.0019986629486083984
0.0019996166229248047
0.001999378204345703
0.0020132064819335938
0.0019998550415039062
0.002008676528930664
0.002012491226196289
0.002003908157348633
0.00203704833984375
0.0019991397857666016
0.0029935836791992188
0.003000974655151367
0.0020017623901367188
0.0030007362365722656
0.003008127212524414
0.001981019973754883
0.0029997825622558594
0.003007650375366211
0.003002643585205078
0.002988100051879883
0.0030019283294677734
0.0030126571655273438
0.0030188560485839844
0.0030007362365722656
0.003001689910888672
0.0030117034912109375
0.002993345260620117
0.004000663757324219
0.004001140594482422
0.004001140594482422
0.003995656967163086
0.00400090217590332
0.0050008296966552734
0.0050013065338134766
0.0040132999420166016
0.003999471664428711
0.004999637603759766
0.0040013790130615234
0.004034280776977539
0.00400090217590332
0.0050008296966552734
0.004000425338745117
0.003981828689575195
0.0040073394775390625
0.004012107849121094
0.005003452301025391
0.005001068115234375
0.0049932003021240234
0.0049936771392822266
0.0050008296966552734
0.00500798225402832
0.006001710891723633
0.005011558532714844
0.005000114440917969
0.0050199031829833984
0.0050013065338134766
0.006015777587890625
0.006002187728881836
0.005001544952392578
0.005001544952392578
0.006013393402099609
0.00600123405456543
0.007002830505371094
0.006000995635986328
0.0059795379638671875
0.006000518798828125
0.006008148193359375
0.007000923156738281
0.007015228271484375
0.007000446319580078
0.006009817123413086
0.007021427154541016
0.007002592086791992
0.006981372833251953
0.00700068473815918
0.008004188537597656
0.007987260818481445
0.0070018768310546875
0.007001161575317383
0.006985664367675781
0.008009910583496094
0.007983684539794922
0.006999969482421875
0.007000923156738281
0.008000612258911133
0.009000778198242188
0.00798344612121582
0.008013010025024414
0.00802159309387207
0.00998377799987793
