0.0
0.0010018348693847656
0.0009989738464355469
0.0009942054748535156
0.0010023117065429688
0.0009999275207519531
0.001001119613647461
0.0010018348693847656
0.0010004043579101562
0.0010006427764892578
0.0010006427764892578
0.0009989738464355469
0.0015954971313476562
0.001003265380859375
0.0010004043579101562
0.0019996166229248047
0.0010004043579101562
0.0009953975677490234
0.000995635986328125
0.0010073184967041016
0.0010094642639160156
0.0009930133819580078
0.0019936561584472656
0.001001119613647461
0.0010068416595458984
0.0019998550415039062
0.002003192901611328
0.001990079879760742
0.001997709274291992
0.0010001659393310547
0.0019845962524414062
0.002004384994506836
0.0019996166229248047
0.0010066032409667969
0.002001523971557617
0.0020034313201904297
0.001993894577026367
0.0029973983764648438
0.002992868423461914
0.001999378204345703
0.002005338668823242
0.003000020980834961
0.003000497817993164
0.002986907958984375
0.002999544143676758
0.003000974655151367
0.003008127212524414
0.003006458282470703
0.0020074844360351562
0.003000497817993164
0.002000570297241211
0.003000497817993164
0.003000497817993164
0.003008604049682617
0.0030012130737304688
0.003000974655151367
0.0030210018157958984
0.0030083656311035156
0.0030024051666259766
0.00400090217590332
0.004007816314697266
0.0039975643157958984
0.003988504409790039
0.0039920806884765625
0.002988576889038086
0.003996133804321289
0.004006624221801758
0.00400090217590332
0.004005908966064453
0.004009246826171875
0.0050008296966552734
0.00401759147644043
0.003986358642578125
0.0040128231048583984
0.0040056705474853516
0.003986358642578125
0.004008054733276367
0.005003929138183594
0.005003213882446289
0.005019426345825195
0.0050084590911865234
0.005008697509765625
0.0050008296966552734
0.005001068115234375
0.0050220489501953125
0.005013704299926758
0.0060272216796875
0.00600123405456543
0.00500798225402832
0.004998445510864258
0.00499725341796875
0.005985260009765625
0.00598907470703125
0.0070154666900634766
0.005001068115234375
0.00600886344909668
0.0059947967529296875
0.007014274597167969
0.00599980354309082
0.0070037841796875
0.0069942474365234375
0.006012678146362305
0.006001949310302734
0.007019996643066406
0.007013559341430664
0.006993770599365234
0.007013559341430664
0.00600743293762207
0.007001638412475586
0.007002592086791992
0.008003711700439453
0.007015228271484375
0.007005214691162109
0.008002042770385742
0.008016586303710938
0.00999593734741211
0.00800013542175293
0.007001638412475586
0.008001089096069336
0.0070035457611083984
0.007024526596069336
0.007996797561645508
0.009000539779663086
0.008015632629394531
0.009001731872558594
0.009001731872558594
0.008002042770385742
0.008001327514648438
0.009001731872558594
0.008008480072021484
0.008995294570922852
0.007996082305908203
0.009005069732666016
0.010002851486206055
0.008986949920654297
0.010001897811889648
0.010003089904785156
0.010001420974731445
0.01100301742553711
0.00999593734741211
0.010011434555053711
0.010002374649047852
0.009001731872558594
0.010013818740844727
0.009996891021728516
0.011003494262695312
0.012002706527709961
0.011007308959960938
0.01201629638671875
0.012003660202026367
0.012994050979614258
0.01300358772277832
