0.0009925365447998047
0.0010046958923339844
0.0010123252868652344
0.000982046127319336
0.0009982585906982422
0.0009312629699707031
0.0010209083557128906
0.0
0.0010020732879638672
0.0
0.0010082721710205078
0.001001119613647461
0.0010008811950683594
0.0009999275207519531
0.0010001659393310547
0.0009996891021728516
0.0009989738464355469
0.001005411148071289
0.002100706100463867
0.001001119613647461
0.002007722854614258
0.002001047134399414
0.0009989738464355469
0.0010051727294921875
0.0020012855529785156
0.0009961128234863281
0.002007722854614258
0.002000570297241211
0.0020084381103515625
0.0020208358764648438
0.0020058155059814453
0.001007080078125
0.0020012855529785156
0.0010027885437011719
0.0020225048065185547
0.0009884834289550781
0.0010025501251220703
0.002000570297241211
0.0010004043579101562
0.0020003318786621094
0.0020072460174560547
0.002000570297241211
0.002002716064453125
0.001979827880859375
0.002002239227294922
0.0019960403442382812
0.002000570297241211
0.003000020980834961
0.0030014514923095703
0.004999876022338867
0.0030002593994140625
0.004002809524536133
0.00301361083984375
0.0030014514923095703
0.0030019283294677734
0.0029935836791992188
0.003000020980834961
0.0029993057250976562
0.0030095577239990234
0.002998828887939453
0.003007173538208008
0.004010200500488281
0.0030074119567871094
0.004009246826171875
0.0040130615234375
0.004001140594482422
0.003981113433837891
0.00500178337097168
0.004002809524536133
0.004006147384643555
0.003998994827270508
0.0039865970611572266
0.004003286361694336
0.004999876022338867
0.00400853157043457
0.0050029754638671875
0.004001617431640625
0.004013776779174805
0.007002592086791992
0.004008054733276367
0.004999876022338867
0.006002187728881836
0.005000591278076172
0.005000591278076172
0.0049855709075927734
0.006005048751831055
0.005003213882446289
0.0059969425201416016
0.006001472473144531
0.006013154983520508
0.005015850067138672
0.0060002803802490234
0.0070037841796875
0.005020856857299805
0.006003379821777344
0.006012916564941406
0.0059893131256103516
0.006001949310302734
0.0060122013092041016
0.006021261215209961
0.005995750427246094
0.005986690521240234
0.0059854984283447266
0.006013631820678711
0.006996631622314453
0.007001638412475586
0.007995128631591797
0.008002042770385742
0.007987499237060547
0.008007526397705078
0.007986307144165039
0.007013797760009766
0.006990194320678711
0.0069811344146728516
0.0070018768310546875
0.008016824722290039
0.007967948913574219
0.006995677947998047
0.008020401000976562
0.007996559143066406
0.008456230163574219
0.009990453720092773
0.0089874267578125
0.007987499237060547
0.007990837097167969
0.009004354476928711
0.008014678955078125
0.008994817733764648
0.00903177261352539
0.009007930755615234
0.00899505615234375
0.007990121841430664
0.009021282196044922
0.009014129638671875
0.009990453720092773
0.009021997451782227
0.009017467498779297
0.009002685546875
0.009013652801513672
0.008996963500976562
0.010007381439208984
0.010008573532104492
0.009995460510253906
0.009001493453979492
0.012002706527709961
0.010012149810791016
0.011016368865966797
0.010001420974731445
0.011001110076904297
0.01101064682006836
0.014001846313476562
0.014021635055541992
