0.06301593780517578
0.008994579315185547
0.008001327514648438
0.009009838104248047
0.007013559341430664
0.009001970291137695
0.007998943328857422
0.007982969284057617
0.008001327514648438
0.00699925422668457
0.007999658584594727
0.006989002227783203
0.009005308151245117
0.008010387420654297
0.00800323486328125
0.008002519607543945
0.009014129638671875
0.008003711700439453
0.008020162582397461
0.057013750076293945
0.007995843887329102
0.008002519607543945
0.008002042770385742
0.057013750076293945
0.009002447128295898
0.008001327514648438
0.008009195327758789
0.006993770599365234
0.006989479064941406
0.008008718490600586
0.007999658584594727
0.008002758026123047
0.008001327514648438
0.008001327514648438
0.00900411605834961
0.008002996444702148
0.009003639221191406
0.007999420166015625
0.007999420166015625
0.007996797561645508
0.007995843887329102
0.008990764617919922
0.008016109466552734
0.008148193359375
0.009002923965454102
0.009002447128295898
0.008001327514648438
0.006987810134887695
0.008010149002075195
0.008009195327758789
0.00799417495727539
0.007993698120117188
0.008009195327758789
0.00900411605834961
0.006993532180786133
0.008000612258911133
0.00800180435180664
0.008001327514648438
0.007002115249633789
0.007001638412475586
0.007994890213012695
0.007987260818481445
0.008008003234863281
0.008000612258911133
0.008002281188964844
0.007994890213012695
0.00799417495727539
0.007009267807006836
0.007995128631591797
0.006994962692260742
0.009992599487304688
0.008001327514648438
0.056020259857177734
0.008006572723388672
0.009003877639770508
0.008989334106445312
0.0089874267578125
0.00798940658569336
0.008002281188964844
0.008002758026123047
0.008003473281860352
0.008994340896606445
0.05702471733093262
0.0070035457611083984
0.007999420166015625
0.009000778198242188
0.06301331520080566
0.006999969482421875
0.008002996444702148
0.00800180435180664
0.00798177719116211
0.07001447677612305
0.008000612258911133
0.011003494262695312
0.00800180435180664
0.007001638412475586
0.058012962341308594
0.00800013542175293
0.009002685546875
0.008002996444702148
0.06401801109313965
0.007997989654541016
0.007014751434326172
0.009995460510253906
0.008002042770385742
0.06301641464233398
0.008040428161621094
0.011989831924438477
0.0070116519927978516
0.007997512817382812
0.006983757019042969
0.06770157814025879
0.00800180435180664
0.009011507034301758
0.00800180435180664
0.007010698318481445
0.008000850677490234
0.009001493453979492
0.012001752853393555
0.008002996444702148
0.008333444595336914
0.008999347686767578
0.008001565933227539
0.06201434135437012
