1.835005521774292
1.8285343647003174
1.8305420875549316
1.7915616035461426
2.031456470489502
2.5465657711029053
2.477942943572998
2.469165086746216
2.557741641998291
2.419137716293335
2.537491798400879
2.564581871032715
2.5195648670196533
2.505106210708618
2.4242732524871826
2.51000714302063
2.5295674800872803
2.4461545944213867
2.578580379486084
2.5984461307525635
2.4808778762817383
2.454557418823242
2.614572525024414
2.501554250717163
2.4535696506500244
2.5389485359191895
2.4945459365844727
2.2805392742156982
2.4681434631347656
2.55991268157959
2.6035940647125244
2.498255491256714
2.6129515171051025
2.6696884632110596
2.592116594314575
2.723612070083618
2.4485485553741455
2.480929136276245
2.6020495891571045
2.4632513523101807
2.450556993484497
2.5468485355377197
2.3701040744781494
2.536652088165283
2.4635658264160156
2.603576898574829
2.451107978820801
2.550368070602417
2.417792797088623
2.527100086212158
2.5867440700531006
2.3291826248168945
2.575557231903076
2.4849836826324463
2.529515504837036
2.59272837638855
2.4686882495880127
2.6899750232696533
2.5361251831054688
2.5365865230560303
2.541560649871826
2.4882965087890625
2.4876163005828857
2.626978874206543
2.5849225521087646
2.657198905944824
2.6500682830810547
2.4430015087127686
2.558542013168335
2.6743521690368652
2.5035722255706787
2.4402592182159424
2.6263926029205322
2.450493335723877
2.301848888397217
2.5202507972717285
2.665598154067993
2.5144119262695312
2.458976984024048
2.671086311340332
2.469552516937256
2.4974491596221924
2.51959228515625
2.388535976409912
2.4831702709198
2.673682689666748
2.5104293823242188
2.543086290359497
2.507525682449341
2.4545323848724365
2.523787260055542
2.49896502494812
2.5604445934295654
2.5505735874176025
2.6386070251464844
2.4448330402374268
2.5448877811431885
2.5381016731262207
2.500553846359253
2.5091323852539062
2.65983510017395
2.729139566421509
2.451570749282837
2.5685651302337646
2.542656898498535
2.572744607925415
2.5635554790496826
2.555534839630127
2.7139484882354736
2.3824920654296875
2.5381131172180176
2.599897623062134
2.5774307250976562
2.518620014190674
2.515566349029541
2.565974712371826
2.4892630577087402
2.6011767387390137
2.617718458175659
2.64370059967041
2.470792770385742
2.546095132827759
2.4881832599639893
2.5890893936157227
