0.05901455879211426
0.009010076522827148
0.008000612258911133
0.006995439529418945
0.06802916526794434
0.007001161575317383
0.009000778198242188
0.007020711898803711
0.007981061935424805
0.008001565933227539
0.007989645004272461
0.05601310729980469
0.008001565933227539
0.007999181747436523
0.008002519607543945
0.00700068473815918
0.05702042579650879
0.00800323486328125
0.008009910583496094
0.007988452911376953
0.008014202117919922
0.006990909576416016
0.00701451301574707
0.00800180435180664
0.00800013542175293
0.008002042770385742
0.007004737854003906
0.007006645202636719
0.006989240646362305
0.00800180435180664
0.008086919784545898
0.007993459701538086
0.007994890213012695
0.007981300354003906
0.007981538772583008
0.008001327514648438
0.00802159309387207
0.009257078170776367
0.006993770599365234
0.007000446319580078
0.006997108459472656
0.008000373840332031
0.00801539421081543
0.01100921630859375
0.008995771408081055
0.007012844085693359
0.007009267807006836
0.058014631271362305
0.00801396369934082
0.009002685546875
0.008001565933227539
0.011000633239746094
0.00800180435180664
0.008008956909179688
0.008000612258911133
0.00700068473815918
0.008001565933227539
0.009002208709716797
0.007997274398803711
0.007980823516845703
0.008009672164916992
0.008002519607543945
0.008021116256713867
0.007982969284057617
0.007021188735961914
0.008022546768188477
0.010006427764892578
0.00800180435180664
0.00800180435180664
0.0069811344146728516
0.06300902366638184
0.007000446319580078
0.008017778396606445
0.0070073604583740234
0.009016036987304688
0.007994651794433594
0.009015321731567383
0.00800943374633789
0.006981372833251953
0.006982326507568359
0.06502795219421387
0.007990121841430664
0.007989883422851562
0.008995771408081055
0.008986949920654297
0.008009672164916992
0.008038043975830078
0.006986379623413086
0.00799560546875
0.007982015609741211
0.007000923156738281
0.008015871047973633
0.007999897003173828
0.007981300354003906
0.009000539779663086
0.00800180435180664
0.007002115249633789
0.007989883422851562
0.00799560546875
0.007997751235961914
0.008012533187866211
0.007872819900512695
0.00800180435180664
0.007990360260009766
0.008008003234863281
0.007982015609741211
0.00898432731628418
0.008002519607543945
0.007002353668212891
0.0070002079010009766
0.00800323486328125
0.007005453109741211
0.00900125503540039
0.009000301361083984
0.00800323486328125
0.008002281188964844
0.007987022399902344
0.008001565933227539
0.006981849670410156
0.007988691329956055
0.006981372833251953
0.008993387222290039
0.00800776481628418
0.008001565933227539
0.008002281188964844
0.008002281188964844
0.0070002079010009766
0.008000850677490234
0.007999658584594727
0.009022951126098633
0.007999420166015625
0.006993532180786133
0.05600452423095703
0.008002519607543945
0.06301403045654297
0.008002758026123047
0.00899958610534668
0.008020877838134766
0.008002281188964844
0.008016347885131836
0.007014036178588867
0.00800180435180664
0.008002519607543945
0.007000923156738281
0.06403470039367676
0.05701303482055664
0.008005380630493164
0.007983684539794922
0.008994579315185547
0.008001327514648438
0.008009910583496094
0.06301569938659668
