2.5783755779266357
2.681143045425415
2.52591872215271
2.3615503311157227
2.5927326679229736
2.4038188457489014
2.3210160732269287
2.259979248046875
2.4659504890441895
2.5680911540985107
2.2929365634918213
2.26409912109375
2.490966796875
2.5560343265533447
2.301626443862915
2.272216558456421
2.495108127593994
2.244903087615967
2.445997953414917
2.474743604660034
2.5300204753875732
2.3180506229400635
2.28951358795166
2.251279354095459
2.4871180057525635
2.55110764503479
2.3086764812469482
2.5529589653015137
2.3256118297576904
2.27070951461792
2.532526731491089
2.2583749294281006
2.498929023742676
2.2670700550079346
2.511263370513916
2.294271945953369
2.5158116817474365
2.3045315742492676
2.498567819595337
2.2563111782073975
2.4768950939178467
2.328504800796509
2.492403745651245
2.4961938858032227
2.209503173828125
2.4711949825286865
2.4824795722961426
2.240495204925537
2.4436073303222656
2.584831476211548
2.3458940982818604
2.517009973526001
2.518390417098999
2.249549150466919
2.4985458850860596
2.5095291137695312
2.232509136199951
2.4468138217926025
2.4895572662353516
2.2290585041046143
2.437992811203003
2.4952101707458496
2.273528575897217
2.4735677242279053
2.483767032623291
2.2270281314849854
2.4320802688598633
2.5065557956695557
2.2295005321502686
2.4351251125335693
2.509845495223999
2.566582679748535
2.3104982376098633
2.309967517852783
2.2340967655181885
2.4508121013641357
2.5068976879119873
2.3006136417388916
2.5342087745666504
2.296631336212158
2.251437187194824
2.498626708984375
2.2617881298065186
2.4955737590789795
2.231326103210449
2.507751226425171
2.30414080619812
2.4806160926818848
2.24621319770813
2.490978479385376
2.2745168209075928
2.4845571517944336
2.2778561115264893
2.5177581310272217
2.265495538711548
2.4888253211975098
2.277198553085327
2.4815847873687744
2.2529401779174805
2.4843435287475586
2.503587007522583
2.2579703330993652
2.4615461826324463
2.499366521835327
2.259920597076416
2.459552526473999
2.5052552223205566
2.2440338134765625
2.4721574783325195
2.4896442890167236
2.2382149696350098
2.4901998043060303
2.6407644748687744
2.48109769821167
2.596817970275879
2.736600399017334
2.576592206954956
2.6671953201293945
2.5655760765075684
2.336536407470703
2.5431408882141113
2.5341687202453613
2.289557933807373
2.531798839569092
2.5535593032836914
2.3008294105529785
2.514913320541382
2.5775790214538574
2.5625967979431152
2.3059213161468506
2.291003704071045
2.246852159500122
2.5305938720703125
2.6584506034851074
2.4395670890808105
2.6425857543945312
2.5406079292297363
2.271294116973877
2.568758964538574
2.3303356170654297
2.5877561569213867
2.3205490112304688
2.573577404022217
2.3148562908172607
2.580806255340576
2.3482491970062256
2.635143518447876
2.35457444190979
2.6042449474334717
2.295438289642334
2.671571731567383
2.2965152263641357
