0.06102323532104492
0.008002281188964844
0.008006811141967773
0.008013010025024414
0.0070018768310546875
0.009001731872558594
0.008016824722290039
0.008004903793334961
0.00800013542175293
0.007985830307006836
0.008003950119018555
0.007021665573120117
0.007982730865478516
0.008005619049072266
0.007000446319580078
0.008001089096069336
0.008002758026123047
0.00899958610534668
0.007999897003173828
0.008002281188964844
0.058004140853881836
0.007995128631591797
0.008032083511352539
0.008015155792236328
0.006993770599365234
0.008015871047973633
0.05602431297302246
0.008002281188964844
0.007988929748535156
0.007989645004272461
0.0070192813873291016
0.008508920669555664
0.0070133209228515625
0.00801706314086914
0.008021354675292969
0.006989717483520508
0.007000923156738281
0.008021831512451172
0.007989883422851562
0.007995843887329102
0.009002447128295898
0.008007049560546875
0.008000373840332031
0.008009195327758789
0.007998466491699219
0.008002281188964844
0.009001493453979492
0.007001638412475586
0.008002519607543945
0.007942676544189453
0.008002519607543945
0.007021903991699219
0.008000373840332031
0.008001565933227539
0.06501340866088867
0.008017539978027344
0.008996963500976562
0.01000213623046875
0.008003711700439453
0.008020877838134766
0.008004426956176758
0.008013725280761719
0.008939266204833984
0.008000850677490234
0.009007930755615234
0.008000612258911133
0.009002447128295898
0.008015871047973633
0.00800323486328125
0.007988929748535156
0.007001399993896484
0.006990194320678711
0.00800323486328125
0.009002685546875
0.007996082305908203
0.007995843887329102
0.00800013542175293
0.008988618850708008
0.007982730865478516
0.007016420364379883
0.006998300552368164
0.008001327514648438
0.009002685546875
0.011002063751220703
0.008017539978027344
0.010004043579101562
0.008002996444702148
0.059014081954956055
0.008005380630493164
0.009003639221191406
0.009002447128295898
0.0070095062255859375
0.0070133209228515625
0.009001016616821289
0.00898885726928711
0.007991790771484375
0.006994962692260742
0.007989883422851562
0.009015321731567383
0.009014368057250977
0.007996797561645508
0.006992340087890625
0.00700068473815918
0.008002996444702148
0.05900144577026367
0.008000850677490234
0.008002758026123047
0.009001970291137695
0.007995367050170898
0.061028242111206055
0.008002519607543945
0.00800943374633789
0.00800180435180664
0.007001161575317383
0.008013010025024414
0.007989645004272461
0.0070018768310546875
0.009014368057250977
0.007996320724487305
0.006994724273681641
0.00800180435180664
0.06301450729370117
0.00799560546875
0.008009195327758789
0.008009910583496094
0.06302022933959961
0.00800180435180664
0.007988214492797852
0.009007692337036133
0.06999754905700684
0.008007049560546875
0.008020639419555664
0.007997989654541016
0.05901336669921875
0.006989479064941406
0.007996559143066406
0.007993459701538086
0.008013725280761719
0.0070073604583740234
0.007014274597167969
0.006987810134887695
0.00799703598022461
0.007992267608642578
0.010001182556152344
0.006992340087890625
0.008980751037597656
0.0070188045501708984
0.008009910583496094
0.007001399993896484
0.008001565933227539
0.007981300354003906
0.06003236770629883
