2.6065926551818848
2.294173240661621
2.5235767364501953
2.276068925857544
2.538431167602539
2.5440194606781006
2.3479068279266357
2.5875601768493652
2.5761196613311768
2.2738919258117676
2.4840548038482666
2.568568229675293
2.2732887268066406
2.4953436851501465
2.574558973312378
2.3513526916503906
2.5215976238250732
2.59245228767395
2.256457567214966
2.6185660362243652
2.5947842597961426
2.335346221923828
2.562562942504883
2.5165257453918457
2.285025119781494
2.4925780296325684
2.5098350048065186
2.2676496505737305
2.4903714656829834
2.5670106410980225
2.2761642932891846
2.473135471343994
2.5490713119506836
2.603034496307373
2.354527235031128
2.318514823913574
2.307683229446411
2.524637460708618
2.5565192699432373
2.3143086433410645
2.5828304290771484
2.37384033203125
2.3905177116394043
2.736159563064575
2.416522979736328
2.628782272338867
2.345735549926758
2.7672438621520996
2.4606809616088867
2.8680264949798584
2.483987808227539
2.6543540954589844
2.4101736545562744
2.6905853748321533
2.346425771713257
2.628652572631836
2.3242955207824707
2.623995304107666
2.3805346488952637
2.61557936668396
2.3161189556121826
2.5155646800994873
2.5577900409698486
2.3511667251586914
2.5629279613494873
2.6060714721679688
2.3025171756744385
2.5329232215881348
2.6422488689422607
2.3400633335113525
2.5305490493774414
2.605332374572754
2.369046688079834
2.612583637237549
2.6045589447021484
2.3084332942962646
2.5953638553619385
2.652125120162964
2.8445723056793213
3.0599496364593506
2.9551167488098145
2.4512264728546143
2.9604990482330322
2.8366377353668213
2.5075623989105225
2.718999147415161
2.7314090728759766
2.497126817703247
2.725762128829956
2.762662172317505
2.867152690887451
2.553558826446533
2.514573097229004
2.4548661708831787
2.713603973388672
3.268749237060547
2.4723970890045166
2.6774377822875977
2.435145616531372
2.455009698867798
2.6595237255096436
2.399596929550171
2.5743937492370605
2.3166394233703613
2.5635900497436523
2.290728807449341
2.5629966259002686
2.309877395629883
2.5485854148864746
2.302511692047119
2.5671470165252686
2.289506435394287
2.5522844791412354
2.322143793106079
2.542818546295166
2.2915260791778564
2.518329620361328
2.2682430744171143
2.4927613735198975
2.5575692653656006
2.274772882461548
2.4941375255584717
2.5395798683166504
2.281949520111084
2.5046582221984863
2.608823776245117
2.2720677852630615
2.494697332382202
2.5318500995635986
2.2666664123535156
2.4861032962799072
2.5280935764312744
2.27502703666687
2.5253167152404785
2.5165648460388184
2.298527956008911
2.4786882400512695
2.544095754623413
2.38466477394104
3.4667603969573975
2.7346138954162598
2.475555896759033
2.6944010257720947
2.8170289993286133
2.43044376373291
2.7496299743652344
2.5725724697113037
2.622581720352173
2.410553216934204
2.375540256500244
2.333538055419922
2.539562463760376
