0.06302785873413086
0.009001970291137695
0.00900888442993164
0.008003711700439453
0.07201552391052246
0.00900125503540039
0.00800466537475586
0.008021354675292969
0.010001182556152344
0.008021354675292969
0.007995128631591797
0.06201457977294922
0.008021354675292969
0.00801229476928711
0.008993387222290039
0.007007598876953125
0.0580134391784668
0.0069997310638427734
0.008000373840332031
0.009002685546875
0.008002758026123047
0.00800943374633789
0.008003950119018555
0.009006023406982422
0.008001565933227539
0.0070056915283203125
0.008003473281860352
0.008002996444702148
0.008003711700439453
0.006989717483520508
0.008008718490600586
0.008006572723388672
0.007006645202636719
0.009001493453979492
0.008006811141967773
0.009001970291137695
0.008002042770385742
0.00800180435180664
0.007002830505371094
0.009009122848510742
0.007007122039794922
0.00702667236328125
0.006963968276977539
0.006989240646362305
0.008001089096069336
0.008001327514648438
0.00798177719116211
0.05701923370361328
0.008016824722290039
0.008008956909179688
0.006988525390625
0.009995460510253906
0.008016347885131836
0.007996320724487305
0.007992982864379883
0.007990598678588867
0.007000923156738281
0.007983207702636719
0.007996320724487305
0.007983207702636719
0.0070116519927978516
0.007013797760009766
0.007994890213012695
0.00700068473815918
0.007002353668212891
0.008012056350708008
0.009020805358886719
0.00800180435180664
0.007001161575317383
0.00800180435180664
0.06202363967895508
0.008002996444702148
0.007987022399902344
0.007995843887329102
0.009013891220092773
0.007002830505371094
0.009002447128295898
0.007000446319580078
0.008022069931030273
0.008013486862182617
0.06702423095703125
0.007982492446899414
0.00801706314086914
0.009009599685668945
0.007000923156738281
0.008565425872802734
0.008021116256713867
0.008003473281860352
0.00799870491027832
0.008008003234863281
0.00798940658569336
0.008009672164916992
0.007999420166015625
0.007999658584594727
0.008007287979125977
0.008013725280761719
0.009004592895507812
0.008001565933227539
0.008008956909179688
0.007998943328857422
0.006999969482421875
0.008002519607543945
0.007989645004272461
0.007999181747436523
0.009000062942504883
0.008982181549072266
0.007002115249633789
0.00800180435180664
0.00799560546875
0.00700068473815918
0.008017301559448242
0.006993770599365234
0.009002447128295898
0.006989240646362305
0.00800633430480957
0.05602455139160156
0.006981849670410156
0.06199526786804199
0.007999658584594727
0.009001731872558594
0.05899310111999512
0.008018732070922852
0.06302547454833984
0.0630338191986084
