2.5725066661834717
2.7126245498657227
2.4047458171844482
2.506847381591797
2.5525760650634766
2.6848018169403076
2.594400405883789
2.620608329772949
2.6525514125823975
2.4700233936309814
2.551131248474121
2.7141244411468506
2.5915818214416504
2.6155872344970703
2.665508985519409
2.543555736541748
2.5684633255004883
2.734279155731201
2.5446372032165527
2.549032211303711
2.744631290435791
2.5771398544311523
2.436729907989502
2.6395795345306396
2.708047389984131
2.597297430038452
2.4055402278900146
2.616581916809082
2.5607502460479736
2.7081711292266846
2.661919116973877
2.6946234703063965
2.705235481262207
2.3857624530792236
2.591506242752075
2.7426164150238037
2.5550999641418457
2.6169064044952393
2.7466187477111816
2.728435516357422
2.4289159774780273
2.5918526649475098
2.6542508602142334
2.658289909362793
2.647465229034424
2.8121936321258545
2.7134816646575928
2.595043659210205
2.553572654724121
2.6028237342834473
2.6919686794281006
2.5536975860595703
2.597583293914795
2.5676803588867188
2.674527406692505
2.525644302368164
2.707834243774414
2.642594575881958
2.747095823287964
2.5802769660949707
2.634110927581787
2.5950140953063965
2.649812936782837
2.6440093517303467
2.361537218093872
2.563582420349121
2.5447006225585938
2.564962863922119
2.5530805587768555
2.6236026287078857
2.7003374099731445
2.4133501052856445
2.608469247817993
2.6834239959716797
2.6345906257629395
2.6586177349090576
2.7036213874816895
2.6306285858154297
2.5453312397003174
2.5370032787323
2.5431036949157715
2.6638522148132324
2.5375773906707764
2.652669668197632
2.65785813331604
2.667717218399048
2.5885751247406006
2.734895944595337
2.5903587341308594
2.7803499698638916
2.5976033210754395
2.7116096019744873
2.7271251678466797
2.7232024669647217
2.743767738342285
2.521085262298584
2.627774715423584
2.5679843425750732
2.6725969314575195
2.695626735687256
2.642594814300537
2.7473435401916504
2.39985728263855
2.5915818214416504
2.6625964641571045
2.6255886554718018
2.7031185626983643
2.661222219467163
2.6897571086883545
2.6566014289855957
2.655301809310913
2.6271562576293945
2.6906039714813232
2.6236207485198975
2.652951717376709
2.601580858230591
2.750361442565918
2.775718927383423
3.9598135948181152
2.8536415100097656
2.871716022491455
2.8031158447265625
2.794053077697754
2.9476540088653564
