6.870957136154175
7.4814794063568115
7.239223957061768
7.153953552246094
7.457514524459839
7.025810241699219
7.460151672363281
7.8625946044921875
7.994380950927734
7.6244728565216064
8.200706005096436
7.8521974086761475
7.992642879486084
7.605476379394531
7.3386499881744385
7.684837818145752
7.22379994392395
6.80232310295105
7.3587400913238525
7.202657461166382
7.092469930648804
7.5120930671691895
7.102726221084595
7.32922101020813
7.760527849197388
7.559483528137207
7.861837387084961
7.404268026351929
8.29980993270874
7.487675428390503
8.06173038482666
8.24242877960205
7.947796583175659
7.928317308425903
8.773919582366943
8.777111291885376
8.07863712310791
8.64771056175232
7.577181339263916
8.746976613998413
7.853502035140991
9.78386640548706
8.33359408378601
8.41891098022461
8.246630907058716
9.924795627593994
8.335014820098877
9.575860500335693
10.192798614501953
10.322601318359375
9.108095407485962
8.716529846191406
8.430996417999268
8.005522966384888
8.159622430801392
8.489556789398193
8.564124822616577
9.225537776947021
9.418701887130737
8.897321224212646
8.315780639648438
9.619712352752686
9.88816523551941
8.913840770721436
9.59827208518982
9.54784631729126
10.058450937271118
9.81281328201294
9.618993043899536
9.2608642578125
10.25476884841919
9.587320327758789
8.962702751159668
9.43118953704834
9.709920167922974
8.905022859573364
9.506686925888062
9.393320798873901
8.638177871704102
9.760063171386719
9.516526222229004
9.17906141281128
8.208909511566162
9.870027542114258
8.935042381286621
9.203139543533325
10.24201512336731
9.32192325592041
9.00937819480896
8.580608129501343
9.448799848556519
10.001015901565552
9.081475019454956
10.783025741577148
9.862834453582764
9.762022972106934
8.422638654708862
11.145463943481445
10.868444681167603
8.635071039199829
10.749104499816895
11.568336009979248
8.540611743927002
12.249830484390259
