10.095650911331177
10.066731214523315
8.542263746261597
8.873972415924072
9.943821668624878
9.913318634033203
9.172114133834839
8.211408376693726
12.080209970474243
8.886252641677856
8.49489450454712
7.07181978225708
7.504775524139404
7.327694654464722
7.328614234924316
7.126436948776245
7.383359909057617
7.112647294998169
7.133213758468628
7.496089220046997
7.150926113128662
7.139970064163208
7.7631659507751465
7.323038816452026
7.620149850845337
7.5276689529418945
6.738404273986816
7.5757668018341064
7.947672367095947
7.7550530433654785
6.951881408691406
7.895515203475952
7.609561443328857
7.777124881744385
8.109838485717773
8.224180698394775
7.647080421447754
8.294649600982666
7.695739269256592
6.7039642333984375
8.76340913772583
7.564351320266724
7.997154712677002
7.9342944622039795
8.67389702796936
8.514842748641968
7.986968040466309
7.815654277801514
6.9310221672058105
9.171972036361694
9.86459732055664
5.856534242630005
7.466399908065796
7.999417066574097
6.85241436958313
9.143242597579956
6.140398263931274
7.5269694328308105
8.91783094406128
7.206894397735596
10.842131853103638
11.86049771308899
7.086133241653442
7.961536884307861
9.635695219039917
6.472714424133301
9.386489391326904
9.021089792251587
9.201826810836792
10.754126071929932
7.231010913848877
11.007997274398804
6.175533056259155
9.135458707809448
6.723643779754639
6.849669456481934
8.271389484405518
9.540676832199097
9.240270137786865
7.753355264663696
12.666945934295654
6.81248140335083
9.797662019729614
7.588312864303589
8.742391109466553
8.894949674606323
9.14472770690918
7.885891914367676
11.59229850769043
7.185653209686279
10.559495449066162
7.839555263519287
10.367809534072876
9.14342999458313
8.195596933364868
8.172978639602661
10.092548370361328
7.111189603805542
10.21608304977417
7.352920055389404
11.114962577819824
8.253054141998291
10.004088878631592
7.432973146438599
11.012601137161255
7.640328407287598
12.57302212715149
