11.401876211166382
9.203188180923462
12.073638916015625
7.304832696914673
7.393383979797363
7.849054336547852
7.187304735183716
8.94399356842041
7.0712573528289795
8.7766432762146
7.343741416931152
7.932853937149048
9.116575241088867
6.917077302932739
10.198211193084717
8.035571813583374
9.907249689102173
10.823090076446533
7.739036560058594
8.196982145309448
11.365318059921265
7.36065411567688
10.632911682128906
7.014877080917358
11.573785305023193
8.85230278968811
8.269233703613281
12.018852949142456
9.314942359924316
11.281562328338623
11.891791582107544
9.3104829788208
10.344602346420288
12.582630157470703
11.000726222991943
9.591799020767212
11.050769805908203
9.742342710494995
12.039002418518066
11.121365070343018
9.99031138420105
10.969189643859863
12.024701356887817
9.618326663970947
11.114434480667114
10.59604287147522
9.772120237350464
11.138383865356445
10.617323875427246
12.6360023021698
8.573145151138306
12.804072380065918
9.400001764297485
13.540024042129517
7.775474309921265
13.784960269927979
8.710189819335938
9.969432592391968
9.698982954025269
12.310965061187744
8.72992205619812
12.75969123840332
9.239806175231934
14.659238815307617
9.005107164382935
10.41633677482605
8.069737672805786
9.403334379196167
8.805285692214966
9.420459270477295
9.44886064529419
10.31140685081482
8.888317823410034
10.071016311645508
9.24193787574768
9.556178569793701
9.124003410339355
8.749256134033203
8.644564867019653
8.837058305740356
10.164005756378174
11.242388010025024
8.373264789581299
10.507190227508545
11.117865085601807
10.171700477600098
8.345694541931152
10.95488429069519
10.842352628707886
8.562954902648926
8.528678894042969
10.016517877578735
