12.802961826324463
10.29324722290039
10.271950960159302
11.354492425918579
11.379176616668701
15.756037473678589
11.214669227600098
12.161112308502197
10.717328071594238
9.693304777145386
9.680453300476074
8.993759870529175
9.989426851272583
9.465092897415161
9.081740379333496
11.821640491485596
9.202417373657227
9.455947637557983
9.785111665725708
10.224601030349731
8.77708101272583
11.134021043777466
10.302020788192749
10.426401376724243
11.201212644577026
7.909419298171997
11.204856872558594
12.297070741653442
10.190638303756714
10.394524335861206
12.270030736923218
11.892792701721191
11.384369373321533
11.416248083114624
12.721216917037964
14.31598424911499
9.519126415252686
14.051550388336182
9.223834753036499
15.061340570449829
10.876613855361938
13.893420934677124
10.194079875946045
12.981212377548218
11.304267644882202
14.100082159042358
11.855383157730103
11.691242218017578
14.202707529067993
11.574476718902588
13.94031047821045
9.976711750030518
14.22637677192688
11.167272806167603
8.750844955444336
9.938322067260742
8.264448881149292
8.478157043457031
11.976844072341919
7.5404441356658936
8.90987515449524
9.000749111175537
9.512365818023682
9.976168155670166
8.839083671569824
9.80486273765564
9.590502977371216
7.2821009159088135
9.35442042350769
9.968854427337646
7.630596160888672
6.745251178741455
7.052046537399292
6.91212010383606
6.430179595947266
6.656683683395386
6.832934379577637
6.945883750915527
8.753400325775146
8.291558027267456
8.182307720184326
7.215561151504517
6.744088649749756
6.399416446685791
6.920792579650879
6.624624967575073
6.721256971359253
6.7583231925964355
6.4669880867004395
8.315460681915283
