0.0
0.0009999275207519531
0.0019991397857666016
0.001998424530029297
0.0010004043579101562
0.0
0.0010001659393310547
0.0010058879852294922
0.0010004043579101562
0.0
0.0024101734161376953
0.001001119613647461
0.0020008087158203125
0.0010089874267578125
0.0010008811950683594
0.0009944438934326172
0.0020003318786621094
0.0009851455688476562
0.0015659332275390625
0.0010006427764892578
0.001994609832763672
0.0020051002502441406
0.002000570297241211
0.0020008087158203125
0.003991603851318359
0.001974344253540039
0.002000093460083008
0.0039997100830078125
0.004629611968994141
0.0030014514923095703
0.0020127296447753906
0.002000093460083008
0.0020017623901367188
0.0019960403442382812
0.0020143985748291016
0.0029861927032470703
0.0040171146392822266
0.002602815628051758
0.0030028820037841797
0.004998207092285156
0.005999565124511719
0.006003379821777344
0.0060214996337890625
0.006001710891723633
0.002999544143676758
0.0029985904693603516
0.006000995635986328
0.0064983367919921875
0.007184743881225586
0.005012035369873047
0.004019975662231445
0.004000663757324219
0.006002902984619141
0.00399327278137207
0.0070078372955322266
0.003998756408691406
0.014001846313476562
0.007988452911376953
0.006410837173461914
0.012002229690551758
0.0056095123291015625
0.00800943374633789
0.00599980354309082
0.006002902984619141
0.006009101867675781
0.004998207092285156
0.004998683929443359
0.00799870491027832
0.011002540588378906
0.010000228881835938
0.007033824920654297
0.006000995635986328
0.00800323486328125
0.01013803482055664
0.009014129638671875
0.012669563293457031
0.00709080696105957
0.011841773986816406
0.007009744644165039
0.013005256652832031
0.010002374649047852
0.007002115249633789
0.011446475982666016
0.008004426956176758
0.009001493453979492
0.013905525207519531
0.012003660202026367
0.013374090194702148
0.009001493453979492
0.008001089096069336
0.010006427764892578
0.013423442840576172
0.010004281997680664
0.007992982864379883
0.017003774642944336
0.008988618850708008
0.010004281997680664
0.014004945755004883
0.014003276824951172
0.010986566543579102
0.012022733688354492
0.02200770378112793
0.011002540588378906
0.015002965927124023
0.026020526885986328
0.04800605773925781
0.012002706527709961
