0.0
0.001004934310913086
0.001001596450805664
0.0010061264038085938
0.0010061264038085938
0.0
0.0010004043579101562
0.0009999275207519531
0.0
0.0009996891021728516
0.0019981861114501953
0.0009970664978027344
0.001994609832763672
0.002001523971557617
0.0030014514923095703
0.0019953250885009766
0.0010023117065429688
0.0020051002502441406
0.0019931793212890625
0.002002239227294922
0.0019998550415039062
0.0029985904693603516
0.0019986629486083984
0.0020020008087158203
0.001999378204345703
0.004990100860595703
0.0009999275207519531
0.0019943714141845703
0.002004384994506836
0.001988649368286133
0.00202178955078125
0.0029850006103515625
0.0020020008087158203
0.006002187728881836
0.010002374649047852
0.0029921531677246094
0.0020105838775634766
0.0029997825622558594
0.004993915557861328
0.0019941329956054688
0.002999544143676758
0.006005048751831055
0.0040013790130615234
0.0030066967010498047
0.003001689910888672
0.0040018558502197266
0.003000497817993164
0.008002281188964844
0.006997346878051758
0.008002281188964844
0.007166862487792969
0.005001544952392578
0.005003213882446289
0.004015207290649414
0.004994869232177734
0.012524843215942383
0.011002779006958008
0.008993864059448242
0.008992195129394531
0.007001399993896484
0.0060083866119384766
0.007947921752929688
0.010007143020629883
0.009002685546875
0.00800180435180664
0.018005847930908203
0.008993864059448242
0.023004770278930664
0.0071604251861572266
0.013002395629882812
0.011621475219726562
0.013002634048461914
0.013010978698730469
0.009000301361083984
0.01103353500366211
0.00899815559387207
0.010083913803100586
0.014000415802001953
0.01401209831237793
0.011012554168701172
0.010684490203857422
0.011008977890014648
0.00900578498840332
0.02351212501525879
0.019001245498657227
0.011001348495483398
0.01399540901184082
0.008989572525024414
0.022004127502441406
0.021005868911743164
0.009082317352294922
0.014589309692382812
0.00944662094116211
0.011006593704223633
0.009999990463256836
0.03200507164001465
0.024010419845581055
0.014009714126586914
0.010999441146850586
0.03301858901977539
0.01200413703918457
0.017004013061523438
0.020006895065307617
0.011003494262695312
