0.0
0.00099945068359375
0.0010025501251220703
0.000997781753540039
0.0010001659393310547
0.001001119613647461
0.0
0.0010046958923339844
0.0010023117065429688
0.0019991397857666016
0.00200653076171875
0.0020089149475097656
0.0020003318786621094
0.0010027885437011719
0.001998424530029297
0.0029973983764648438
0.0010004043579101562
0.0020036697387695312
0.0029921531677246094
0.0039942264556884766
0.0019817352294921875
0.0019991397857666016
0.0019989013671875
0.002001047134399414
0.004270076751708984
0.0030050277709960938
0.003999948501586914
0.0019958019256591797
0.005002260208129883
0.0019965171813964844
0.003010988235473633
0.005030632019042969
0.003004312515258789
0.006999492645263672
0.004449129104614258
0.0019986629486083984
0.003999233245849609
0.004999876022338867
0.00400090217590332
0.0060024261474609375
0.006995201110839844
0.006996631622314453
0.0029985904693603516
0.00500178337097168
0.009002685546875
0.006012439727783203
0.00899648666381836
0.003995656967163086
0.003989458084106445
0.003998994827270508
0.00799870491027832
0.004011631011962891
0.011003732681274414
0.004001617431640625
0.00400090217590332
0.009039163589477539
0.004995822906494141
0.007009744644165039
0.009010076522827148
0.0070095062255859375
0.01099848747253418
0.005086421966552734
0.00998997688293457
0.009015798568725586
0.010000467300415039
0.012003660202026367
0.00899052619934082
0.01283121109008789
0.00600123405456543
0.00605463981628418
0.006998538970947266
0.006003379821777344
0.005993366241455078
0.0060312747955322266
0.006991863250732422
0.006142616271972656
0.006059885025024414
0.010002613067626953
0.011004447937011719
0.008034944534301758
0.00800180435180664
0.008997201919555664
0.0209963321685791
0.008000850677490234
0.006989717483520508
0.011003732681274414
0.011006593704223633
0.00699305534362793
0.010002851486206055
0.011006593704223633
0.015506982803344727
0.006999969482421875
