0.0009965896606445312
0.0015566349029541016
0.00099945068359375
0.0020003318786621094
0.0
0.0030012130737304688
0.0010006427764892578
0.0010030269622802734
0.0009989738464355469
0.0019953250885009766
0.002001047134399414
0.0029926300048828125
0.0030286312103271484
0.0029981136322021484
0.002999544143676758
0.003003358840942383
0.003998994827270508
0.004994392395019531
0.004004240036010742
0.004016399383544922
0.001993894577026367
0.0030040740966796875
0.0019884109497070312
0.002006053924560547
0.003996610641479492
0.0020112991333007812
0.003000497817993164
0.0029993057250976562
0.005002260208129883
0.0030007362365722656
0.006001949310302734
0.003997325897216797
0.0050046443939208984
0.0030035972595214844
0.003992557525634766
0.004004955291748047
0.0059528350830078125
0.003999471664428711
0.00600123405456543
0.004908561706542969
0.007004499435424805
0.004001617431640625
0.007995367050170898
0.008002281188964844
0.008045673370361328
0.009629011154174805
0.006000995635986328
0.009002923965454102
0.006997346878051758
0.003998517990112305
0.008009672164916992
0.0050008296966552734
0.0069997310638427734
0.008001327514648438
0.005001068115234375
0.0059893131256103516
0.007997751235961914
0.006003618240356445
0.0050008296966552734
0.006986379623413086
0.005000591278076172
0.007012844085693359
0.006012439727783203
0.006000041961669922
0.008011341094970703
0.004976749420166016
0.010239124298095703
0.006514549255371094
0.00599980354309082
0.013971090316772461
0.006000518798828125
0.0060002803802490234
0.0060024261474609375
0.0070035457611083984
0.005013465881347656
0.006998538970947266
0.00800323486328125
0.0066089630126953125
0.00799703598022461
0.010005474090576172
0.007985353469848633
0.009010553359985352
0.0073735713958740234
0.00755620002746582
0.008988380432128906
0.0070133209228515625
0.006983518600463867
0.00898432731628418
0.007354259490966797
0.008005857467651367
