0.02238178253173828
0.024054527282714844
0.028007984161376953
0.03357958793640137
0.017003536224365234
0.018001317977905273
0.028034210205078125
0.020420551300048828
0.02100658416748047
0.022001028060913086
0.14803457260131836
0.013001441955566406
0.1605691909790039
0.016537904739379883
0.01399850845336914
0.01600480079650879
0.22204136848449707
0.01600480079650879
0.015005111694335938
0.025009870529174805
0.01452183723449707
0.018349409103393555
0.013005256652832031
0.01400446891784668
0.04861092567443848
0.012581110000610352
0.014003992080688477
0.03800606727600098
0.03565645217895508
0.032003164291381836
0.013999223709106445
0.01400613784790039
0.013245344161987305
0.023468494415283203
0.013393640518188477
0.013057470321655273
0.013004541397094727
0.017017602920532227
0.03401899337768555
0.04200887680053711
0.027965068817138672
0.025005102157592773
0.03401684761047363
0.02200937271118164
0.013003826141357422
0.13859963417053223
0.027008771896362305
0.028543472290039062
0.04300832748413086
0.1436765193939209
0.013001680374145508
0.013026714324951172
0.04727625846862793
0.013016462326049805
0.030007123947143555
0.1426534652709961
0.015004396438598633
0.02099609375
0.02314615249633789
0.03221487998962402
0.015003204345703125
0.022003173828125
0.01301717758178711
0.01600337028503418
0.15474224090576172
0.02096414566040039
0.01600480079650879
0.0420076847076416
0.028005599975585938
0.025556325912475586
0.014997482299804688
0.014019250869750977
0.019993066787719727
0.02958512306213379
0.022034168243408203
0.5105307102203369
0.013021469116210938
0.03033447265625
0.012648344039916992
0.036003828048706055
0.01800823211669922
0.016002893447875977
0.022635221481323242
0.020001888275146484
0.020546436309814453
0.4635436534881592
0.027006864547729492
0.028005361557006836
0.0200045108795166
0.020009279251098633
0.016005992889404297
0.031010866165161133
0.024779558181762695
0.01500558853149414
0.0310060977935791
0.013989686965942383
0.014000654220581055
0.15221428871154785
0.022005558013916016
0.016993999481201172
0.02135777473449707
0.027001380920410156
0.018000364303588867
0.034009456634521484
0.012556791305541992
0.037012577056884766
0.02105093002319336
