0.019006729125976562
0.029007911682128906
0.017998218536376953
0.025011301040649414
0.01402425765991211
0.021002531051635742
0.018999099731445312
0.019007205963134766
0.017004966735839844
0.019002437591552734
0.1740882396697998
0.021004438400268555
0.16278934478759766
0.02700495719909668
0.019327402114868164
0.013999462127685547
0.14456987380981445
0.014009952545166016
0.03603720664978027
0.027004718780517578
0.017009735107421875
0.02300882339477539
0.01751852035522461
0.013004779815673828
0.016521692276000977
0.034010887145996094
0.013988256454467773
0.014006376266479492
0.019563674926757812
0.012003660202026367
0.02107977867126465
0.013013839721679688
0.012534856796264648
0.019966602325439453
0.03201699256896973
0.02700042724609375
0.013048171997070312
0.01500248908996582
0.029129981994628906
0.017021656036376953
0.014003515243530273
0.46018409729003906
0.015002250671386719
0.016289472579956055
0.013003349304199219
0.4553518295288086
0.015006780624389648
0.35657238960266113
0.12701773643493652
0.030930519104003906
0.034006357192993164
0.3665895462036133
0.015021085739135742
0.01398468017578125
0.017056703567504883
0.016010284423828125
0.031013965606689453
0.02900528907775879
0.02781987190246582
0.14595651626586914
0.01698923110961914
0.03200244903564453
0.06001853942871094
0.031625986099243164
0.030008554458618164
0.03300929069519043
0.03070664405822754
0.03801131248474121
0.028007984161376953
0.5095012187957764
0.03200793266296387
0.03000950813293457
0.035013437271118164
0.03200578689575195
0.052109718322753906
0.022094249725341797
0.03534650802612305
0.023009777069091797
0.03130197525024414
0.40812110900878906
0.02500748634338379
0.02399897575378418
0.021006345748901367
0.03177285194396973
0.031004667282104492
0.025008440017700195
0.020006656646728516
0.31913185119628906
0.03300118446350098
0.034234046936035156
0.01600170135498047
0.02200007438659668
0.015003442764282227
0.020003557205200195
0.015007972717285156
0.04700732231140137
0.03100109100341797
0.023509502410888672
0.0313115119934082
0.03800797462463379
0.015006780624389648
0.024007081985473633
0.02901005744934082
0.22400426864624023
