9.986071586608887
9.913646936416626
8.289207220077515
8.645073890686035
9.820793867111206
9.776238203048706
8.960518836975098
8.089557409286499
11.944610834121704
8.73115873336792
8.190828561782837
6.948667764663696
7.229135036468506
7.202008485794067
7.210595607757568
7.005849599838257
7.026294708251953
6.978970527648926
7.021021127700806
7.332048177719116
7.023278474807739
7.007576942443848
7.639040231704712
7.2016730308532715
7.360021114349365
7.416072607040405
6.628801107406616
7.352075099945068
7.681586980819702
7.531657457351685
6.826484441757202
7.783965110778809
7.502772331237793
7.65411376953125
7.999086618423462
8.111636877059937
7.523442983627319
8.183636665344238
7.4800262451171875
6.444866418838501
8.5417799949646
7.3341827392578125
7.755873680114746
7.687812328338623
8.553327083587646
8.27530026435852
7.839393615722656
7.575455665588379
6.635266304016113
8.92913556098938
9.747030258178711
5.7465081214904785
7.199986219406128
7.88523268699646
6.606128931045532
8.898578405380249
5.896814823150635
7.326191663742065
8.746878385543823
6.96483302116394
10.711777210235596
11.68357229232788
6.951312303543091
7.828968048095703
9.365028142929077
6.350690603256226
9.259659051895142
8.79921007156372
8.976246356964111
10.568965435028076
7.117452621459961
10.887969970703125
6.050523996353149
8.940701007843018
6.597239255905151
6.123410224914551
8.146274089813232
9.315971851348877
9.122563123703003
7.486380100250244
12.50990915298462
6.671837091445923
9.638529777526855
7.45074200630188
8.566897869110107
8.230454921722412
8.948015213012695
7.649077892303467
11.453191041946411
7.054702281951904
10.416911363601685
7.518741130828857
10.19601845741272
9.012223720550537
7.986551284790039
8.05004072189331
9.946327447891235
6.817944288253784
10.051316261291504
7.213936805725098
10.967958211898804
8.029005527496338
9.864958047866821
7.1888427734375
10.799867630004883
7.324580907821655
12.42594575881958
