6.759037971496582
7.335441827774048
7.092194318771362
7.023920774459839
7.333482265472412
6.882689714431763
7.312017917633057
7.7275612354278564
7.854265213012695
7.483442544937134
7.893585443496704
7.714936971664429
7.717811822891235
7.437748193740845
7.189293146133423
7.564788818359375
6.9788854122161865
6.6881654262542725
7.148646831512451
7.030599355697632
6.96828031539917
7.30396032333374
6.992044925689697
7.206176996231079
7.646437883377075
7.320555686950684
7.750827312469482
7.290040969848633
8.167536497116089
7.3730998039245605
7.926090478897095
8.123342990875244
7.8420774936676025
7.711342811584473
8.540978908538818
8.565618991851807
7.965184450149536
8.525056600570679
7.345008611679077
8.636499881744385
7.736353397369385
9.12459945678711
8.210049390792847
8.299909591674805
8.136607885360718
9.330641984939575
8.22140645980835
9.00339961051941
9.87757682800293
10.054780721664429
8.8648681640625
8.207890033721924
8.311967611312866
7.890500545501709
8.040358543395996
8.225600242614746
8.3145911693573
8.99348497390747
9.186808109283447
8.625875234603882
8.186615943908691
9.378571033477783
9.585098266601562
8.688644170761108
9.371934175491333
9.298287391662598
9.841151237487793
9.5557541847229
9.411442279815674
8.533316850662231
10.010042905807495
9.37627100944519
8.71849250793457
9.207258224487305
9.437704801559448
8.69982647895813
9.293100357055664
9.185368061065674
8.388004779815674
9.114525318145752
9.298074960708618
8.964020729064941
8.036489725112915
9.605063915252686
8.685747146606445
9.007770538330078
10.039111852645874
8.840754747390747
8.7377188205719
8.310329675674438
9.305139303207397
9.781386613845825
8.936835289001465
10.645872592926025
9.723251819610596
9.45306944847107
8.157579898834229
10.976697444915771
10.65822720527649
8.316813707351685
10.625023365020752
11.360761404037476
8.304559469223022
11.907236814498901
