11.161945581436157
9.067161083221436
11.85261607170105
7.17280387878418
7.258952617645264
7.648661375045776
7.062610387802124
8.788408756256104
6.887986421585083
8.534585237503052
7.105477333068848
7.811811208724976
8.981431722640991
6.794176340103149
9.877724885940552
7.313439607620239
9.768645286560059
10.5914626121521
7.571592569351196
7.927923202514648
11.208356857299805
7.237622976303101
10.517009973526001
6.888092994689941
11.29468584060669
8.718276500701904
7.984445095062256
11.90943956375122
9.047340869903564
11.161453485488892
11.74238920211792
9.071552991867065
10.079479455947876
12.339550971984863
10.77785611152649
9.465783834457397
10.866364240646362
9.493116617202759
11.898228168487549
10.792962074279785
9.738471746444702
10.702460527420044
11.886393070220947
9.29799747467041
10.846225261688232
10.422883033752441
9.488044261932373
11.012345552444458
10.485888719558716
12.489259481430054
8.285877466201782
12.647958040237427
8.672084093093872
13.399993896484375
7.645686149597168
13.521842002868652
8.570886135101318
9.773383378982544
9.4646737575531
12.050780057907104
8.49111294746399
12.623591661453247
8.960135459899902
14.441113471984863
8.763539552688599
10.119274616241455
7.8040876388549805
9.124546527862549
8.678256273269653
9.27329969406128
9.315832376480103
10.152373790740967
8.755581140518188
9.949071407318115
9.11031174659729
9.437215566635132
8.976453065872192
8.507709741592407
8.379764080047607
8.697042226791382
10.030610084533691
11.037068367004395
8.119209051132202
10.379583358764648
10.84683108329773
9.926645040512085
8.114857912063599
10.821855306625366
10.638307094573975
8.303938388824463
8.276718616485596
9.86791729927063
