0.06235194206237793
0.016005992889404297
0.0295560359954834
0.020007610321044922
0.016555309295654297
0.031010150909423828
0.020007848739624023
0.020005464553833008
0.030011653900146484
0.031009435653686523
0.13415932655334473
0.019003629684448242
0.021002531051635742
0.014008760452270508
0.19846105575561523
0.515380859375
0.02100348472595215
0.031998395919799805
0.01801133155822754
0.03901100158691406
0.02600264549255371
0.017006874084472656
0.013532638549804688
0.014001131057739258
0.03484392166137695
0.017998218536376953
0.03299903869628906
0.013392925262451172
0.03470754623413086
0.01299142837524414
0.020028114318847656
0.03530144691467285
0.1650383472442627
0.036010026931762695
0.03200721740722656
0.013990163803100586
0.02610039710998535
0.03201436996459961
0.01600503921508789
0.053011178970336914
0.031008243560791016
0.035010576248168945
0.016016006469726562
0.03901314735412598
0.035540103912353516
0.019032955169677734
0.04001283645629883
0.012003421783447266
0.019134521484375
0.017023563385009766
0.031009674072265625
0.02102494239807129
0.47855186462402344
0.016002655029296875
0.01600027084350586
0.03600502014160156
0.01500558853149414
0.02700042724609375
0.031010150909423828
0.05214810371398926
0.027003049850463867
0.015005350112915039
0.04301047325134277
0.026012420654296875
0.030998945236206055
0.0429997444152832
0.034002065658569336
0.037436485290527344
0.01700448989868164
0.022005558013916016
0.013002634048461914
0.025003433227539062
0.01901388168334961
0.015017986297607422
0.018996000289916992
0.014014005661010742
0.017464876174926758
0.02600574493408203
0.032999277114868164
0.014015913009643555
0.017152070999145508
0.02000594139099121
0.03301119804382324
0.017003774642944336
0.16832995414733887
0.033016204833984375
0.03025341033935547
0.019005298614501953
0.026012897491455078
0.0259702205657959
0.03401327133178711
0.018003463745117188
