0.044007301330566406
0.05101490020751953
0.018105506896972656
0.0270082950592041
0.019006729125976562
0.04001188278198242
0.02500772476196289
0.051314592361450195
0.04501605033874512
0.03534412384033203
0.4616076946258545
0.03501152992248535
0.03499889373779297
0.03701210021972656
0.27521228790283203
0.19216513633728027
0.022310972213745117
0.042005062103271484
0.038016557693481445
0.04004049301147461
0.034000396728515625
0.031005382537841797
0.02400660514831543
0.01599907875061035
0.03699994087219238
0.02100658416748047
0.01697993278503418
0.015994548797607422
0.03661751747131348
0.02000570297241211
0.034639596939086914
0.03001236915588379
0.7116646766662598
0.02300429344177246
0.03601336479187012
0.01599574089050293
0.04400968551635742
0.021015644073486328
0.06201672554016113
0.020005464553833008
0.04095625877380371
0.023012399673461914
0.043013572692871094
0.034766197204589844
0.04404139518737793
0.035600900650024414
0.028007030487060547
0.03499341011047363
0.03601241111755371
0.015527486801147461
0.04301333427429199
0.020009756088256836
0.3642768859863281
0.041886329650878906
0.01453089714050293
0.013990640640258789
0.037346601486206055
0.016028881072998047
0.015544891357421875
0.05133962631225586
0.01446843147277832
0.014003753662109375
0.016002893447875977
0.01600337028503418
0.03208637237548828
0.018004179000854492
0.036009788513183594
0.013311386108398438
0.015002012252807617
0.044007301330566406
0.015772342681884766
0.016004085540771484
0.012000560760498047
0.013992547988891602
0.014011144638061523
0.015066385269165039
0.01932215690612793
0.014263629913330078
0.01888728141784668
0.02901005744934082
0.02001333236694336
0.022554636001586914
0.018541336059570312
0.013001441955566406
0.2055954933166504
0.016003131866455078
0.017024517059326172
0.014806985855102539
0.017016887664794922
0.014008045196533203
