12.619623184204102
10.090866804122925
10.143095254898071
11.142913818359375
11.268135070800781
15.50787615776062
11.071343660354614
11.916454315185547
10.459782600402832
9.46522307395935
9.066615581512451
8.76143193244934
9.757925510406494
9.221538543701172
8.684051513671875
11.510411024093628
9.0353684425354
9.165887355804443
9.540900945663452
9.987283706665039
8.59304928779602
10.939104557037354
10.16698670387268
10.29737663269043
10.98552942276001
7.775379419326782
11.065888166427612
12.183053970336914
9.941033124923706
10.263495206832886
12.018455982208252
11.696882009506226
10.457138061523438
11.283162355422974
12.45912480354309
14.198218822479248
9.263239860534668
13.913978576660156
8.906436204910278
14.923521041870117
10.551624059677124
13.760819435119629
9.924560546875
12.786515712738037
11.059925556182861
13.837501049041748
11.655340671539307
11.446557998657227
13.979007720947266
11.433820009231567
13.667689323425293
9.848682165145874
13.70778203010559
10.883363723754883
8.637766599655151
9.81729245185852
8.022610664367676
8.366455554962158
11.864233493804932
7.293187141418457
8.802778959274292
8.878455400466919
9.386330604553223
9.868603944778442
8.633691549301147
9.68726372718811
9.335403203964233
7.166714668273926
9.243396520614624
9.729576349258423
7.505737066268921
6.620229482650757
6.930755853652954
6.79455304145813
6.2961201667785645
6.520998239517212
6.689283609390259
6.82030987739563
8.606490135192871
8.082653522491455
8.040446996688843
7.0661914348602295
6.6205878257751465
6.281838417053223
6.601171255111694
6.499472618103027
6.595139026641846
6.624757289886475
6.339524030685425
8.190866947174072
