1.0824201107025146
1.073349952697754
1.057220458984375
1.1976137161254883
1.0893275737762451
1.2015573978424072
1.0763063430786133
1.0528483390808105
1.1878230571746826
1.2328791618347168
1.0885651111602783
1.0939362049102783
1.1024272441864014
1.0574941635131836
1.2034366130828857
1.0657973289489746
1.2063720226287842
1.099611520767212
1.06192946434021
1.1911766529083252
1.2336859703063965
1.089660406112671
1.0878355503082275
1.0830762386322021
1.073296308517456
1.2076873779296875
1.0595474243164062
1.2104785442352295
1.0786659717559814
1.0603835582733154
1.1906356811523438
1.2460384368896484
1.1005914211273193
1.0924315452575684
1.0822868347167969
1.0737247467041016
1.2118122577667236
1.0756709575653076
1.2200963497161865
1.0863356590270996
1.0680131912231445
1.2051379680633545
1.331315279006958
1.1651837825775146
1.0979077816009521
1.0881056785583496
1.0699069499969482
1.2217717170715332
1.1277954578399658
1.2311804294586182
1.0791800022125244
1.0627691745758057
1.199556827545166
1.246476411819458
1.111865520477295
1.1018664836883545
1.0899784564971924
1.0706446170806885
1.2169039249420166
1.0748038291931152
1.23671555519104
1.0824990272521973
1.0782978534698486
1.2037608623504639
1.2483484745025635
1.1108942031860352
1.1158695220947266
1.082848310470581
1.068913459777832
1.2108204364776611
1.0717120170593262
1.2252888679504395
1.090944766998291
1.0831341743469238
1.205834150314331
1.2435290813446045
1.108384132385254
1.097865343093872
1.1006112098693848
1.073512077331543
1.2279446125030518
1.0853352546691895
1.235032320022583
1.10396409034729
1.0706064701080322
1.2091872692108154
1.2526543140411377
1.1201846599578857
1.1080601215362549
1.0896904468536377
1.0759930610656738
1.2173421382904053
1.0822534561157227
1.2249913215637207
1.0847101211547852
1.070281982421875
1.2108275890350342
1.2428836822509766
1.1088645458221436
1.101017951965332
1.1023776531219482
1.1089138984680176
1.222193956375122
1.098128080368042
1.239274501800537
1.0885751247406006
1.0727455615997314
1.2018673419952393
1.255983591079712
1.1111247539520264
1.1066083908081055
1.0959830284118652
1.0814998149871826
1.2256896495819092
1.079150915145874
1.2337744235992432
1.0925347805023193
1.0736160278320312
1.2092852592468262
1.2636680603027344
1.118124008178711
1.1077446937561035
1.1094541549682617
1.0796315670013428
1.2272124290466309
1.088090181350708
1.2359611988067627
1.1021945476531982
1.0801353454589844
1.2106499671936035
1.2662699222564697
1.1981265544891357
1.1566505432128906
1.11318039894104
1.093132734298706
1.2343788146972656
1.0974352359771729
1.2488529682159424
1.094019889831543
1.0772123336791992
1.2068290710449219
1.2630584239959717
1.1256375312805176
1.1288871765136719
1.101297378540039
1.0834224224090576
1.2292981147766113
1.0875244140625
1.2429449558258057
1.1027445793151855
1.0777771472930908
1.21644926071167
1.2767958641052246
1.119826316833496
1.1379480361938477
1.102431058883667
1.0812466144561768
1.2339348793029785
1.0946812629699707
1.2591516971588135
1.1121807098388672
1.089665174484253
1.2144794464111328
1.2686457633972168
1.1231813430786133
1.1209187507629395
1.101149320602417
1.0878551006317139
1.2243120670318604
1.0963938236236572
1.2421846389770508
1.131014108657837
1.0812158584594727
1.2176134586334229
1.2690834999084473
1.1229050159454346
1.1282284259796143
1.1079020500183105
1.0906586647033691
1.2381999492645264
1.0980730056762695
1.244586706161499
1.1035761833190918
1.0821433067321777
1.2171497344970703
1.2796192169189453
1.147322654724121
1.1199514865875244
1.1056718826293945
1.094907283782959
1.2352492809295654
1.1059379577636719
1.2496311664581299
1.109426736831665
1.090872049331665
1.2303998470306396
1.272782802581787
1.127321481704712
1.1225066184997559
1.1116037368774414
1.0961096286773682
1.2353081703186035
1.1323330402374268
1.2467360496520996
1.1161017417907715
1.0877394676208496
1.2373788356781006
1.2707304954528809
1.1333932876586914
1.1262767314910889
1.1111140251159668
1.095294713973999
1.243391513824463
1.1023783683776855
1.2533981800079346
1.108508586883545
1.1025476455688477
1.2335283756256104
1.2722821235656738
1.135875940322876
1.1209156513214111
1.1127703189849854
1.0898561477661133
1.2466015815734863
1.102189540863037
1.2611181735992432
1.1105272769927979
1.0946314334869385
1.2291457653045654
1.2781283855438232
1.1382534503936768
1.1190249919891357
1.1103816032409668
1.0974979400634766
1.289146900177002
1.1008353233337402
1.2541601657867432
1.1186480522155762
1.1113216876983643
1.2406113147735596
1.2793927192687988
1.1373066902160645
1.130612850189209
1.1309888362884521
1.106158971786499
1.2380764484405518
1.0989878177642822
1.2598059177398682
1.1191072463989258
1.0828349590301514
1.228407859802246
1.279200792312622
1.1324315071105957
1.1307780742645264
1.1161489486694336
1.105438470840454
1.252342700958252
1.1047465801239014
1.2646570205688477
1.1208441257476807
1.1026630401611328
1.3664085865020752
1.4350812435150146
1.1669964790344238
1.161534309387207
1.1740717887878418
1.2161619663238525
1.3846347332000732
2.156862258911133
1.4935283660888672
1.2625470161437988
1.2092547416687012
1.3527936935424805
1.4326512813568115
1.2109830379486084
1.190293312072754
1.1805977821350098
1.1493785381317139
1.294320821762085
1.1682822704315186
1.3065450191497803
1.1946980953216553
1.1404855251312256
1.285019874572754
1.2870233058929443
1.1386065483093262
1.1319973468780518
1.1279518604278564
1.1235547065734863
1.236440658569336
1.1104416847229004
1.270064353942871
1.1689867973327637
1.1015660762786865
1.2472529411315918
1.2889726161956787
1.1429684162139893
1.1314325332641602
1.1232435703277588
1.1121623516082764
1.2596938610076904
1.1100051403045654
1.253657341003418
1.1240429878234863
1.1210248470306396
1.2363839149475098
1.3181183338165283
1.1608271598815918
1.140491247177124
1.1300921440124512
1.1026227474212646
1.2488479614257812
1.1142759323120117
1.2597975730895996
1.1132700443267822
1.114070177078247
1.2263877391815186
1.2855043411254883
1.1480796337127686
1.1286859512329102
1.124361276626587
1.1370024681091309
1.2462506294250488
1.1013927459716797
1.25856614112854
1.123023509979248
1.1053481101989746
1.2355875968933105
1.2825369834899902
1.1385822296142578
1.1473331451416016
1.1234188079833984
1.104297161102295
1.24467134475708
1.1095409393310547
1.2735116481781006
1.1191837787628174
1.1034958362579346
1.2456605434417725
1.3025767803192139
1.1432909965515137
1.1365420818328857
1.136183738708496
1.1196024417877197
1.255291223526001
1.1070997714996338
1.2673759460449219
1.1281025409698486
1.119488000869751
1.2422423362731934
1.287806510925293
1.1491732597351074
1.1440932750701904
1.1309242248535156
1.105290412902832
1.2518587112426758
1.1266145706176758
1.26987624168396
1.1323354244232178
1.1039862632751465
1.251584529876709
1.2904918193817139
1.1447234153747559
1.1439476013183594
1.1331651210784912
1.1088316440582275
1.2559797763824463
1.121170997619629
1.2702794075012207
1.1270506381988525
1.1090867519378662
1.2476284503936768
1.2997205257415771
1.1535205841064453
1.140437364578247
1.1308202743530273
1.1103038787841797
1.2590646743774414
1.123579502105713
1.2737054824829102
1.1347832679748535
1.1091835498809814
1.241013765335083
1.290217638015747
1.148519515991211
1.150801181793213
1.133443832397461
1.1135995388031006
1.2603938579559326
1.121755838394165
1.279273509979248
1.134335994720459
1.1089236736297607
1.2478337287902832
1.3003911972045898
1.1555771827697754
1.1544592380523682
1.1393074989318848
1.112849235534668
1.260453701019287
1.1172678470611572
1.2695305347442627
1.1650056838989258
1.1185314655303955
1.2495269775390625
1.2958455085754395
1.1588866710662842
1.1527388095855713
1.1371867656707764
1.1363375186920166
1.2795765399932861
1.1226451396942139
1.270979881286621
1.1373286247253418
1.1199064254760742
1.259375810623169
1.2957355976104736
1.1608331203460693
1.1462125778198242
1.1495509147644043
1.1248657703399658
1.2700786590576172
1.1213185787200928
1.2855088710784912
1.1359877586364746
1.1421468257904053
1.2607786655426025
1.3069398403167725
1.156843662261963
1.1522514820098877
1.1344091892242432
1.1202442646026611
1.2705397605895996
1.1398828029632568
1.2788035869598389
1.1411607265472412
1.1162261962890625
1.2540462017059326
1.3006174564361572
1.1590890884399414
1.1655519008636475
1.144385576248169
1.1199848651885986
1.278735876083374
1.168898582458496
1.2992815971374512
1.139021635055542
1.12144136428833
1.261012077331543
1.308295726776123
1.1708471775054932
1.1500358581542969
1.1555445194244385
1.1185848712921143
1.2735624313354492
1.1230380535125732
1.2986018657684326
1.1425278186798096
1.1197786331176758
1.276921033859253
1.3072950839996338
1.1695151329040527
1.158012866973877
1.1496758460998535
1.1335530281066895
1.2767033576965332
1.1338598728179932
1.2807459831237793
1.1386208534240723
1.259040355682373
1.2637853622436523
1.3030173778533936
1.1592297554016113
1.1641385555267334
1.1449179649353027
1.1300930976867676
1.2741308212280273
1.1450579166412354
1.2950341701507568
1.1416971683502197
1.1254007816314697
1.2573254108428955
1.2978525161743164
1.1712937355041504
1.1557471752166748
1.141505241394043
1.1301772594451904
1.2733349800109863
1.144404411315918
1.2920565605163574
1.166152000427246
1.1275904178619385
1.2555615901947021
1.3088016510009766
1.1823651790618896
1.1621031761169434
1.1441340446472168
1.1317024230957031
1.2771220207214355
1.1434495449066162
1.2820465564727783
1.1511552333831787
1.1402039527893066
1.2722022533416748
1.3161487579345703
1.1686382293701172
1.164574384689331
1.151155948638916
1.1373059749603271
1.278383493423462
1.1492245197296143
1.2917985916137695
1.1520061492919922
1.1314899921417236
1.2613394260406494
1.3216955661773682
1.180213451385498
1.1719334125518799
1.1549642086029053
1.1234939098358154
1.2774267196655273
1.1438474655151367
1.2924466133117676
1.162994146347046
1.1399738788604736
1.2671632766723633
1.3049633502960205
1.1731641292572021
1.1597342491149902
1.1558952331542969
1.1286075115203857
1.283808946609497
1.1383535861968994
1.2909371852874756
1.1477985382080078
1.1292192935943604
1.2586567401885986
1.3120388984680176
1.1983671188354492
1.174973964691162
1.167426586151123
1.1357622146606445
1.2765543460845947
1.1383085250854492
1.3036229610443115
1.1532652378082275
1.129697561264038
1.264822006225586
1.3357815742492676
1.176574468612671
1.167003870010376
1.1557836532592773
1.1335604190826416
1.2924695014953613
1.1404457092285156
1.3008842468261719
1.1636602878570557
1.1286652088165283
1.273526668548584
1.3266384601593018
1.1976454257965088
1.167252779006958
1.1666955947875977
1.1374316215515137
1.287588357925415
1.1455392837524414
1.298299789428711
1.1632742881774902
1.1485905647277832
1.2888646125793457
1.3205831050872803
1.1802499294281006
1.168860912322998
1.2048382759094238
1.1443145275115967
1.2903618812561035
1.1435186862945557
1.30192232131958
1.1567699909210205
1.132131576538086
1.2677218914031982
1.318814754486084
1.1820437908172607
1.170105218887329
1.1602487564086914
1.1414940357208252
1.2866947650909424
1.1426527500152588
1.3092472553253174
1.1676595211029053
1.1455726623535156
1.270294427871704
1.3249328136444092
1.2163817882537842
1.1890928745269775
1.1593163013458252
1.1491367816925049
1.288301944732666
1.1620938777923584
1.2973268032073975
1.1762149333953857
1.1377160549163818
1.2762367725372314
1.3198485374450684
1.1741137504577637
1.1832966804504395
1.1665382385253906
1.1537868976593018
1.3000030517578125
1.1641390323638916
1.3179688453674316
1.1569464206695557
1.1452357769012451
1.2817363739013672
1.3333282470703125
1.1817407608032227
1.184652328491211
1.167963981628418
1.1406965255737305
1.2915799617767334
1.152806282043457
1.3101730346679688
1.1789565086364746
1.1395890712738037
1.2763161659240723
1.3410773277282715
1.1768534183502197
1.1817660331726074
1.1619620323181152
1.145618200302124
1.2968475818634033
1.156036376953125
1.3096721172332764
1.162431001663208
1.1500413417816162
1.279831886291504
1.3351950645446777
1.1856155395507812
1.1858234405517578
1.1642498970031738
1.3230934143066406
1.3923530578613281
1.3592336177825928
1.3632135391235352
1.2057998180389404
1.1855370998382568
1.3163864612579346
1.345261812210083
1.2370519638061523
1.2571003437042236
1.2345993518829346
1.1980717182159424
1.3600261211395264
1.2112884521484375
1.3106420040130615
1.1806659698486328
1.1519739627838135
1.3074150085449219
1.4732038974761963
1.231144666671753
1.2060177326202393
1.1898574829101562
1.2010443210601807
1.3343443870544434
1.166968584060669
1.3161413669586182
1.188291072845459
1.172252893447876
1.3042023181915283
1.3535947799682617
1.233152151107788
1.2146971225738525
1.2093920707702637
1.1941123008728027
1.379082441329956
1.216806173324585
1.3931999206542969
1.250126600265503
1.1861703395843506
1.3406414985656738
1.3944289684295654
1.2126455307006836
1.2419273853302002
1.2120933532714844
1.171064853668213
1.308715581893921
1.1711373329162598
1.3463401794433594
1.1949989795684814
1.1534392833709717
1.3060991764068604
1.351097583770752
1.1990067958831787
1.203864574432373
1.1960363388061523
1.1587927341461182
1.3110907077789307
1.1588397026062012
1.3234217166900635
1.1863234043121338
1.1545886993408203
1.297173023223877
1.351578950881958
1.2030556201934814
1.1925785541534424
1.1895411014556885
1.1527295112609863
1.3239243030548096
1.195223331451416
1.3216869831085205
1.1855769157409668
1.1523873805999756
1.2869443893432617
1.355578899383545
1.2060785293579102
1.2079753875732422
1.1807034015655518
1.1640825271606445
1.3074719905853271
1.1720597743988037
1.3226425647735596
1.1955301761627197
1.1652605533599854
1.2931795120239258
1.3479945659637451
1.2232155799865723
1.1952118873596191
1.1854050159454346
1.1725795269012451
1.3102829456329346
1.1785457134246826
1.3192191123962402
1.1847202777862549
1.179102897644043
1.3799939155578613
1.380767583847046
1.2275402545928955
1.2211530208587646
1.2043945789337158
1.2087762355804443
1.3317108154296875
1.1832349300384521
1.3397791385650635
1.1922862529754639
1.1651411056518555
1.301316261291504
1.3585145473480225
1.2029497623443604
1.2136304378509521
1.191852331161499
1.1736881732940674
1.3207218647003174
1.1721088886260986
1.3326990604400635
1.1853523254394531
1.2016239166259766
1.3024265766143799
