1.1259183883666992
1.1622183322906494
1.2278051376342773
1.1327919960021973
1.2086811065673828
1.1918516159057617
1.142521619796753
1.191687822341919
1.2011260986328125
1.1365244388580322
1.1807644367218018
1.2120771408081055
1.1410021781921387
1.1892683506011963
1.2024056911468506
1.1334927082061768
1.1731350421905518
1.1889824867248535
1.1267781257629395
1.1766703128814697
1.1912283897399902
1.1321725845336914
1.1702492237091064
1.1747865676879883
1.16131591796875
1.1519570350646973
1.2233893871307373
1.1229665279388428
1.1888413429260254
1.1860854625701904
1.1196887493133545
1.2274885177612305
1.146033525466919
1.20931077003479
1.1957838535308838
1.1323661804199219
1.188267469406128
1.202038049697876
1.1433091163635254
1.2016394138336182
1.5200226306915283
1.8447036743164062
1.399158000946045
1.2631425857543945
1.180427074432373
1.30100417137146
1.1823902130126953
1.2537977695465088
1.2488114833831787
1.223391056060791
1.2556540966033936
1.2591943740844727
1.2222568988800049
1.2855448722839355
1.2931098937988281
1.230973482131958
1.2451653480529785
1.2251977920532227
1.236100196838379
1.248793125152588
1.1421959400177002
1.2004103660583496
1.2066810131072998
1.1568505764007568
1.2056844234466553
1.2537763118743896
1.1678085327148438
1.2014176845550537
1.2383596897125244
1.1549770832061768
1.1848564147949219
1.2071106433868408
1.1312143802642822
1.244882583618164
1.1919515132904053
1.2067162990570068
1.222949743270874
1.1676886081695557
1.2110612392425537
1.2115507125854492
1.1522657871246338
1.1911883354187012
1.2036504745483398
1.1648099422454834
1.211245059967041
1.325427770614624
1.162855625152588
1.359856367111206
1.1805408000946045
1.2245769500732422
1.2583541870117188
1.183081865310669
1.240424633026123
1.2400803565979004
1.1913390159606934
1.218337059020996
1.2522616386413574
1.1887781620025635
1.2264738082885742
1.2520968914031982
1.1560730934143066
1.2669360637664795
1.1661710739135742
1.2260630130767822
1.211045265197754
1.161606788635254
1.1948914527893066
1.2253258228302002
1.1966943740844727
1.3104043006896973
1.23628568649292
1.1642417907714844
1.2701165676116943
1.233351707458496
1.1680033206939697
1.3008882999420166
1.1725070476531982
1.2458646297454834
1.2338175773620605
1.1539301872253418
1.2020111083984375
1.23227858543396
1.1513304710388184
1.2108423709869385
1.2395193576812744
1.1856825351715088
1.2025630474090576
1.2484431266784668
1.1492960453033447
1.2721498012542725
1.178445816040039
1.2016041278839111
1.2181010246276855
1.1626245975494385
1.2081167697906494
1.2275497913360596
1.1575517654418945
1.2094030380249023
1.2593111991882324
1.1723194122314453
1.207388162612915
1.2279939651489258
1.1577413082122803
1.2643837928771973
1.2739453315734863
1.2286169528961182
1.2384083271026611
1.208519458770752
1.2557265758514404
1.2401273250579834
1.181945562362671
1.2235667705535889
1.2504322528839111
1.2724153995513916
1.2168173789978027
1.2371351718902588
1.197312831878662
1.2766270637512207
1.1798393726348877
1.2318682670593262
1.2346489429473877
1.176546573638916
1.2341036796569824
1.2342402935028076
1.2763781547546387
1.2476961612701416
1.237919807434082
1.170576572418213
1.2714414596557617
1.2379672527313232
1.154151439666748
1.277980089187622
1.208672046661377
1.3266918659210205
1.2461459636688232
1.1687707901000977
1.2258756160736084
1.2812786102294922
1.179032325744629
1.2787621021270752
1.2472214698791504
1.1719844341278076
1.2197821140289307
1.2363057136535645
1.2068734169006348
1.2649667263031006
1.1755180358886719
1.2338900566101074
1.2410404682159424
1.1760528087615967
1.2549757957458496
1.270488977432251
1.179762840270996
1.2263751029968262
1.2683930397033691
1.218468427658081
1.223599910736084
1.2454454898834229
1.1850228309631348
1.2883176803588867
1.1985788345336914
1.229276180267334
1.2439069747924805
1.162428617477417
1.2136223316192627
1.2218971252441406
1.1600687503814697
1.2782831192016602
1.2514989376068115
1.1678321361541748
1.2517526149749756
1.2435598373413086
1.1501069068908691
1.2697908878326416
1.1722791194915771
1.21763014793396
1.2260735034942627
1.1712110042572021
1.2168617248535156
1.2277929782867432
1.1689043045043945
1.2245361804962158
1.2347066402435303
1.1712665557861328
1.2226998805999756
1.2359459400177002
1.1655893325805664
1.197798728942871
1.212066650390625
1.1948752403259277
1.1807279586791992
1.2693290710449219
1.1672296524047852
1.2146852016448975
1.202286720275879
1.210209846496582
1.1952970027923584
1.2781014442443848
1.1792263984680176
1.2052559852600098
1.2179059982299805
1.2628977298736572
1.2609260082244873
1.3057451248168945
1.207082748413086
1.227362871170044
1.2219953536987305
1.22975754737854
1.2172985076904297
1.3049108982086182
1.1870176792144775
1.220947504043579
1.225158929824829
1.221874475479126
1.2153127193450928
1.2800877094268799
1.190082311630249
1.2362895011901855
1.2182297706604004
1.2237322330474854
1.210608959197998
1.295053482055664
1.187389612197876
1.2215635776519775
1.2366044521331787
1.2550806999206543
1.2125663757324219
1.2839734554290771
1.1900699138641357
1.2283706665039062
1.2228078842163086
1.2328944206237793
1.2042670249938965
1.2879979610443115
1.210080862045288
1.2522132396697998
1.2396016120910645
1.2264330387115479
1.2112112045288086
1.2893133163452148
1.2018649578094482
1.2372663021087646
1.2398045063018799
1.2380962371826172
1.2142791748046875
1.336679458618164
1.1977927684783936
1.2450966835021973
1.2237486839294434
1.2299315929412842
1.2040836811065674
1.295590877532959
1.1943626403808594
1.2366752624511719
1.250206708908081
1.2461986541748047
1.2201178073883057
1.292703628540039
1.205352783203125
1.2272942066192627
1.2244410514831543
1.2188918590545654
1.2120187282562256
1.2957432270050049
1.1746540069580078
1.2263519763946533
1.228532314300537
1.2166650295257568
1.2022535800933838
1.2994096279144287
1.2010178565979004
1.2356090545654297
1.233839511871338
1.2375130653381348
1.224593162536621
1.3084053993225098
1.2085669040679932
1.2674689292907715
1.2414169311523438
1.235579013824463
1.2415831089019775
1.3056745529174805
1.2136611938476562
1.23325777053833
1.2376296520233154
1.239950180053711
1.2233357429504395
1.2904045581817627
1.2035729885101318
1.2385079860687256
1.2392313480377197
1.242037057876587
1.250882863998413
1.3400709629058838
1.2416801452636719
1.2432401180267334
1.2409274578094482
1.3128001689910889
1.2914221286773682
1.2879796028137207
1.1996169090270996
1.2393834590911865
1.235335350036621
1.2654774188995361
1.2605440616607666
1.3056981563568115
1.206791877746582
1.2763049602508545
1.2879416942596436
1.2850306034088135
1.2314362525939941
1.3141217231750488
1.211547613143921
1.254265308380127
1.2494256496429443
1.228710412979126
1.2255005836486816
1.2983498573303223
1.2071692943572998
1.2347252368927002
1.237245798110962
1.2343287467956543
1.2281768321990967
1.2976009845733643
1.1938130855560303
1.2335128784179688
1.2388172149658203
1.2358307838439941
1.213547706604004
1.3009531497955322
1.2052197456359863
1.2376163005828857
1.2412278652191162
1.2481231689453125
1.220703363418579
1.2972753047943115
1.2132296562194824
1.2470319271087646
1.2362771034240723
1.2305309772491455
1.2209396362304688
1.3051741123199463
1.2355060577392578
1.2443559169769287
1.2442693710327148
1.2367634773254395
1.2254242897033691
1.3039734363555908
1.2047131061553955
1.2484700679779053
1.2391159534454346
1.239522933959961
1.2342255115509033
1.3206779956817627
1.2133386135101318
1.243417501449585
1.251469612121582
1.2481958866119385
1.2366254329681396
1.3318572044372559
1.2010841369628906
1.2469220161437988
1.2389392852783203
1.239450216293335
1.2307639122009277
1.2988457679748535
1.2052359580993652
1.247711420059204
1.2552740573883057
1.2412710189819336
1.233856439590454
1.3011057376861572
1.2018945217132568
1.2453739643096924
1.2388827800750732
1.2422358989715576
1.2381501197814941
1.314115047454834
1.2378127574920654
1.234527587890625
1.2509920597076416
1.2342109680175781
1.227917194366455
1.3030803203582764
1.209106683731079
1.2574646472930908
1.2406165599822998
1.249948501586914
1.216322660446167
1.3089542388916016
1.208998441696167
1.2568895816802979
1.2572009563446045
1.250847578048706
1.2252931594848633
1.3071599006652832
1.2065417766571045
1.2453210353851318
1.2484772205352783
1.2368574142456055
1.2432072162628174
1.3237285614013672
1.2041850090026855
1.243746042251587
1.251607894897461
1.2462050914764404
1.232450008392334
1.3066909313201904
1.199610948562622
1.266772747039795
1.2531776428222656
1.2433240413665771
1.2261786460876465
1.3235764503479004
1.207383394241333
1.251115083694458
1.252277135848999
1.248805046081543
1.2302165031433105
1.3111903667449951
1.2048299312591553
1.2427098751068115
1.247368574142456
1.2538087368011475
1.233198881149292
1.3240382671356201
1.2129368782043457
1.3003644943237305
1.2489705085754395
1.2511801719665527
1.2326653003692627
1.3193750381469727
1.2085468769073486
1.2533915042877197
1.2494895458221436
1.2480576038360596
1.2272348403930664
1.3245844841003418
1.2134919166564941
1.2596838474273682
1.2548630237579346
1.2531180381774902
1.2310519218444824
1.315958023071289
1.2158915996551514
1.2629456520080566
1.252281904220581
1.2473375797271729
1.241694450378418
1.3313941955566406
1.2156968116760254
1.256948471069336
1.248466968536377
1.2871935367584229
1.2419354915618896
1.3142378330230713
1.2195119857788086
1.258406400680542
1.2524733543395996
1.2451145648956299
1.2383668422698975
1.3276758193969727
1.216374158859253
1.2549374103546143
1.2549316883087158
1.2669663429260254
1.2419862747192383
1.3386948108673096
1.2174267768859863
1.2617335319519043
1.264941930770874
1.248291254043579
1.2382831573486328
1.3228063583374023
1.2189347743988037
1.2567157745361328
1.2711493968963623
1.2574517726898193
1.2336640357971191
1.3338265419006348
1.2221803665161133
1.2758731842041016
1.2564640045166016
1.2573931217193604
1.24345064163208
1.3239386081695557
1.2194697856903076
1.2717933654785156
1.2734625339508057
1.2553253173828125
1.2463710308074951
1.3153738975524902
1.2307636737823486
1.2571096420288086
1.2813584804534912
1.2483932971954346
1.257093906402588
1.3229420185089111
1.2174317836761475
1.2651112079620361
1.2699806690216064
1.4212570190429688
1.661205768585205
1.4761850833892822
1.2810237407684326
1.30427885055542
1.2648468017578125
1.2625172138214111
1.2498011589050293
1.333359718322754
1.2651832103729248
1.2709124088287354
1.2776226997375488
1.2659261226654053
1.2508068084716797
1.3317039012908936
1.2347404956817627
1.2668018341064453
1.2612030506134033
1.2643775939941406
1.2587981224060059
1.333503007888794
1.2307555675506592
1.267594337463379
1.2922499179840088
1.2657442092895508
1.253540277481079
1.346977710723877
1.2424826622009277
1.2711961269378662
1.2764744758605957
1.2800877094268799
1.2631537914276123
1.3472943305969238
1.2389695644378662
1.2899401187896729
1.2738072872161865
1.2822813987731934
1.2661054134368896
1.336869239807129
1.2336618900299072
1.2725374698638916
1.2737455368041992
1.2878265380859375
1.2538039684295654
1.3395466804504395
1.2298824787139893
1.277601957321167
1.2699072360992432
1.2773892879486084
1.2608520984649658
1.3490991592407227
1.226592779159546
1.2775983810424805
1.2828378677368164
1.2807602882385254
1.258603811264038
1.3449511528015137
1.2704548835754395
1.2939867973327637
1.3219609260559082
1.2885324954986572
1.2540476322174072
1.3393986225128174
1.2358222007751465
1.2719578742980957
1.2679035663604736
1.2883102893829346
1.2617335319519043
1.3440864086151123
1.2460978031158447
1.2792775630950928
1.2790234088897705
1.2800602912902832
1.261040449142456
1.3255906105041504
1.2310616970062256
1.270280361175537
1.2800421714782715
1.2689170837402344
1.2531445026397705
1.3486294746398926
1.2302660942077637
1.281848669052124
1.269892692565918
1.2736070156097412
1.2562751770019531
1.3425135612487793
1.2393577098846436
1.2766220569610596
1.2713255882263184
1.274595022201538
1.2609636783599854
1.3401281833648682
1.2384099960327148
1.2779254913330078
1.2790517807006836
1.268277645111084
1.2789499759674072
1.3432080745697021
1.2429218292236328
1.2628090381622314
1.289947509765625
1.2759311199188232
1.2647535800933838
1.341179370880127
1.2546594142913818
1.2780952453613281
1.2715327739715576
1.27601957321167
1.2560508251190186
1.3362360000610352
1.2367141246795654
1.2927894592285156
1.2874462604522705
1.2743861675262451
1.260608434677124
1.3490936756134033
1.2544705867767334
1.2731976509094238
1.2875049114227295
1.2771828174591064
1.272843837738037
1.3450043201446533
1.2407820224761963
1.2878971099853516
1.2873754501342773
1.274402379989624
1.274944543838501
1.3523683547973633
1.2478978633880615
1.3032922744750977
1.2822747230529785
1.279306173324585
1.2665021419525146
1.3519518375396729
1.2460789680480957
1.287158489227295
1.2898333072662354
1.2846965789794922
1.2647931575775146
1.3690276145935059
1.2406425476074219
1.2920520305633545
1.288724660873413
1.301199197769165
1.26963210105896
1.3482646942138672
1.2550432682037354
1.2897803783416748
1.2876222133636475
1.2798843383789062
1.271749496459961
1.3594059944152832
1.257746934890747
1.2933275699615479
1.2829973697662354
1.2805883884429932
1.2745261192321777
1.3520851135253906
1.251861572265625
1.295614242553711
1.2874245643615723
1.2790119647979736
1.2815468311309814
1.3477067947387695
1.2509434223175049
1.2856895923614502
1.290135383605957
1.2821519374847412
1.2761516571044922
1.3698720932006836
1.2631843090057373
1.2912800312042236
1.3211617469787598
1.2897303104400635
1.2772836685180664
1.3551528453826904
1.2596728801727295
1.29422926902771
1.2868731021881104
1.289935827255249
