1.059748888015747
1.1556010246276855
1.0748720169067383
1.1224963665008545
1.0874998569488525
1.1969733238220215
1.2177355289459229
1.0698673725128174
1.1082613468170166
1.2005565166473389
1.09808349609375
1.1246881484985352
1.176900863647461
1.083899974822998
1.1411800384521484
1.2912254333496094
1.1390676498413086
1.1155006885528564
1.1870203018188477
1.1338081359863281
1.1352145671844482
1.1995997428894043
1.1177592277526855
1.1326487064361572
1.1888952255249023
1.1088266372680664
1.1115808486938477
1.1797466278076172
1.0973007678985596
1.1176681518554688
1.2290008068084717
1.226384162902832
1.145235538482666
1.2399675846099854
1.0992786884307861
1.1173715591430664
1.2110693454742432
1.1752996444702148
1.1289935111999512
1.2261555194854736
1.1042652130126953
1.136516809463501
1.2417664527893066
1.137401819229126
1.1434681415557861
1.3865680694580078
2.005887985229492
1.3415324687957764
1.2731282711029053
1.1496198177337646
1.1970326900482178
1.2778456211090088
1.149367332458496
1.3615503311157227
1.3133673667907715
1.181171178817749
1.2208499908447266
1.2698140144348145
1.1503186225891113
1.2095651626586914
1.268829584121704
1.1825370788574219
1.1394906044006348
1.2009823322296143
1.0985920429229736
1.159677505493164
1.2926764488220215
1.1279325485229492
1.1300721168518066
1.2244288921356201
1.1716511249542236
1.152193307876587
1.1999619007110596
1.1210737228393555
1.1431851387023926
1.215477466583252
1.100294828414917
1.143078327178955
1.2331080436706543
1.110471248626709
1.139779806137085
1.2209181785583496
1.2926557064056396
1.1575443744659424
1.2460005283355713
1.1339614391326904
1.1654791831970215
1.2358763217926025
1.1534888744354248
1.2658631801605225
1.2923810482025146
1.1389729976654053
1.2579076290130615
1.269554615020752
1.1341817378997803
1.14577054977417
1.2218031883239746
1.142467975616455
1.2777118682861328
1.2980172634124756
1.1273581981658936
1.150522232055664
1.2271547317504883
1.1313059329986572
1.1438989639282227
1.2124090194702148
1.11069917678833
1.154618263244629
1.2129032611846924
1.1174757480621338
1.148644208908081
1.2154178619384766
1.1034514904022217
1.1406419277191162
1.2379610538482666
1.1582801342010498
1.148022174835205
1.239966630935669
1.191720724105835
1.2392401695251465
1.2274010181427002
1.1162569522857666
1.1954524517059326
1.2484679222106934
1.1486577987670898
1.1632435321807861
1.2242028713226318
1.1370949745178223
1.1492233276367188
1.2215843200683594
1.1148433685302734
1.140794277191162
1.2114055156707764
1.107696294784546
1.1605491638183594
1.2121646404266357
1.1103994846343994
1.1599829196929932
1.2042062282562256
1.1142072677612305
1.1453526020050049
1.2166454792022705
1.113130807876587
1.1413400173187256
1.2478976249694824
1.1133697032928467
1.1395471096038818
1.2070837020874023
1.117417335510254
1.1550827026367188
1.2553298473358154
1.1198978424072266
1.1410892009735107
1.2115983963012695
1.1269629001617432
1.139599323272705
1.219609022140503
1.1207327842712402
1.1446716785430908
1.2134201526641846
1.1372144222259521
1.1557693481445312
1.2114887237548828
1.118131399154663
1.1453986167907715
1.2149875164031982
1.1154472827911377
1.1532633304595947
1.2200257778167725
1.1207952499389648
1.1416254043579102
1.2210631370544434
1.1160762310028076
1.1442816257476807
1.2084083557128906
1.1190168857574463
1.1566321849822998
1.213463306427002
1.1216697692871094
1.1486382484436035
1.227419137954712
1.12614107131958
1.1490707397460938
1.2245376110076904
1.1253178119659424
1.140458345413208
1.2159693241119385
1.1186323165893555
1.1493816375732422
1.220376968383789
1.1222875118255615
1.1520371437072754
1.2143189907073975
1.1323378086090088
1.1545133590698242
1.2234692573547363
1.1430270671844482
1.148711919784546
1.2253153324127197
1.1209712028503418
1.1449999809265137
1.2465128898620605
1.1514806747436523
1.1574053764343262
1.2618842124938965
1.1270055770874023
1.1581456661224365
1.2674157619476318
