1.190342664718628
1.0558030605316162
1.0461146831512451
1.0404560565948486
1.20829176902771
1.0409998893737793
1.2161638736724854
1.0685653686523438
1.0620708465576172
1.0410761833190918
1.1861763000488281
1.0426342487335205
1.1948423385620117
1.0509312152862549
1.0458762645721436
1.1777241230010986
1.040264368057251
1.197828769683838
1.214465856552124
1.1027393341064453
1.078721523284912
1.0599308013916016
1.070960283279419
1.185025930404663
1.0501046180725098
1.1980955600738525
1.0574736595153809
1.0307519435882568
1.1683917045593262
1.2239148616790771
1.0781714916229248
1.066286563873291
1.060884714126587
1.0446691513061523
1.1889967918395996
1.0384471416473389
1.222663164138794
1.0614633560180664
1.060485601425171
1.1857550144195557
1.2133638858795166
1.077620267868042
1.0771684646606445
1.0532991886138916
1.0491254329681396
1.1914074420928955
1.0505859851837158
1.2030293941497803
1.053483247756958
1.0422234535217285
1.1722381114959717
1.223695993423462
1.0752570629119873
1.077038288116455
1.0539331436157227
1.0441198348999023
1.187690258026123
1.0838429927825928
1.1972787380218506
1.0616865158081055
1.0472302436828613
1.1841144561767578
1.2159466743469238
1.0738723278045654
1.0794413089752197
1.0610668659210205
1.049281358718872
1.1982049942016602
1.041020154953003
1.1962890625
1.0653505325317383
1.050961971282959
1.2109713554382324
1.212998390197754
1.0901870727539062
1.0956716537475586
1.0633022785186768
1.0452172756195068
1.2034296989440918
1.0841543674468994
1.2133758068084717
1.1177666187286377
1.043335199356079
1.18292236328125
1.264453411102295
1.0879793167114258
1.1034083366394043
1.08144211769104
1.0510811805725098
1.2028262615203857
1.0971808433532715
1.2143440246582031
1.0709881782531738
1.0501224994659424
1.1769022941589355
1.222930908203125
1.0913975238800049
1.0964252948760986
1.063403606414795
1.055647611618042
1.2164947986602783
1.0499799251556396
1.2012436389923096
1.0612635612487793
1.0458366870880127
1.1875500679016113
1.231743574142456
1.088925838470459
1.0815460681915283
1.0699727535247803
1.0550665855407715
1.1964573860168457
1.0530779361724854
1.20212984085083
1.0714550018310547
1.0421702861785889
1.1788303852081299
1.220283031463623
1.08663010597229
1.078148603439331
1.0688045024871826
1.0461440086364746
1.1831603050231934
1.0612685680389404
1.1940994262695312
1.0659730434417725
1.0480430126190186
1.180757761001587
1.222376823425293
1.0900506973266602
1.0780422687530518
1.0702216625213623
1.0550892353057861
1.1994624137878418
1.0484340190887451
1.1982147693634033
1.0718457698822021
1.0411405563354492
1.185927391052246
1.2247393131256104
1.0904059410095215
1.0845897197723389
1.0684967041015625
1.0457119941711426
1.2061777114868164
1.0731260776519775
1.2047667503356934
1.066345453262329
1.04469633102417
1.198871374130249
1.229130506515503
1.0824308395385742
1.089139461517334
1.0654914379119873
1.0524370670318604
1.1916422843933105
1.060429334640503
1.2094793319702148
1.0713679790496826
1.0485670566558838
1.1893894672393799
1.22723388671875
1.087026834487915
1.102715015411377
1.0672190189361572
1.0575237274169922
1.1980788707733154
1.0545125007629395
1.2075517177581787
1.061095952987671
1.0493769645690918
1.188204050064087
1.225367546081543
1.087951421737671
1.0871436595916748
1.0759637355804443
1.059631109237671
1.233386516571045
1.0606262683868408
1.2205004692077637
1.066591501235962
1.0534443855285645
1.18558931350708
1.2216441631317139
1.0892221927642822
1.09360933303833
1.0819473266601562
1.056917428970337
1.201371669769287
1.0536046028137207
1.216449499130249
1.0722343921661377
1.0530831813812256
1.1869215965270996
1.2244794368743896
1.0782840251922607
1.076613426208496
1.0951683521270752
1.1047139167785645
1.2061290740966797
1.0592031478881836
1.211472988128662
1.0772387981414795
1.0453579425811768
1.1984503269195557
1.2240431308746338
1.096057653427124
1.0861790180206299
1.0767505168914795
1.054548978805542
1.218947172164917
1.0571510791778564
1.2005715370178223
1.0698983669281006
1.056755542755127
1.1875290870666504
1.2723429203033447
1.124664068222046
1.075929880142212
1.0819416046142578
1.0599627494812012
1.2020161151885986
1.0580666065216064
1.2114238739013672
1.073887825012207
1.060530424118042
1.1864278316497803
1.2383298873901367
1.0873100757598877
1.087589979171753
1.075878620147705
1.0835647583007812
1.2068109512329102
1.0583171844482422
1.2125012874603271
1.0821340084075928
1.066622018814087
1.2141542434692383
1.235170602798462
1.1029176712036133
1.080193042755127
1.0719716548919678
1.0565061569213867
1.207237720489502
1.0635919570922852
1.207913875579834
1.0671296119689941
1.048846960067749
1.1882519721984863
1.2598621845245361
1.1137361526489258
1.0864675045013428
1.086012840270996
1.0572121143341064
1.196603775024414
1.062551498413086
1.2177507877349854
1.069742202758789
1.050633430480957
1.187849998474121
1.2378077507019043
1.0923452377319336
1.0923495292663574
1.0781192779541016
1.0642812252044678
1.2052035331726074
1.0632452964782715
1.217801570892334
1.0739545822143555
1.0514302253723145
1.1923496723175049
1.2312028408050537
1.1040234565734863
1.09055757522583
1.0785489082336426
1.0589280128479004
1.2001192569732666
1.0694262981414795
1.2165584564208984
1.079955816268921
1.0598852634429932
1.1895084381103516
1.2395024299621582
1.1045336723327637
1.0922112464904785
1.109170913696289
1.0701074600219727
1.2090237140655518
1.0833661556243896
1.2369410991668701
1.082092046737671
1.0554397106170654
1.2021608352661133
1.2404897212982178
1.1013691425323486
1.097151279449463
1.0831987857818604
1.0619392395019531
1.2108654975891113
1.0674388408660889
1.2264008522033691
1.0792131423950195
1.060892105102539
1.1875295639038086
1.2340643405914307
1.1798102855682373
1.0937345027923584
1.081496238708496
1.0650901794433594
1.2085423469543457
1.0680148601531982
1.2131304740905762
1.094024658203125
1.0862407684326172
1.200296401977539
1.2375540733337402
1.0914006233215332
1.089728832244873
1.0886878967285156
1.066605806350708
1.2187719345092773
1.0768628120422363
1.2302260398864746
1.0875244140625
1.0691077709197998
1.1940207481384277
1.268815040588379
1.1469452381134033
1.0985548496246338
1.0852792263031006
1.0819790363311768
1.2172060012817383
1.0797812938690186
1.2194633483886719
1.0856513977050781
1.0635273456573486
1.1964209079742432
1.2421867847442627
1.1004829406738281
1.0991418361663818
1.1146047115325928
1.0630414485931396
1.2242224216461182
1.0757477283477783
1.2120051383972168
1.0972886085510254
1.0721747875213623
1.1996326446533203
1.2476184368133545
1.1237237453460693
1.100191354751587
1.0863442420959473
1.0775253772735596
1.215054988861084
1.0740253925323486
1.224863052368164
1.0923681259155273
1.0677752494812012
1.2546584606170654
1.2510006427764893
1.1015050411224365
1.0956544876098633
1.0978796482086182
1.071044921875
1.2113709449768066
1.0800206661224365
1.221888780593872
1.0989935398101807
1.067948818206787
1.1972742080688477
1.2503292560577393
1.1019971370697021
1.1090898513793945
1.0892024040222168
1.0723605155944824
1.219569206237793
1.081533432006836
1.2304229736328125
1.0976994037628174
1.072007656097412
1.2025573253631592
1.2364215850830078
1.1052579879760742
1.1007890701293945
1.1121408939361572
1.0903306007385254
1.2176144123077393
1.0857839584350586
1.2547223567962646
1.0926055908203125
1.1050384044647217
1.2045724391937256
1.2580606937408447
1.1047930717468262
1.1287827491760254
1.1266505718231201
1.0779435634613037
1.224968433380127
1.0991902351379395
1.230236530303955
1.090486764907837
1.0956854820251465
1.214426040649414
1.2354869842529297
1.1094794273376465
1.10744309425354
1.0972635746002197
1.0706160068511963
1.2182466983795166
1.0830943584442139
1.2261414527893066
1.1140108108520508
1.0730037689208984
1.2003288269042969
1.246274709701538
1.146782398223877
