0.0
0.001001119613647461
0.0
0.0010001659393310547
0.0020089149475097656
0.0030012130737304688
0.0010006427764892578
0.0020008087158203125
0.0020012855529785156
0.0009996891021728516
0.001996278762817383
0.001993417739868164
0.0019989013671875
0.0020024776458740234
0.0020029544830322266
0.0019996166229248047
0.00200653076171875
0.0020024776458740234
0.002000093460083008
0.001993417739868164
0.0020055770874023438
0.0019991397857666016
0.0020477771759033203
0.0019981861114501953
0.003001689910888672
0.0030024051666259766
0.003000974655151367
0.0030014514923095703
0.0040013790130615234
0.0019931793212890625
0.003987312316894531
0.003000497817993164
0.002008199691772461
0.003992319107055664
0.003682851791381836
0.0040094852447509766
0.0039997100830078125
0.0030014514923095703
0.0039904117584228516
0.004001617431640625
0.003997325897216797
0.00400090217590332
0.004000663757324219
0.005001068115234375
0.003999948501586914
0.016004085540771484
0.006001472473144531
0.005002498626708984
0.005000114440917969
0.007001399993896484
0.005001068115234375
0.004994869232177734
0.006003379821777344
0.007001399993896484
0.006003141403198242
0.0069997310638427734
0.006203413009643555
0.006988525390625
0.006993293762207031
0.0060007572174072266
0.007007122039794922
0.005693197250366211
0.006010293960571289
0.006008625030517578
0.009003877639770508
0.007364511489868164
0.006001472473144531
0.005992889404296875
0.0060002803802490234
0.0070037841796875
0.007002353668212891
0.006994962692260742
0.006995201110839844
0.007002115249633789
0.006506204605102539
0.007673025131225586
0.00600743293762207
0.00800180435180664
0.007003068923950195
0.007995843887329102
0.006988525390625
0.009003639221191406
0.006999969482421875
0.009002923965454102
0.007001161575317383
0.008009672164916992
0.007002353668212891
0.006002664566040039
0.00800633430480957
0.007003307342529297
0.008002758026123047
0.007995843887329102
0.007998943328857422
0.008035659790039062
0.009008169174194336
0.009001016616821289
0.009001731872558594
0.011575698852539062
0.007001638412475586
0.006999969482421875
0.008003711700439453
0.008019208908081055
0.006989717483520508
0.007000446319580078
0.007003307342529297
0.006998777389526367
0.00699162483215332
0.006001949310302734
0.0069844722747802734
0.0069773197174072266
0.007580280303955078
0.006987810134887695
0.006999969482421875
0.0070040225982666016
0.007280826568603516
0.008001327514648438
0.007983207702636719
0.006988048553466797
0.011003971099853516
0.008617877960205078
0.010571718215942383
0.009995460510253906
0.010393142700195312
0.009068489074707031
0.0099945068359375
0.008988142013549805
0.007994413375854492
0.008990049362182617
0.006995439529418945
0.009003877639770508
0.00800013542175293
0.008879661560058594
0.009007692337036133
0.010008096694946289
0.008595466613769531
0.011000394821166992
0.010001659393310547
0.009001016616821289
0.007988214492797852
0.007984161376953125
0.009003877639770508
0.008997201919555664
0.011002540588378906
0.010995626449584961
0.009005069732666016
0.009003400802612305
0.011006832122802734
0.010004043579101562
0.008995771408081055
0.008988142013549805
0.00950479507446289
0.009007930755615234
0.00859832763671875
0.008993864059448242
0.010005712509155273
0.009988069534301758
0.010002374649047852
0.0100860595703125
0.00799870491027832
0.007994413375854492
0.008996725082397461
0.009744405746459961
0.008989334106445312
0.008996725082397461
0.008989572525024414
0.008992433547973633
0.00998830795288086
0.008994817733764648
0.008991241455078125
0.010007858276367188
0.008990287780761719
0.008991718292236328
0.009074926376342773
0.01000356674194336
0.00898885726928711
0.011997222900390625
0.00998687744140625
0.011546611785888672
0.010983943939208984
0.01070547103881836
0.01100301742553711
0.013001441955566406
0.012004852294921875
0.011202335357666016
0.012003183364868164
0.011012077331542969
0.010991096496582031
0.01298832893371582
0.013001203536987305
0.011991024017333984
0.013003110885620117
0.011989116668701172
0.011993408203125
0.011984586715698242
0.011991500854492188
0.01100468635559082
0.011989355087280273
0.013987541198730469
0.011997222900390625
0.011028528213500977
0.011997222900390625
0.011266231536865234
0.011988162994384766
0.01098942756652832
0.003992319107055664
0.004002571105957031
0.004007577896118164
0.004000425338745117
