0.0010209083557128906
0.0
0.0010013580322265625
0.0
0.0
0.000985860824584961
0.001001596450805664
0.0
0.0010075569152832031
0.0
0.0010004043579101562
0.0010056495666503906
0.0010058879852294922
0.0009856224060058594
0.0010004043579101562
0.0
0.0009877681732177734
0.0010001659393310547
0.0010056495666503906
0.0
0.0010006427764892578
0.0009951591491699219
0.0010089874267578125
0.0010013580322265625
0.001007080078125
0.0009992122650146484
0.0010001659393310547
0.0010004043579101562
0.001012563705444336
0.0020101070404052734
0.0010004043579101562
0.0010068416595458984
0.0010001659393310547
0.0009992122650146484
0.000988006591796875
0.003995656967163086
0.005000114440917969
0.004008293151855469
0.0039825439453125
0.003994464874267578
0.0039865970611572266
0.00400090217590332
0.00522303581237793
0.004698753356933594
0.00500941276550293
0.0048046112060546875
0.00599980354309082
0.004380464553833008
0.006001710891723633
0.004987239837646484
0.004988908767700195
0.005994558334350586
0.006006479263305664
0.006006002426147461
0.006991147994995117
0.0050013065338134766
0.0050013065338134766
0.005013227462768555
0.004988908767700195
0.007007122039794922
0.0070018768310546875
0.005993366241455078
0.006001949310302734
0.0060198307037353516
0.006983280181884766
0.006994009017944336
0.006992816925048828
0.006986141204833984
0.007994413375854492
0.007009983062744141
0.008001565933227539
0.006995439529418945
0.007005214691162109
0.006983757019042969
0.00801849365234375
0.007985830307006836
0.00800466537475586
0.008000850677490234
0.008020877838134766
0.008001089096069336
0.00901341438293457
0.008606672286987305
0.008009672164916992
0.008006095886230469
0.009002447128295898
0.008014202117919922
0.010014533996582031
0.008983373641967773
0.009006738662719727
0.008989810943603516
0.009009838104248047
0.009023189544677734
0.009142637252807617
0.008988380432128906
0.008994579315185547
0.009016036987304688
0.010002613067626953
0.010004281997680664
0.00899195671081543
0.010013341903686523
0.009994745254516602
0.00998997688293457
0.010000944137573242
0.010997295379638672
0.010988473892211914
0.010001897811889648
0.012009859085083008
0.011984109878540039
0.012001514434814453
0.011001825332641602
0.011015892028808594
0.011994600296020508
0.01201772689819336
0.012002229690551758
0.012997627258300781
0.011982440948486328
0.011984109878540039
0.012002944946289062
0.012998819351196289
0.012598276138305664
0.012991189956665039
0.012988805770874023
0.012989997863769531
0.013009071350097656
0.011990785598754883
0.013998746871948242
0.012996435165405273
0.012985467910766602
0.013000726699829102
0.012002706527709961
0.011986255645751953
0.015347003936767578
0.01400303840637207
0.013004779815673828
0.015002012252807617
0.01400303840637207
0.013010025024414062
0.01500391960144043
0.013009309768676758
0.015003204345703125
0.01500391960144043
0.01400303840637207
0.014004945755004883
0.016571760177612305
0.015003204345703125
0.015015602111816406
0.014002799987792969
0.014597892761230469
0.016017913818359375
0.015023946762084961
0.014994382858276367
0.016008853912353516
0.016005992889404297
0.017004728317260742
0.014603376388549805
0.01498556137084961
0.01600480079650879
0.01699519157409668
0.017557859420776367
0.016570568084716797
0.01598811149597168
0.01599907875061035
0.01600480079650879
0.01600360870361328
0.018377304077148438
0.01702117919921875
0.015003681182861328
0.016994953155517578
0.01801776885986328
0.020997285842895508
0.016004562377929688
0.016243934631347656
0.017009496688842773
0.01657724380493164
0.01600933074951172
0.017016172409057617
0.016997337341308594
0.017002582550048828
0.01798844337463379
0.01700901985168457
0.017017364501953125
0.01752471923828125
0.016003847122192383
0.018002986907958984
0.018237590789794922
0.019997596740722656
0.019011974334716797
0.0175323486328125
0.01799798011779785
0.019100666046142578
0.018010854721069336
0.020992517471313477
0.020998477935791016
0.02199268341064453
0.02098679542541504
0.02400493621826172
0.02099299430847168
0.020998477935791016
0.020999431610107422
0.020634889602661133
0.021585941314697266
0.02200484275817871
0.023592472076416016
0.0220181941986084
0.022990703582763672
0.02201557159423828
0.022004365921020508
0.023024559020996094
0.02272653579711914
0.021817922592163086
0.024022340774536133
0.021991968154907227
0.024012088775634766
0.022999048233032227
0.02300429344177246
0.02400493621826172
0.025895118713378906
0.0249936580657959
0.02256608009338379
0.02402472496032715
0.023992061614990234
0.02300095558166504
0.024988174438476562
0.02461528778076172
0.02498483657836914
0.02402043342590332
0.02500629425048828
0.02400493621826172
0.02599191665649414
0.025005817413330078
0.024002790451049805
0.025017976760864258
0.025615930557250977
0.02499103546142578
0.025528669357299805
0.025532245635986328
0.028005361557006836
0.026175260543823242
0.027006864547729492
0.028584003448486328
0.027578353881835938
0.02599310874938965
0.02699112892150879
0.02714824676513672
0.029001474380493164
0.028003692626953125
0.02600574493408203
0.02799201011657715
0.028000593185424805
0.02798628807067871
0.02600836753845215
0.028026342391967773
0.027576446533203125
0.027288436889648438
0.02700638771057129
0.027010679244995117
0.027010679244995117
0.02899456024169922
0.029001712799072266
0.027020692825317383
0.028505325317382812
0.030007123947143555
0.028006315231323242
0.03058791160583496
0.028771162033081055
0.028827190399169922
0.030050992965698242
0.02950429916381836
0.0416257381439209
0.029958724975585938
0.034200191497802734
0.030085086822509766
0.03501558303833008
0.03304171562194824
0.03203320503234863
0.02941608428955078
0.03300666809082031
0.03303813934326172
0.038002729415893555
0.032003164291381836
0.031000137329101562
0.03500628471374512
0.03257274627685547
0.030590534210205078
0.03199958801269531
0.03164958953857422
0.031591176986694336
0.03198695182800293
0.030001401901245117
0.031007051467895508
0.03200674057006836
0.03301429748535156
0.03457331657409668
0.031007051467895508
0.03200268745422363
0.03200817108154297
0.031580448150634766
0.03258562088012695
0.03255581855773926
0.03300809860229492
0.03299546241760254
0.03600907325744629
0.032953500747680664
0.03400731086730957
0.03300738334655762
0.03403830528259277
0.028615951538085938
0.02999138832092285
0.029001474380493164
0.031006813049316406
0.02906346321105957
0.030019760131835938
0.029013395309448242
0.029012441635131836
0.029986143112182617
0.0310056209564209
0.029726743698120117
0.029999971389770508
0.03900623321533203
0.030001163482666016
0.03002166748046875
0.030084609985351562
0.030993223190307617
0.03100752830505371
0.03101062774658203
0.031026363372802734
0.03000330924987793
0.03099822998046875
0.031003475189208984
0.030205249786376953
0.03577446937561035
0.032013893127441406
0.031400442123413086
0.031008481979370117
0.030590534210205078
0.04070401191711426
0.03098750114440918
0.035013437271118164
0.03760361671447754
0.0349881649017334
0.03500676155090332
0.03499746322631836
0.03798699378967285
0.0370025634765625
0.03662562370300293
0.03700852394104004
0.03701329231262207
0.03700995445251465
0.03657984733581543
0.04200935363769531
0.036125898361206055
0.038008928298950195
0.04200387001037598
0.03699469566345215
0.037587881088256836
0.03900861740112305
0.03955268859863281
0.03802227973937988
0.03899788856506348
0.040992021560668945
0.03699827194213867
0.0384068489074707
0.038483381271362305
0.04099535942077637
0.03757190704345703
0.038022756576538086
0.03900790214538574
0.044695138931274414
0.03954434394836426
0.03801465034484863
0.04577493667602539
0.0400390625
0.040023088455200195
0.04202699661254883
0.0400083065032959
0.03902769088745117
0.04200911521911621
0.040993690490722656
0.0412600040435791
0.046019554138183594
0.04100799560546875
0.04100799560546875
0.04009580612182617
0.040025949478149414
0.048010826110839844
0.0441133975982666
0.04128098487854004
0.04153919219970703
0.041016340255737305
0.04202151298522949
0.04400825500488281
0.0400233268737793
0.041007280349731445
0.04199838638305664
0.04300880432128906
0.04199790954589844
0.04157567024230957
0.04302978515625
0.04100918769836426
0.04058718681335449
0.042592763900756836
0.043001413345336914
0.042000770568847656
0.0480043888092041
0.05200624465942383
0.04199385643005371
0.044101715087890625
0.04500889778137207
0.043784141540527344
0.04400920867919922
0.044019460678100586
0.04400372505187988
0.04429936408996582
0.044701337814331055
0.044016361236572266
0.045029640197753906
0.04400444030761719
0.04587054252624512
0.04506707191467285
0.043998003005981445
0.04499626159667969
0.04513812065124512
0.046009063720703125
0.04700756072998047
0.04755520820617676
0.0721137523651123
0.054012298583984375
0.04658913612365723
0.04601621627807617
0.047003984451293945
0.0460057258605957
0.046425580978393555
0.04601168632507324
0.05401897430419922
0.047098636627197266
0.04700517654418945
0.048562049865722656
0.04813408851623535
0.046016693115234375
0.04802966117858887
0.04662299156188965
0.04662966728210449
0.04801177978515625
0.04801058769226074
0.05001020431518555
0.047003746032714844
0.05057477951049805
0.04915976524353027
0.04999089241027832
0.04799056053161621
0.05767369270324707
0.0485529899597168
0.05800747871398926
0.0490880012512207
0.048020362854003906
0.048027753829956055
0.05917692184448242
0.05301165580749512
0.04932069778442383
0.05319714546203613
0.05112814903259277
0.05255293846130371
0.04854416847229004
0.051578521728515625
0.06103348731994629
0.052016258239746094
0.05100107192993164
0.0500028133392334
0.04900407791137695
0.07414507865905762
0.051590919494628906
0.051024675369262695
0.05010843276977539
0.05356645584106445
0.05101132392883301
0.05160164833068848
0.05259203910827637
0.050186872482299805
0.051003217697143555
0.05240225791931152
0.05500340461730957
0.05201101303100586
0.05201864242553711
0.053017616271972656
0.052999019622802734
0.05301332473754883
0.052997589111328125
0.052018165588378906
0.05328512191772461
0.05214667320251465
0.05454540252685547
0.0534212589263916
0.052993059158325195
0.0515592098236084
0.054010868072509766
0.051842451095581055
0.05302619934082031
0.05402779579162598
0.05300784111022949
0.05459308624267578
0.06101202964782715
0.05315542221069336
0.056005239486694336
0.06401419639587402
0.05599331855773926
0.05397224426269531
0.05500507354736328
0.055998802185058594
0.05461740493774414
0.055010080337524414
0.0541234016418457
0.05500030517578125
0.057016849517822266
0.0555424690246582
0.05504322052001953
0.054563045501708984
0.05454087257385254
0.05706524848937988
0.055994272232055664
0.05555009841918945
0.05511975288391113
0.05502176284790039
0.05702376365661621
0.0579984188079834
0.06961989402770996
0.05758309364318848
0.05745697021484375
0.05612611770629883
0.056011199951171875
0.0570068359375
0.05601859092712402
0.05699300765991211
0.0563502311706543
0.057550907135009766
0.056807756423950195
0.057993173599243164
0.05667853355407715
0.057146549224853516
0.06116962432861328
0.05900382995605469
0.06660652160644531
0.05922079086303711
0.058615684509277344
0.05858254432678223
0.058010101318359375
0.05713510513305664
0.059894561767578125
0.060534000396728516
0.07400679588317871
0.05963850021362305
0.058992862701416016
0.05999350547790527
0.05902886390686035
0.06455326080322266
0.06274056434631348
0.05903053283691406
0.06002330780029297
0.061009883880615234
0.06203198432922363
0.07503795623779297
0.06320452690124512
0.06075644493103027
0.05999612808227539
0.060276031494140625
0.06403136253356934
0.06002020835876465
0.06421947479248047
0.06356167793273926
0.06200838088989258
0.07702326774597168
0.06282186508178711
0.062010765075683594
0.06202101707458496
0.06801486015319824
0.06601428985595703
0.06323742866516113
0.06264591217041016
0.06096911430358887
0.06301426887512207
0.061599016189575195
0.06259369850158691
0.06276488304138184
0.06463098526000977
0.060034751892089844
0.061647891998291016
0.062032461166381836
0.0625917911529541
0.06254959106445312
0.06400728225708008
0.06602907180786133
0.0650324821472168
0.06355476379394531
0.06755995750427246
0.0640256404876709
0.06499505043029785
0.06601595878601074
0.06602644920349121
0.06451940536499023
0.0652914047241211
0.06472396850585938
0.06739020347595215
0.0641789436340332
0.06503415107727051
0.06505537033081055
0.06426763534545898
0.07668876647949219
0.06702280044555664
0.06499886512756348
0.06502699851989746
0.07457876205444336
0.0680084228515625
0.06817436218261719
0.06700396537780762
0.06700301170349121
0.06804299354553223
0.06601452827453613
0.0680093765258789
0.06801462173461914
0.07002925872802734
0.06503987312316895
0.06900405883789062
0.06801533699035645
0.06801366806030273
0.07071423530578613
0.06920504570007324
0.0780179500579834
0.06657099723815918
0.06801962852478027
0.06900405883789062
0.06960797309875488
0.0756068229675293
0.06891798973083496
0.07009673118591309
0.06862521171569824
0.07158565521240234
0.06901288032531738
0.0690152645111084
0.07003331184387207
0.0699615478515625
0.06900334358215332
0.0926065444946289
0.07263994216918945
0.08601832389831543
0.07000160217285156
0.07301473617553711
0.07006406784057617
0.07099652290344238
0.07256078720092773
0.07546377182006836
0.08301067352294922
0.07501435279846191
0.07262754440307617
0.07651758193969727
0.07056665420532227
0.07520651817321777
0.07275843620300293
0.0717313289642334
0.07305574417114258
0.07401919364929199
0.07301568984985352
0.07300209999084473
0.07364797592163086
0.07403421401977539
0.0725393295288086
0.0780186653137207
0.07378649711608887
0.07502460479736328
0.07344412803649902
0.0710289478302002
0.07455015182495117
0.07600235939025879
0.07457160949707031
0.0800163745880127
0.07617330551147461
0.0779716968536377
0.08070135116577148
0.0729970932006836
0.09407782554626465
0.07853531837463379
0.09235835075378418
0.0805666446685791
0.0780177116394043
0.07703518867492676
0.07488226890563965
0.07560896873474121
0.07559537887573242
0.07609677314758301
0.07478189468383789
0.07501578330993652
0.07757234573364258
0.07758283615112305
0.07572770118713379
0.07530593872070312
0.07665491104125977
0.09800958633422852
0.07783198356628418
0.07755494117736816
0.0780181884765625
0.07602477073669434
0.07866215705871582
0.0775604248046875
0.07818341255187988
0.07702350616455078
0.07918119430541992
0.07801508903503418
0.0816342830657959
0.0780184268951416
0.07859396934509277
0.07557177543640137
0.07661819458007812
0.07942438125610352
0.08001303672790527
0.07756590843200684
0.08001995086669922
0.09213376045227051
0.09360480308532715
0.08303260803222656
0.08611464500427246
0.08179545402526855
0.08220839500427246
0.08065199851989746
0.07989835739135742
0.08113813400268555
0.08178544044494629
0.08103752136230469
0.09203696250915527
0.08166337013244629
0.08001089096069336
0.08355450630187988
0.08068466186523438
0.08364343643188477
0.08301925659179688
0.0825963020324707
0.08703136444091797
0.08102560043334961
0.08402156829833984
0.08235502243041992
0.08289408683776855
0.08425736427307129
0.08449530601501465
0.08148193359375
0.08227252960205078
0.08850741386413574
0.08403778076171875
0.08353281021118164
0.08100509643554688
0.08417844772338867
0.08167862892150879
0.08604097366333008
0.08423280715942383
0.08658337593078613
0.08301329612731934
0.08603954315185547
0.08301854133605957
0.0846099853515625
0.08711671829223633
0.08257508277893066
