0.0
0.0010128021240234375
0.0
0.0
0.0009992122650146484
0.001007080078125
0.0010120868682861328
0.0
0.0010008811950683594
0.000530242919921875
0.001001596450805664
0.0009996891021728516
0.0
0.0009999275207519531
0.0010001659393310547
0.00138092041015625
0.0
0.0009999275207519531
0.0010066032409667969
0.0010058879852294922
0.0009999275207519531
0.0009996891021728516
0.00099945068359375
0.0009860992431640625
0.0010008811950683594
0.0010128021240234375
0.0010018348693847656
0.0020008087158203125
0.0030078887939453125
0.001997232437133789
0.0025360584259033203
0.003002166748046875
0.004983663558959961
0.003011941909790039
0.0039937496185302734
0.005003452301025391
0.003986835479736328
0.004000425338745117
0.0050013065338134766
0.004001140594482422
0.008091211318969727
0.007005214691162109
0.00500178337097168
0.00398707389831543
0.004996538162231445
0.0050008296966552734
0.004987478256225586
0.005997896194458008
0.004994630813598633
0.0050008296966552734
0.005990505218505859
0.0049953460693359375
0.005986928939819336
0.006988048553466797
0.006000518798828125
0.0055425167083740234
0.005551338195800781
0.0060024261474609375
0.0060045719146728516
0.005995273590087891
0.005983591079711914
0.007001399993896484
0.006120920181274414
0.006002664566040039
0.006001949310302734
0.006003856658935547
0.0065882205963134766
0.005988121032714844
0.007002592086791992
0.006987571716308594
0.00700688362121582
0.006987810134887695
0.007993221282958984
0.0070018768310546875
0.006003141403198242
0.007001399993896484
0.007550716400146484
0.0070040225982666016
0.007002115249633789
0.007988452911376953
0.007988214492797852
0.007004976272583008
0.008000373840332031
0.008002519607543945
0.008002281188964844
0.008002281188964844
0.00905752182006836
0.008002758026123047
0.008582830429077148
0.008169174194335938
0.010002851486206055
0.008003950119018555
0.009000778198242188
0.008002519607543945
0.00900411605834961
0.00900125503540039
0.009891033172607422
0.009001731872558594
0.012003898620605469
0.008988380432128906
0.010001182556152344
0.009001493453979492
0.008987665176391602
0.010065078735351562
0.009989261627197266
0.010987043380737305
0.010002613067626953
0.009733438491821289
0.010001897811889648
0.009755849838256836
0.011004209518432617
0.010992050170898438
0.01100301742553711
0.010988712310791016
0.012008190155029297
0.01100468635559082
0.01200413703918457
0.010988712310791016
0.011531591415405273
0.011987924575805664
0.011996030807495117
0.012003183364868164
0.010994434356689453
0.012063980102539062
0.01227116584777832
0.012003660202026367
0.012002229690551758
0.012989521026611328
0.01200246810913086
0.012002706527709961
0.012989997863769531
0.012958288192749023
0.014011144638061523
0.013003826141357422
0.013072967529296875
0.013002395629882812
0.01399993896484375
0.011999845504760742
0.011993408203125
0.012991189956665039
0.012001514434814453
0.012003898620605469
0.012989282608032227
0.012058734893798828
0.01358938217163086
0.012623310089111328
0.013002395629882812
0.01200246810913086
0.012996912002563477
0.013517141342163086
0.012001752853393555
0.013002634048461914
0.014003992080688477
0.013002395629882812
0.013002157211303711
0.013004064559936523
0.013002634048461914
0.014000654220581055
0.014002799987792969
0.01400446891784668
0.014004230499267578
0.014003753662109375
0.013001441955566406
0.014876842498779297
0.014004230499267578
0.013999700546264648
0.014453649520874023
0.013988494873046875
0.015002250671386719
0.013527393341064453
0.01472330093383789
0.01400303840637207
0.01800680160522461
0.014003992080688477
0.013994932174682617
0.015802621841430664
0.014526128768920898
0.01677083969116211
0.01500391960144043
0.015812158584594727
0.013996124267578125
0.015004396438598633
0.014996528625488281
0.015990734100341797
0.014995336532592773
0.015002012252807617
0.01499319076538086
0.015996694564819336
0.016003847122192383
0.016002893447875977
0.014552831649780273
0.01600503921508789
0.015039682388305664
0.016005277633666992
0.01598358154296875
0.016004323959350586
0.017005205154418945
0.016531705856323242
0.015536785125732422
0.01700305938720703
0.017541170120239258
0.01699542999267578
0.017007112503051758
0.017003297805786133
0.01624441146850586
0.01700305938720703
0.017023563385009766
0.016984224319458008
0.017010927200317383
0.01780533790588379
0.016997098922729492
0.01800394058227539
0.01813650131225586
0.017984867095947266
0.016988754272460938
0.01700282096862793
0.017011642456054688
0.016989469528198242
0.019002437591552734
0.018074989318847656
0.017599821090698242
0.017989635467529297
0.018004894256591797
0.017516613006591797
0.017984390258789062
0.018538951873779297
0.019032001495361328
0.017989158630371094
0.019993066787719727
0.018003225326538086
0.019988536834716797
0.01899123191833496
0.019998550415039062
0.020824432373046875
0.018987417221069336
0.019001483917236328
0.019078493118286133
0.017991065979003906
0.018999814987182617
0.02011394500732422
0.01900625228881836
0.020441770553588867
0.023003816604614258
0.020035743713378906
0.021003007888793945
0.020003080368041992
0.020989656448364258
0.022012948989868164
0.019989967346191406
0.020670413970947266
0.021004915237426758
0.020989656448364258
0.02100086212158203
0.021004438400268555
0.024004697799682617
0.026005268096923828
0.025003910064697266
0.023990631103515625
0.023972034454345703
0.025003910064697266
0.023995161056518555
0.02733612060546875
0.026101112365722656
0.024992942810058594
0.0290071964263916
0.024999618530273438
0.024990558624267578
0.025005340576171875
0.029006004333496094
0.028003931045532227
0.029006481170654297
0.026005268096923828
0.025342702865600586
0.02597522735595703
0.031519412994384766
0.027656078338623047
0.027039289474487305
0.027004718780517578
0.028079748153686523
0.026018857955932617
0.026557207107543945
0.02702045440673828
0.02801227569580078
0.028548240661621094
0.02701735496520996
0.027991294860839844
0.02902364730834961
0.030005693435668945
0.028985023498535156
0.030586719512939453
0.027832746505737305
0.0290067195892334
0.028529644012451172
0.029006242752075195
0.03233027458190918
0.027993440628051758
0.02911520004272461
0.03198814392089844
0.03141641616821289
0.030185461044311523
0.030009746551513672
0.028994321823120117
0.02900838851928711
0.031017541885375977
0.030086040496826172
0.033006906509399414
0.03000664710998535
0.03101348876953125
0.030019044876098633
0.03100275993347168
0.030600309371948242
0.03153824806213379
0.031000852584838867
0.032013654708862305
0.031003236770629883
0.030915021896362305
0.03302741050720215
0.03405427932739258
0.03160572052001953
0.034230709075927734
0.031021595001220703
0.03355073928833008
0.031008243560791016
0.03399968147277832
0.03398871421813965
0.032930850982666016
0.03099966049194336
0.03152728080749512
0.03300070762634277
0.03300595283508301
0.03201031684875488
0.03400731086730957
0.03300738334655762
0.03253483772277832
0.03206014633178711
0.03154945373535156
0.03452920913696289
0.04200863838195801
0.03501272201538086
0.03300762176513672
0.03364968299865723
0.03400278091430664
0.03501081466674805
0.03501248359680176
0.033579111099243164
0.03501486778259277
0.03528904914855957
0.04475045204162598
0.03500032424926758
0.035017967224121094
0.034005165100097656
0.036008596420288086
0.03501462936401367
0.03501248359680176
0.03504323959350586
0.034917593002319336
0.03599905967712402
0.03511190414428711
0.036026954650878906
0.035040855407714844
0.03502011299133301
0.03600168228149414
0.040967464447021484
0.03698897361755371
0.036539554595947266
0.03607034683227539
0.03799629211425781
0.03602099418640137
0.036993980407714844
0.03700876235961914
0.03702044486999512
0.03630495071411133
0.03605031967163086
0.03700685501098633
0.03701162338256836
0.039011478424072266
0.037534475326538086
0.03799724578857422
0.039101600646972656
0.0385746955871582
0.03800487518310547
0.03856205940246582
0.03759336471557617
0.039997100830078125
0.039015769958496094
0.03798484802246094
0.038008928298950195
0.039015769958496094
0.039008378982543945
0.03900885581970215
0.04154467582702637
0.04058098793029785
0.04363298416137695
0.04001474380493164
0.03968954086303711
0.04010438919067383
0.03953719139099121
0.03960728645324707
0.03933238983154297
0.041350603103637695
0.0389714241027832
0.04023480415344238
0.04204392433166504
0.043953657150268555
0.04098916053771973
0.03999471664428711
0.04098868370056152
0.041016578674316406
0.04399371147155762
0.042009592056274414
0.03999137878417969
0.04201197624206543
0.0420231819152832
0.04122471809387207
0.041138410568237305
0.040008544921875
0.04157376289367676
0.043524742126464844
0.04200482368469238
0.04061746597290039
0.04300427436828613
0.04260611534118652
0.04301285743713379
0.042548179626464844
0.042804718017578125
0.04609417915344238
0.0442044734954834
0.044016361236572266
0.04357266426086426
0.04253816604614258
0.04355120658874512
0.04357647895812988
0.043035268783569336
0.046602487564086914
0.0460820198059082
0.04401731491088867
0.04500079154968262
0.044962167739868164
0.0440211296081543
0.04400920867919922
0.0449986457824707
0.04498934745788574
0.044991254806518555
0.04500699043273926
0.04502248764038086
0.04501080513000488
0.04504251480102539
0.04555463790893555
0.04513692855834961
0.04552865028381348
0.04600358009338379
0.046050310134887695
0.04519295692443848
0.04502582550048828
0.04717755317687988
0.04756474494934082
0.04758644104003906
0.04808211326599121
0.04658031463623047
0.04801011085510254
0.046560049057006836
0.046645402908325195
0.04801344871520996
0.04700517654418945
0.04700756072998047
0.04674363136291504
0.049091339111328125
0.05287981033325195
0.047286272048950195
0.04813194274902344
0.049011945724487305
0.04955315589904785
0.051009178161621094
0.05199623107910156
0.04802131652832031
0.05115246772766113
0.047991037368774414
0.048300981521606445
0.050122737884521484
0.05001044273376465
0.05357933044433594
0.04999947547912598
0.052019357681274414
0.04901576042175293
0.04801583290100098
0.050585031509399414
0.049030303955078125
0.049002885818481445
0.049010276794433594
0.051549434661865234
0.05501961708068848
0.051004886627197266
0.0500028133392334
0.05061602592468262
0.0506587028503418
0.05101132392883301
0.052606821060180664
0.05260777473449707
0.053997039794921875
0.051544189453125
0.055567264556884766
0.055032968521118164
0.05203723907470703
0.052010297775268555
0.05160856246948242
0.05082392692565918
0.05362248420715332
0.05101346969604492
0.05313563346862793
0.054753780364990234
0.052596330642700195
0.053606271743774414
0.05053234100341797
0.052991390228271484
0.055616140365600586
0.05200481414794922
0.054003000259399414
0.054006338119506836
0.05499720573425293
0.05756497383117676
0.05552339553833008
0.05501103401184082
0.05300641059875488
0.05376458168029785
0.053536176681518555
0.05402183532714844
0.05402731895446777
0.05595660209655762
0.05700540542602539
0.054122209548950195
0.056005239486694336
0.05302166938781738
0.060019731521606445
0.05701923370361328
0.0560450553894043
0.05557966232299805
0.05878639221191406
0.058001041412353516
0.057555437088012695
0.05599331855773926
0.059012413024902344
0.06543970108032227
0.07111430168151855
0.061014652252197266
0.05702519416809082
0.05726051330566406
0.05779528617858887
0.06100797653198242
0.05756092071533203
0.057022809982299805
0.05686497688293457
0.059026241302490234
0.05948042869567871
0.05699658393859863
0.05856490135192871
0.05852699279785156
0.059949636459350586
0.061925411224365234
0.05763816833496094
0.060013532638549805
0.059745073318481445
0.06026196479797363
0.05901312828063965
0.057666778564453125
0.0580134391784668
0.05999350547790527
0.0579991340637207
0.06501555442810059
0.05999946594238281
0.061005353927612305
0.06361746788024902
0.05970025062561035
0.05954694747924805
0.062334537506103516
0.05992269515991211
0.06003928184509277
0.06009221076965332
0.06360983848571777
0.06007218360900879
0.059999704360961914
0.06138181686401367
0.060021162033081055
0.06154060363769531
0.06300592422485352
0.06152009963989258
0.06106281280517578
0.06300926208496094
0.06317758560180664
0.06101417541503906
0.06501936912536621
0.06252336502075195
0.06757164001464844
0.06061673164367676
0.06433320045471191
0.06301569938659668
0.06259775161743164
0.061615943908691406
0.06501960754394531
0.06300902366638184
0.06501102447509766
0.06401324272155762
0.06326532363891602
0.0635523796081543
0.06299185752868652
0.06395959854125977
0.06357383728027344
0.06299352645874023
0.06401729583740234
0.06552982330322266
0.06356620788574219
0.06912851333618164
0.0645456314086914
0.06901001930236816
0.06401419639587402
0.06401658058166504
0.0649111270904541
0.06700968742370605
0.06411957740783691
0.0690603256225586
0.06466889381408691
0.06657195091247559
0.06367039680480957
0.06761050224304199
0.06565189361572266
0.06801080703735352
0.06808090209960938
0.06502795219421387
0.06902408599853516
0.06504082679748535
0.06851625442504883
0.06702280044555664
0.06669282913208008
0.06760287284851074
0.06601834297180176
0.06462311744689941
0.06602740287780762
0.0660097599029541
0.06700611114501953
0.07000970840454102
0.06701278686523438
0.06800985336303711
0.06515192985534668
0.06501412391662598
0.06857013702392578
0.06856632232666016
0.06801986694335938
0.07200312614440918
0.0680086612701416
0.06601309776306152
0.0681300163269043
0.06701445579528809
0.06756734848022461
0.07021403312683105
0.07300233840942383
0.07117223739624023
0.06746435165405273
0.0710141658782959
0.06901001930236816
0.07101583480834961
0.0700068473815918
0.07003211975097656
0.06954264640808105
0.06799578666687012
0.06848025321960449
0.06855654716491699
0.06970024108886719
0.06999683380126953
0.07061886787414551
0.07311820983886719
0.07057881355285645
0.0746774673461914
0.06904053688049316
0.0696103572845459
0.07102227210998535
0.07301115989685059
0.0706782341003418
0.07102179527282715
0.07202839851379395
0.07004117965698242
0.0711359977722168
0.07154655456542969
0.07200407981872559
0.07356810569763184
0.07102346420288086
0.0736689567565918
0.08171772956848145
0.07077741622924805
0.07101702690124512
0.07500195503234863
0.07104134559631348
0.07300329208374023
0.07103228569030762
0.0729970932006836
0.07183313369750977
0.07450056076049805
0.07226276397705078
0.07312941551208496
0.07302284240722656
0.07613682746887207
0.07561707496643066
0.07702231407165527
0.07499980926513672
0.07301640510559082
0.07355308532714844
0.07274961471557617
0.07502079010009766
0.0745694637298584
0.07600927352905273
0.0780174732208252
0.07869362831115723
0.07756900787353516
0.08099937438964844
0.08001565933227539
0.07801175117492676
0.08776211738586426
0.0765233039855957
0.07483744621276855
0.07599329948425293
0.07473635673522949
0.07665252685546875
0.07599735260009766
0.07541894912719727
