0.0
0.0009932518005371094
0.0
0.0009999275207519531
0.001013040542602539
0.0010004043579101562
0.0009996891021728516
0.0009870529174804688
0.0020017623901367188
0.002001047134399414
0.0019996166229248047
0.0019884109497070312
0.0020008087158203125
0.0019958019256591797
0.001995563507080078
0.001992940902709961
0.0020072460174560547
0.001995563507080078
0.002006053924560547
0.0020160675048828125
0.001987457275390625
0.0015213489532470703
0.003144979476928711
0.0019919872283935547
0.0019903182983398438
0.0019130706787109375
0.0020008087158203125
0.0020051002502441406
0.002003192901611328
0.0020058155059814453
0.001995563507080078
0.001995086669921875
0.002012491226196289
0.0019981861114501953
0.003006458282470703
0.002001047134399414
0.002000093460083008
0.0020008087158203125
0.0019986629486083984
0.002992391586303711
0.0029816627502441406
0.003007173538208008
0.003004789352416992
0.0029935836791992188
0.002989053726196289
0.003000974655151367
0.003986358642578125
0.003000020980834961
0.004008054733276367
0.003985404968261719
0.004016876220703125
0.00400090217590332
0.0030007362365722656
0.003990650177001953
0.0039865970611572266
0.0039937496185302734
0.0050029754638671875
0.00399017333984375
0.0050008296966552734
0.005001068115234375
0.005008220672607422
0.0050160884857177734
0.00400090217590332
0.003984212875366211
0.003994941711425781
0.003986835479736328
0.005012035369873047
0.0050122737884521484
0.004552364349365234
0.003986835479736328
0.003993988037109375
0.003983736038208008
0.004983186721801758
0.005005359649658203
0.005008220672607422
0.004980325698852539
0.004999399185180664
0.00498509407043457
0.005006074905395508
0.007006645202636719
0.010021209716796875
0.009007930755615234
0.010002374649047852
0.009532451629638672
0.009994983673095703
0.009995698928833008
0.009995222091674805
0.011013984680175781
0.010014533996582031
0.009997129440307617
0.007995367050170898
0.0076329708099365234
0.009002208709716797
0.00800776481628418
0.007993459701538086
0.00702214241027832
0.007567167282104492
0.007981300354003906
0.008007049560546875
0.009003162384033203
0.008014440536499023
0.007989883422851562
0.008001327514648438
0.007991790771484375
0.007995128631591797
0.007989645004272461
0.009982585906982422
0.007996320724487305
0.00800323486328125
0.008007287979125977
0.008994340896606445
0.010016202926635742
0.009020090103149414
0.008020401000976562
0.007989168167114258
0.009002208709716797
0.007986068725585938
0.008017778396606445
0.007982969284057617
0.009003877639770508
0.009019851684570312
0.007997512817382812
0.00901031494140625
0.009004592895507812
0.007994413375854492
0.009009122848510742
0.008015632629394531
0.008996725082397461
0.009531974792480469
0.009006977081298828
0.009001016616821289
0.008996248245239258
0.008090496063232422
0.00900125503540039
0.009022235870361328
0.008997440338134766
0.008010387420654297
0.009001970291137695
0.007982254028320312
0.010630130767822266
0.009002923965454102
0.008002042770385742
0.009006023406982422
0.010076284408569336
0.009002923965454102
0.010008811950683594
0.007989168167114258
0.010007381439208984
0.009013891220092773
0.010008096694946289
0.008590459823608398
0.009003162384033203
0.009020090103149414
0.010004997253417969
0.01000213623046875
0.009997129440307617
0.009000778198242188
0.010007143020629883
0.01200103759765625
0.009998798370361328
0.009997367858886719
0.010005712509155273
0.01001739501953125
0.008991718292236328
0.008997917175292969
0.009228706359863281
0.008996009826660156
0.01057887077331543
0.008995532989501953
0.009999990463256836
0.010001182556152344
0.009993791580200195
0.009998559951782227
0.013010263442993164
0.01253199577331543
0.010997533798217773
0.010001897811889648
0.01000833511352539
0.010016918182373047
0.010122060775756836
0.009990930557250977
0.011343955993652344
0.01054239273071289
0.011019229888916016
0.008983612060546875
0.010019302368164062
0.010007381439208984
0.010998725891113281
0.009995222091674805
0.01000213623046875
0.011990547180175781
0.011014938354492188
0.010012388229370117
0.011003971099853516
0.010022878646850586
0.010016441345214844
0.010014533996582031
0.011002302169799805
0.012003421783447266
0.01101064682006836
0.01099705696105957
0.011579036712646484
0.010984420776367188
0.011002063751220703
0.012009382247924805
0.011017084121704102
0.011670589447021484
0.012996673583984375
0.012577295303344727
0.013989925384521484
0.012990951538085938
0.011997699737548828
0.010998964309692383
0.0120086669921875
0.012007951736450195
0.016004323959350586
0.011002540588378906
0.011002540588378906
0.011066913604736328
0.015016794204711914
0.013003110885620117
0.012008190155029297
0.01198577880859375
0.012017011642456055
0.012997627258300781
0.016007661819458008
0.017005205154418945
0.014089107513427734
0.01302194595336914
0.01501774787902832
0.014017343521118164
0.010984420776367188
0.012009859085083008
0.013008594512939453
0.013999462127685547
0.011994361877441406
0.013201475143432617
0.012001752853393555
0.013004541397094727
0.010989904403686523
0.012986183166503906
0.012990951538085938
0.014998197555541992
0.012131214141845703
0.011982917785644531
0.012682676315307617
0.014510869979858398
0.013531684875488281
0.014002323150634766
0.012994527816772461
0.013997316360473633
0.01300811767578125
0.012994527816772461
0.013008356094360352
0.012022018432617188
0.011996030807495117
0.014990091323852539
0.013001680374145508
0.013552665710449219
0.014997482299804688
0.014003276824951172
0.012002706527709961
0.021306753158569336
0.014997005462646484
0.02051234245300293
0.013996601104736328
0.013003110885620117
0.012995243072509766
0.013990640640258789
0.013991117477416992
0.014009714126586914
0.014020681381225586
0.018009662628173828
0.014001607894897461
0.01400303840637207
0.014006853103637695
0.013996601104736328
0.015022516250610352
0.014982938766479492
0.01400303840637207
0.016003131866455078
0.014998435974121094
0.014016151428222656
0.014096498489379883
0.013997793197631836
0.015985727310180664
0.02000904083251953
0.01898932456970215
0.023998022079467773
0.02254319190979004
0.019004106521606445
0.021007537841796875
0.021994829177856445
0.018010854721069336
0.018578290939331055
0.018005847930908203
0.021010160446166992
0.01955270767211914
0.019004106521606445
0.019592761993408203
0.019004344940185547
0.019545555114746094
0.01699066162109375
0.015996456146240234
0.01802372932434082
0.021997451782226562
0.01900506019592285
0.017997026443481445
0.018996715545654297
0.019013166427612305
0.021160602569580078
0.01741647720336914
0.021005868911743164
0.01800394058227539
0.015984058380126953
0.016000747680664062
0.017018556594848633
0.0189974308013916
0.018011808395385742
0.01801300048828125
0.020569324493408203
0.0200040340423584
0.020019054412841797
0.021986961364746094
0.021006345748901367
0.020011186599731445
0.01960444450378418
0.021004915237426758
0.023006439208984375
0.020024538040161133
0.02198958396911621
0.02601027488708496
0.022011756896972656
0.0236208438873291
0.02102184295654297
0.021004676818847656
0.02253437042236328
0.023011207580566406
0.023006677627563477
0.026011228561401367
0.030009031295776367
0.02396249771118164
0.026953458786010742
0.02348780632019043
0.02200913429260254
0.021015167236328125
0.021004438400268555
0.023021697998046875
0.02301502227783203
0.02200484275817871
0.022998332977294922
0.026122570037841797
0.025017499923706055
0.026018619537353516
0.023007631301879883
0.02456355094909668
0.021999120712280273
0.023363351821899414
0.025023221969604492
0.024004459381103516
0.02356410026550293
0.023005008697509766
0.021571874618530273
0.02400827407836914
0.023993492126464844
0.022008180618286133
0.022445201873779297
0.022984743118286133
0.023018836975097656
0.024002790451049805
0.023018360137939453
0.02402329444885254
0.025005578994750977
0.02498936653137207
0.02301192283630371
0.024541854858398438
0.022998809814453125
0.02301788330078125
0.02526545524597168
0.02369999885559082
0.023009777069091797
0.025000572204589844
0.023601531982421875
0.02402472496032715
0.029004812240600586
0.03200888633728027
0.0295867919921875
0.029006242752075195
0.029987573623657227
0.03210258483886719
0.025006771087646484
0.026015043258666992
0.023998260498046875
0.023550033569335938
0.023025035858154297
0.023984909057617188
0.02402520179748535
0.024025678634643555
0.025013446807861328
0.024018049240112305
0.024025440216064453
0.02402329444885254
0.02500462532043457
0.024997949600219727
0.023998498916625977
0.02499985694885254
0.024999618530273438
0.023023366928100586
0.023011207580566406
0.022320985794067383
0.021600961685180664
0.022932767868041992
0.021532297134399414
0.021012544631958008
0.019001007080078125
0.019250154495239258
