1.054394006729126
1.0433378219604492
1.0246453285217285
1.1666135787963867
1.0291202068328857
1.1705694198608398
1.0462987422943115
1.0198445320129395
1.1568140983581543
1.2013354301452637
1.057541847229004
1.0629298686981201
1.0437803268432617
1.0254831314086914
1.1716406345367432
1.0327730178833008
1.1748292446136475
1.0685923099517822
1.0309224128723145
1.1601696014404297
1.2016839981079102
1.0586507320404053
1.0558242797851562
1.044313669204712
1.0405211448669434
1.175673246383667
1.027639389038086
1.1788923740386963
1.0436527729034424
1.0253849029541016
1.1590940952301025
1.2144408226013184
1.0676367282867432
1.0584087371826172
1.0487189292907715
1.037165641784668
1.1757838726043701
1.0416538715362549
1.1830956935882568
1.0489270687103271
1.032006025314331
1.1695327758789062
1.291572093963623
1.1291484832763672
1.0609066486358643
1.0517854690551758
1.0332317352294922
1.1863653659820557
1.0642271041870117
1.1941897869110107
1.0421783924102783
1.024780035018921
1.1625361442565918
1.2074611186981201
1.073085069656372
1.0658583641052246
1.0529701709747314
1.033623218536377
1.1803569793701172
1.0367891788482666
1.1997122764587402
1.0444917678833008
1.0402979850769043
1.1657335758209229
1.2103462219238281
1.0728909969329834
1.0778532028198242
1.0448501110076904
1.0289242267608643
1.1728038787841797
1.0331614017486572
1.1882987022399902
1.0529530048370361
1.0451054573059082
1.1677985191345215
1.2055277824401855
1.0693752765655518
1.05824613571167
1.061582088470459
1.033522605895996
1.1889307498931885
1.044713020324707
1.194643259048462
1.0639431476593018
1.0310280323028564
1.1691725254058838
1.2096447944641113
1.0791876316070557
1.0683138370513916
1.0491633415222168
1.035473346710205
1.1747708320617676
1.0410897731781006
1.184995412826538
1.04366135597229
1.029679775238037
1.167829990386963
1.2008745670318604
1.067150592803955
1.059997797012329
1.0608510971069336
1.065904140472412
1.180189847946167
1.0549840927124023
1.1962790489196777
1.0470247268676758
1.0297424793243408
1.1582934856414795
1.2114241123199463
1.069115161895752
1.0625791549682617
1.0519609451293945
1.0374760627746582
1.1806721687316895
1.035130262374878
1.1907665729522705
1.047537088394165
1.0286810398101807
1.1642889976501465
1.21909761428833
1.0741260051727295
1.0637497901916504
1.0644354820251465
1.0346267223358154
1.184197187423706
1.0420794486999512
1.1913790702819824
1.0571966171264648
1.0361347198486328
1.1676244735717773
1.2217235565185547
1.1495437622070312
1.1096417903900146
1.069162368774414
1.0461289882659912
1.1883690357208252
1.0509028434753418
1.2031042575836182
1.0500025749206543
1.031202793121338
1.1607997417449951
1.2170555591583252
1.0796456336975098
1.0801711082458496
1.0552856922149658
1.0364115238189697
1.183281421661377
1.0419044494628906
1.194908618927002
1.0542182922363281
1.0307717323303223
1.1694276332855225
1.2277824878692627
1.0708210468292236
1.0913381576538086
1.0554261207580566
1.0311789512634277
1.1869313716888428
1.0445809364318848
1.184011697769165
1.05918288230896
1.0409705638885498
1.1669108867645264
1.2216160297393799
1.0722801685333252
1.070887565612793
1.053551197052002
1.0398476123809814
1.1732947826385498
1.0423898696899414
1.1951797008514404
1.0823912620544434
1.033050298690796
1.1670341491699219
1.2200720310211182
1.0738787651062012
1.0772290229797363
1.057889461517334
1.0404951572418213
1.1901521682739258
1.0500555038452148
1.196035623550415
1.0555651187896729
1.0311744213104248
1.1642742156982422
1.2270336151123047
1.0919849872589111
1.070183277130127
1.0576598644256592
1.0437917709350586
1.185669183731079
1.0532217025756836
1.1970887184143066
1.0554072856903076
1.0380291938781738
1.1743874549865723
1.2207677364349365
1.073326587677002
1.066479206085205
1.0589616298675537
1.0435035228729248
1.1813147068023682
1.0450334548950195
1.1927170753479004
1.0611040592193604
1.0337028503417969
1.1807618141174316
1.2166996002197266
1.0786473751068115
1.0704710483551025
1.0560834407806396
1.041285753250122
1.1863703727722168
1.0447723865509033
1.1994013786315918
1.0518450736999512
1.0419182777404785
1.177527666091919
1.2175853252410889
1.08085298538208
1.064922571182251
1.0571260452270508
1.033254861831665
1.1909544467926025
1.0439105033874512
1.198103904724121
1.0525197982788086
1.0364723205566406
1.1709864139556885
1.2199933528900146
1.0812411308288574
1.0607774257659912
1.0542902946472168
1.0405042171478271
1.2306053638458252
1.04329514503479
1.193145990371704
1.0578765869140625
1.0532989501953125
1.1790006160736084
1.2191734313964844
1.078639268875122
1.0706145763397217
1.0718474388122559
1.0451569557189941
1.177464485168457
1.0409939289093018
1.1998071670532227
1.0598158836364746
1.022841215133667
1.1703922748565674
1.219175100326538
1.0728480815887451
1.0714809894561768
1.056046724319458
1.0464177131652832
1.1913137435913086
1.043731451034546
1.2046542167663574
1.0598359107971191
1.0421302318572998
1.3023934364318848
1.3740627765655518
1.103529453277588
1.0999386310577393
1.1132166385650635
1.1535770893096924
1.3218669891357422
2.06946063041687
1.4258010387420654
1.190566062927246
1.1461739540100098
1.2823550701141357
1.3610694408416748
1.1469616889953613
1.1298704147338867
1.1128959655761719
1.0842881202697754
1.2192890644073486
1.1037483215332031
1.2435228824615479
1.1226806640625
1.07491135597229
1.1888468265533447
1.2224864959716797
1.0739562511444092
1.068403720855713
1.0643658638000488
1.0625395774841309
1.1734263896942139
1.0448358058929443
1.200054407119751
1.0692150592803955
1.0375428199768066
1.1812338829040527
1.2249503135681152
1.077385425567627
1.0662217140197754
1.0571246147155762
1.0451469421386719
1.1950154304504395
1.0419888496398926
1.186638355255127
1.0582914352416992
1.055001974105835
1.1673362255096436
1.2557621002197266
1.0984838008880615
1.0789191722869873
1.065096139907837
1.038487434387207
1.1855974197387695
1.0512547492980957
1.1981620788574219
1.052260160446167
1.0504751205444336
1.164658546447754
1.2238471508026123
1.0770843029022217
1.0674374103546143
1.0613315105438232
1.0355238914489746
1.1815788745880127
1.0383727550506592
1.1955695152282715
1.0588371753692627
1.0423314571380615
1.1730303764343262
1.2205073833465576
1.07535982131958
1.0787177085876465
1.0588536262512207
1.0398972034454346
1.1806700229644775
1.046950340270996
1.2007999420166016
1.0561671257019043
1.035485029220581
1.1750493049621582
1.2329998016357422
1.0752758979797363
1.0689849853515625
1.0641794204711914
1.049560308456421
1.18709135055542
1.0370779037475586
1.1993491649627686
1.057990550994873
1.0499074459075928
1.1672563552856445
1.2196738719940186
1.0761692523956299
1.0700767040252686
1.0609588623046875
1.0347082614898682
1.1798419952392578
1.055046558380127
1.1998636722564697
1.0613303184509277
1.0299875736236572
1.182560920715332
1.217836856842041
1.0732207298278809
1.0689492225646973
1.0626022815704346
1.0388011932373047
1.1849639415740967
1.0442850589752197
1.1997218132019043
1.0570101737976074
1.029294490814209
1.1755685806274414
1.2270536422729492
1.0784869194030762
1.0674340724945068
1.0597848892211914
1.0362732410430908
1.1850638389587402
1.0493013858795166
1.1956887245178223
1.060107946395874
1.0354468822479248
1.1667985916137695
1.2171106338500977
1.0685012340545654
1.0736925601959229
1.0598113536834717
1.0390408039093018
1.1863698959350586
1.0474107265472412
1.2032496929168701
1.0603132247924805
1.0349106788635254
1.1738159656524658
1.2247984409332275
1.0815715789794922
1.07987642288208
1.06307053565979
1.03883957862854
1.1868665218353271
1.0413258075714111
1.1935219764709473
1.0899317264556885
1.0375323295593262
1.16450834274292
1.2198424339294434
1.0781283378601074
1.0747215747833252
1.0623414516448975
1.0603258609771729
1.2035491466522217
1.044637680053711
1.1946730613708496
1.0596392154693604
1.0438947677612305
1.1803457736968994
1.220729112625122
1.082441806793213
1.0689802169799805
1.0725374221801758
1.0478427410125732
1.1929349899291992
1.042320728302002
1.2044830322265625
1.0564074516296387
1.037031888961792
1.1737799644470215
1.229344129562378
1.0785999298095703
1.0722301006317139
1.055389165878296
1.0375690460205078
1.192528247833252
1.0518560409545898
1.199678659439087
1.0601403713226318
1.0346641540527344
1.1739041805267334
1.2220141887664795
1.0780503749847412
1.086928367614746
1.0657684803009033
1.0389561653137207
1.1987299919128418
1.0842714309692383
1.2192823886871338
1.0554399490356445
1.038259506225586
1.1780014038085938
1.223294734954834
1.0791654586791992
1.0694758892059326
1.0643975734710693
1.0354819297790527
1.1925523281097412
1.0430011749267578
1.2084176540374756
1.057520866394043
1.0378532409667969
1.1907150745391846
1.2231650352478027
1.084954023361206
1.0764679908752441
1.063708782196045
1.0395123958587646
1.1894688606262207
1.0512607097625732
1.1991863250732422
1.0555994510650635
1.1488878726959229
1.179633617401123
1.2199857234954834
1.075495958328247
1.078047275543213
1.0618996620178223
1.0464844703674316
1.1885254383087158
1.0622942447662354
1.2119998931884766
1.0564532279968262
1.036388635635376
1.1723253726959229
1.214299201965332
1.0852718353271484
1.070666790008545
1.057485580444336
1.0423107147216797
1.1883094310760498
1.0572247505187988
1.2079086303710938
1.077852725982666
1.0401594638824463
1.1699705123901367
1.2242403030395508
1.0947966575622559
1.0772480964660645
1.0581085681915283
1.0446648597717285
1.1900928020477295
1.0558490753173828
1.1884868144989014
1.0659916400909424
1.050812005996704
1.1731600761413574
1.22812819480896
1.0796563625335693
1.0779626369476318
1.0631356239318848
1.0496940612792969
1.1913833618164062
1.0621087551116943
1.2037525177001953
1.0599842071533203
1.042848825454712
1.1732864379882812
1.2341182231903076
1.091662883758545
1.0808515548706055
1.065953016281128
1.033933401107788
1.1882920265197754
1.0518217086791992
1.201420545578003
1.0709736347198486
1.037346601486206
1.1775727272033691
1.2144782543182373
1.0840427875518799
1.070702075958252
1.065850019454956
1.040581464767456
1.1928081512451172
1.049987554550171
1.2003865242004395
1.0579884052276611
1.0381550788879395
1.1694273948669434
1.2228851318359375
1.1032652854919434
1.0823686122894287
1.0671656131744385
1.0430176258087158
1.1859307289123535
1.0457124710083008
1.2116026878356934
1.0620315074920654
1.0367650985717773
1.1722602844238281
1.22971510887146
1.0829126834869385
1.0749847888946533
1.063218593597412
1.041835069656372
1.1948935985565186
1.0451207160949707
1.2088444232940674
1.0706443786621094
1.0346479415893555
1.17848801612854
1.219588041305542
1.099433422088623
1.0726051330566406
1.0736865997314453
1.0441620349884033
1.189537763595581
1.0525047779083252
1.199091911315918
1.0667054653167725
1.0535671710968018
1.177825927734375
1.2247552871704102
1.085691213607788
1.074845790863037
1.1010117530822754
1.0452806949615479
1.1921143531799316
1.0478804111480713
1.2079517841339111
1.0612506866455078
1.037524700164795
1.1721274852752686
1.2220427989959717
1.0853912830352783
1.0749166011810303
1.065523386001587
1.0464539527893066
1.1910076141357422
1.0454151630401611
1.2086472511291504
1.0656421184539795
1.047532558441162
1.1737403869628906
1.2248213291168213
1.0843260288238525
1.091090440750122
1.059755802154541
1.0488433837890625
1.1922245025634766
1.0627927780151367
1.1996021270751953
1.0764782428741455
1.0400187969207764
1.1782093048095703
1.2217867374420166
1.0761408805847168
1.0735785961151123
1.0665082931518555
1.053765058517456
1.200986385345459
1.0525212287902832
1.2169458866119385
1.0567772388458252
1.0422048568725586
1.1820530891418457
1.2322757244110107
1.080718994140625
1.0826382637023926
1.0679430961608887
1.0386731624603271
1.1945126056671143
1.051774501800537
1.2081489562988281
1.0789344310760498
1.035851240158081
1.1731159687042236
1.2305080890655518
1.0772795677185059
1.079728364944458
1.0599591732025146
1.043006181716919
1.1892404556274414
1.0541307926177979
1.2045674324035645
1.059757947921753
1.0442380905151367
1.1778221130371094
1.2331666946411133
1.0806632041931152
1.0808660984039307
1.0628585815429688
1.1894776821136475
1.2834498882293701
1.2392058372497559
1.260190486907959
1.0967755317687988
1.0808680057525635
1.2123770713806152
1.239694356918335
1.1224908828735352
1.1370739936828613
1.1205739974975586
1.0914509296417236
1.2474853992462158
1.1071693897247314
1.2014477252960205
1.0745649337768555
1.0467615127563477
1.2003717422485352
1.3641784191131592
1.1251211166381836
1.0999999046325684
1.0811975002288818
1.064899206161499
1.2283484935760498
1.0549423694610596
1.2083663940429688
1.078261375427246
1.0648000240325928
1.2005615234375
1.2415122985839844
1.1241443157196045
1.1031222343444824
1.0934851169586182
1.0829253196716309
1.2645273208618164
1.1000032424926758
1.2876389026641846
1.121119737625122
1.074558973312378
1.2141692638397217
1.276853084564209
1.1006195545196533
1.129636287689209
1.104203224182129
1.0634429454803467
1.1995282173156738
1.0610573291778564
1.2361481189727783
1.086982011795044
1.0428595542907715
1.1943845748901367
1.240368127822876
1.089707612991333
1.0926334857940674
1.0650200843811035
1.0466217994689941
1.2008905410766602
1.0458259582519531
1.2138304710388184
1.0730552673339844
1.042027235031128
1.1839878559112549
1.240546464920044
1.0882153511047363
1.0815551280975342
1.0729081630706787
1.0406911373138428
1.2113208770751953
1.061058759689331
1.2110595703125
1.0731375217437744
1.0377705097198486
1.175353765487671
1.241541862487793
1.0789415836334229
1.0811541080474854
1.0636703968048096
1.0449604988098145
1.1926639080047607
1.0568506717681885
1.206991195678711
1.0806310176849365
1.0501081943511963
1.1773943901062012
1.233949899673462
1.0981707572937012
1.0795295238494873
1.0644543170928955
1.0550086498260498
1.1959547996520996
1.060894250869751
1.2016077041625977
1.069122314453125
1.0570907592773438
1.2649688720703125
1.2627317905426025
1.1121654510498047
1.1040990352630615
1.084045171737671
1.0895981788635254
1.2150330543518066
1.0669538974761963
1.2157325744628906
1.0732665061950684
1.048588752746582
1.1872918605804443
1.241335391998291
1.087003231048584
1.0935828685760498
1.073669672012329
1.054098129272461
1.2041292190551758
1.0520460605621338
1.2156081199645996
1.0677344799041748
1.0784893035888672
1.1868464946746826
