1.1676406860351562
1.0295860767364502
1.0201025009155273
1.0114350318908691
1.1492903232574463
1.0089924335479736
1.1851496696472168
1.037015438079834
1.0300748348236084
1.0100884437561035
1.154160976409912
1.0126402378082275
1.1648402214050293
1.0209102630615234
1.0156822204589844
1.146714687347412
1.0092644691467285
1.135814905166626
1.1844711303710938
1.0712668895721436
1.0477206707000732
1.0303833484649658
1.0246071815490723
1.1523652076721191
1.019089698791504
1.1680500507354736
1.0274667739868164
1.0007526874542236
1.1373963356018066
1.191908597946167
1.0471501350402832
1.0349235534667969
1.0298810005187988
1.0126631259918213
1.1589770317077637
1.0074591636657715
1.1916756629943848
1.0289747714996338
1.0277478694915771
1.1527674198150635
1.1813633441925049
1.0446195602416992
1.0431487560272217
1.0202984809875488
1.0171184539794922
1.1574134826660156
1.0186307430267334
1.1720213890075684
1.0174751281738281
1.0092167854309082
1.1382431983947754
1.1896731853485107
1.0432641506195068
1.0450291633605957
1.0203301906585693
1.0111122131347656
1.1546814441680908
1.0164830684661865
1.1626513004302979
1.0266788005828857
1.012207269668579
1.1481051445007324
1.182312250137329
1.0398609638214111
1.0404317378997803
1.028073787689209
1.015268087387085
1.1641829013824463
1.0045230388641357
1.1623010635375977
1.0322351455688477
1.0179729461669922
1.1434004306793213
1.1789937019348145
1.0551798343658447
1.035069227218628
1.0287187099456787
1.0122058391571045
1.1684153079986572
1.0191009044647217
1.1733615398406982
1.0474557876586914
1.0043087005615234
1.1452558040618896
1.1918952465057373
1.0479638576507568
1.0393941402435303
1.0428357124328613
1.0130057334899902
1.1642155647277832
1.023176670074463
1.1777160167694092
1.0319793224334717
1.0145716667175293
1.1408982276916504
1.1869239807128906
1.0543899536132812
1.0340616703033447
1.0273900032043457
1.0146369934082031
1.153367042541504
1.0129692554473877
1.1642212867736816
1.0242652893066406
1.008725881576538
1.1515593528747559
1.1927485466003418
1.0507750511169434
1.043543815612793
1.0329523086547852
1.0130641460418701
1.1564395427703857
1.0150692462921143
1.1651222705841064
1.0347676277160645
1.0051801204681396
1.1408264636993408
1.1832749843597412
1.0505859851837158
1.0406403541564941
1.0307903289794922
1.0061206817626953
1.1441411972045898
1.023271083831787
1.1581056118011475
1.0289695262908936
1.009488821029663
1.1437406539916992
1.1838436126708984
1.051027536392212
1.0400199890136719
1.032684087753296
1.016996145248413
1.1594696044921875
1.0114099979400635
1.1602156162261963
1.0348374843597412
1.0031318664550781
1.1469335556030273
1.184110403060913
1.0463967323303223
1.0475811958312988
1.031421422958374
1.0076217651367188
1.1641669273376465
1.0335237979888916
1.166152000427246
1.027334451675415
1.0051727294921875
1.1577553749084473
1.190521478652954
1.0432507991790771
1.0481183528900146
1.0264968872070312
1.0134406089782715
1.1516411304473877
1.020742654800415
1.1704514026641846
1.0303678512573242
1.0085711479187012
1.1502914428710938
1.187690019607544
1.0484886169433594
1.0397164821624756
1.0286357402801514
1.0188472270965576
1.1604697704315186
1.0139405727386475
1.1685495376586914
1.0219478607177734
1.010387897491455
1.1471974849700928
1.1853728294372559
1.045933723449707
1.0466229915618896
1.0359692573547363
1.0206325054168701
1.1619970798492432
1.0216174125671387
1.1803274154663086
1.026857614517212
1.0125174522399902
1.1460435390472412
1.1816229820251465
1.0492253303527832
1.0530157089233398
1.0389313697814941
1.016911268234253
1.162355899810791
1.0149867534637451
1.1754405498504639
1.0302305221557617
1.007059097290039
1.141901969909668
1.1839287281036377
1.0392673015594482
1.0345070362091064
1.0321390628814697
1.0601580142974854
1.1661310195922852
1.0176682472229004
1.1698720455169678
1.0372369289398193
1.0043413639068604
1.1564531326293945
1.1830198764801025
1.052386999130249
1.0456180572509766
1.034181833267212
1.0115456581115723
1.1509323120117188
1.0151407718658447
1.1605701446533203
1.0278956890106201
1.0137524604797363
1.1425321102142334
1.2307777404785156
1.058516502380371
1.0348575115203857
1.0369255542755127
1.016404628753662
1.1599946022033691
1.0180082321166992
1.1694018840789795
1.029876708984375
1.012507677078247
1.1407792568206787
1.1930460929870605
1.0451443195343018
1.0425665378570557
1.0318355560302734
1.0105507373809814
1.1652488708496094
1.0157148838043213
1.1684880256652832
1.0421254634857178
1.0214166641235352
1.173144817352295
1.193171501159668
1.0623044967651367
1.0382018089294434
1.0299568176269531
1.0138719081878662
1.1620991230010986
1.0226025581359863
1.1662425994873047
1.0218291282653809
1.0073022842407227
1.1452581882476807
1.1906733512878418
1.0681641101837158
1.0444378852844238
1.0443410873413086
1.0141959190368652
1.1560099124908447
1.0215356349945068
1.1747338771820068
1.0277454853057861
1.006861925125122
1.1438448429107666
1.1947898864746094
1.0508131980895996
1.0420506000518799
1.032128095626831
1.0157511234283447
1.1621875762939453
1.0206634998321533
1.175811767578125
1.0319454669952393
1.0064201354980469
1.1493470668792725
1.1886358261108398
1.0570061206817627
1.0455613136291504
1.0335443019866943
1.0149221420288086
1.157109022140503
1.0243961811065674
1.1725687980651855
1.03696608543396
1.0148794651031494
1.1445696353912354
1.194502592086792
1.0614378452301025
1.049187183380127
1.030632734298706
1.021083116531372
1.1590325832366943
1.0313544273376465
1.1844048500061035
1.0340898036956787
1.0044281482696533
1.1501412391662598
1.1934800148010254
1.0527915954589844
1.0501463413238525
1.0331733226776123
1.012873649597168
1.1628429889678955
1.0178413391113281
1.1754953861236572
1.031040906906128
1.0138821601867676
1.1435189247131348
1.1865103244781494
1.092803955078125
1.0449249744415283
1.03249192237854
1.0159494876861572
1.1575214862823486
1.0178477764129639
1.165708303451538
1.0420103073120117
1.0382177829742432
1.1533007621765137
1.1915428638458252
1.0433948040008545
1.042710781097412
1.0406880378723145
1.0185914039611816
1.1692063808441162
1.028245449066162
1.1801090240478516
1.036513090133667
1.0175423622131348
1.144014835357666
1.195197343826294
1.066432237625122
1.0455610752105713
1.0352556705474854
1.0289692878723145
1.1591987609863281
1.0277440547943115
1.1648099422454834
1.0356345176696777
1.0135037899017334
1.1438791751861572
1.1891775131225586
1.0474886894226074
1.0441365242004395
1.0545878410339355
1.0100703239440918
1.1672697067260742
1.0222327709197998
1.1599931716918945
1.0462706089019775
1.01945161819458
1.1476013660430908
1.1955928802490234
1.0697038173675537
1.0471789836883545
1.0312225818634033
1.022507667541504
1.1580464839935303
1.0210261344909668
1.1682868003845215
1.0403621196746826
1.0149571895599365
1.1996288299560547
1.1960070133209229
1.047940969467163
1.0436427593231201
1.046288013458252
1.0175011157989502
1.157731533050537
1.0280132293701172
1.1691370010375977
1.046973705291748
1.015930414199829
1.1422820091247559
1.196690320968628
1.0488991737365723
1.0530776977539062
1.0322058200836182
1.0173473358154297
1.1660254001617432
1.0285289287567139
1.178410530090332
1.0395722389221191
1.0186553001403809
1.149545431137085
1.1824049949645996
1.0516595840454102
1.0457613468170166
1.0511407852172852
1.0272541046142578
1.1570260524749756
1.0267627239227295
1.1668486595153809
1.0303637981414795
1.0094866752624512
1.1494221687316895
1.2040679454803467
1.0492277145385742
1.0427439212799072
1.0416324138641357
1.021909236907959
1.1699504852294922
1.0166375637054443
1.1742122173309326
1.036454200744629
1.0106477737426758
1.1594021320343018
1.1804492473602295
1.0548479557037354
1.0512776374816895
1.040259599685669
1.016597032546997
1.164219856262207
1.0292022228240967
1.1755270957946777
1.0607988834381104
1.019909381866455
1.1493110656738281
1.1940865516662598
1.0557746887207031
