0.0050029754638671875
0.003987550735473633
0.004007577896118164
0.003987312316894531
0.03300619125366211
0.004609346389770508
0.004994869232177734
0.003987550735473633
0.004002571105957031
0.00400090217590332
0.003994464874267578
0.003999948501586914
0.00585174560546875
0.002998828887939453
0.004000425338745117
0.004000663757324219
0.004015922546386719
0.004999637603759766
0.003988742828369141
0.004013538360595703
0.0040013790130615234
0.004250049591064453
0.006001949310302734
0.005001544952392578
0.004000663757324219
0.00400090217590332
0.0040018558502197266
0.004002809524536133
0.004000186920166016
0.0040013790130615234
0.003999948501586914
0.00399327278137207
0.003996849060058594
0.004001140594482422
0.004001140594482422
0.003996849060058594
0.004000425338745117
0.0045740604400634766
0.0055811405181884766
0.0049991607666015625
0.005998373031616211
0.00500178337097168
0.003998994827270508
0.003998994827270508
0.004000425338745117
0.007001638412475586
0.005001544952392578
0.004031181335449219
0.00500035285949707
0.003993988037109375
0.0039865970611572266
0.006001472473144531
0.006002664566040039
0.0051076412200927734
0.005002260208129883
0.00400090217590332
0.0040013790130615234
0.004000663757324219
0.0040018558502197266
0.005002260208129883
0.004001617431640625
0.005001068115234375
0.004012584686279297
0.00400233268737793
0.004002094268798828
0.004000425338745117
0.005000591278076172
0.004020214080810547
0.00400090217590332
0.0040149688720703125
0.0040090084075927734
0.004001617431640625
0.003994464874267578
0.00400233268737793
0.03778076171875
0.004002094268798828
0.003994941711425781
0.005001068115234375
0.0049991607666015625
0.004000663757324219
0.004529237747192383
0.004001140594482422
0.0040018558502197266
0.0040128231048583984
0.0039997100830078125
0.009002923965454102
0.004000663757324219
0.006002902984619141
0.004987478256225586
0.00400090217590332
0.0040013790130615234
0.004000186920166016
0.005000591278076172
0.005001544952392578
0.004002094268798828
0.004996299743652344
0.0043718814849853516
0.0040013790130615234
0.004002571105957031
0.0050089359283447266
0.004002571105957031
0.0030014514923095703
0.004001140594482422
0.031020641326904297
0.004007816314697266
0.004000425338745117
0.004014730453491211
0.00500035285949707
0.003995180130004883
0.005002498626708984
0.004000425338745117
0.006000518798828125
0.00400090217590332
0.004002571105957031
0.00400233268737793
0.003999948501586914
0.00500178337097168
0.004000663757324219
0.003991842269897461
0.00400090217590332
0.004006147384643555
0.004000663757324219
0.004015207290649414
0.003556966781616211
0.0039997100830078125
0.004002094268798828
0.0040013790130615234
0.004008769989013672
0.005001068115234375
0.0040018558502197266
0.00400090217590332
0.004006147384643555
0.00398707389831543
0.005000591278076172
0.004987239837646484
0.004000663757324219
0.003988027572631836
0.004000425338745117
0.0040073394775390625
0.003793954849243164
0.0040018558502197266
0.00439906120300293
0.004013776779174805
0.004008293151855469
0.00500941276550293
0.004002571105957031
0.0070095062255859375
0.00400233268737793
0.004000425338745117
0.004001140594482422
0.00400090217590332
0.00400233268737793
0.0049932003021240234
0.004000425338745117
0.005005359649658203
0.004000663757324219
0.005002260208129883
0.005013704299926758
0.004541635513305664
0.00400090217590332
0.0040013790130615234
0.005002021789550781
0.00399327278137207
0.004000425338745117
0.005002021789550781
0.0040018558502197266
0.003999471664428711
0.004007577896118164
0.004666566848754883
0.004001617431640625
0.005021572113037109
0.004000663757324219
0.004228115081787109
0.004003047943115234
0.004007101058959961
0.003994941711425781
0.0039937496185302734
0.004002094268798828
0.00500035285949707
0.005099773406982422
0.0040090084075927734
0.004000425338745117
0.004007101058959961
0.0039942264556884766
0.0042459964752197266
0.0040013790130615234
0.004000425338745117
0.004000663757324219
0.0040013790130615234
0.004015207290649414
0.005048990249633789
0.004002571105957031
0.0040013790130615234
0.0039975643157958984
0.004000186920166016
0.0050013065338134766
0.004001140594482422
0.003976583480834961
0.005002498626708984
0.004000663757324219
0.003999948501586914
0.00500798225402832
0.0050008296966552734
0.004000186920166016
0.003992557525634766
0.004013776779174805
0.004001140594482422
0.003019571304321289
0.00500798225402832
0.004001617431640625
0.005014657974243164
0.003988027572631836
0.004001140594482422
0.004000425338745117
0.004995584487915039
0.0049953460693359375
0.004007101058959961
0.004001140594482422
0.004979133605957031
0.004000663757324219
0.003987550735473633
0.0040149688720703125
0.004006862640380859
0.0035440921783447266
0.005008697509765625
0.004000425338745117
0.004002094268798828
0.003999948501586914
0.003995180130004883
0.004994392395019531
0.003989458084106445
0.0040013790130615234
0.004013776779174805
0.004000425338745117
0.004095792770385742
0.004005908966064453
0.003994941711425781
0.004009246826171875
0.004987955093383789
0.0039937496185302734
0.00400233268737793
0.0036711692810058594
0.004002571105957031
0.004001140594482422
0.004001617431640625
0.004947662353515625
0.004001140594482422
0.0040013790130615234
0.004000663757324219
0.005000114440917969
0.00500178337097168
0.0045528411865234375
0.0039958953857421875
0.00500178337097168
0.003998994827270508
0.00399470329284668
0.004000186920166016
0.00398707389831543
0.005015373229980469
0.0040013790130615234
0.0050008296966552734
0.004999876022338867
0.0050203800201416016
0.003994941711425781
0.0039942264556884766
0.031002283096313477
0.004988431930541992
0.005002498626708984
0.005002498626708984
0.004001140594482422
0.003996849060058594
0.003997087478637695
0.0040018558502197266
0.00400090217590332
0.004001140594482422
0.003994941711425781
0.00434422492980957
0.004996061325073242
0.0040149688720703125
0.0050008296966552734
0.004991054534912109
0.004996538162231445
0.004000186920166016
0.004000186920166016
0.004015684127807617
0.004001140594482422
0.0050051212310791016
0.0039806365966796875
0.00500178337097168
0.004002809524536133
0.0050067901611328125
0.003575563430786133
0.003979921340942383
0.0050008296966552734
0.004994392395019531
0.00399470329284668
0.004015207290649414
0.003988504409790039
0.005003213882446289
0.004002809524536133
0.0039937496185302734
0.004005908966064453
0.0040018558502197266
0.004001140594482422
0.00400090217590332
0.003988742828369141
0.00398707389831543
0.002980947494506836
0.004221677780151367
0.003993988037109375
0.004001617431640625
0.003998279571533203
0.004982709884643555
0.004990100860595703
0.0040056705474853516
0.0040018558502197266
0.003980875015258789
0.0036551952362060547
0.004995107650756836
0.004982471466064453
0.0050089359283447266
0.003993988037109375
0.004003286361694336
0.004011392593383789
0.004981517791748047
0.004502773284912109
0.004992246627807617
0.0050013065338134766
0.005008697509765625
0.004987001419067383
0.0039942264556884766
0.005982637405395508
0.00400233268737793
0.005001544952392578
0.0049800872802734375
0.0040056705474853516
0.004014253616333008
0.004539966583251953
0.0039975643157958984
0.004994392395019531
0.004015922546386719
0.003995180130004883
0.005003452301025391
0.0040013790130615234
0.005000591278076172
0.004005908966064453
0.006106138229370117
0.005001068115234375
0.0029993057250976562
0.003996133804321289
0.003981351852416992
0.004010677337646484
0.004000663757324219
0.004001140594482422
0.004013776779174805
0.004015445709228516
0.004015922546386719
0.004981517791748047
0.004007577896118164
0.0040128231048583984
0.0040130615234375
0.004006385803222656
0.004001140594482422
0.004987001419067383
0.0039942264556884766
0.004015922546386719
0.0039882659912109375
0.004019975662231445
0.003988742828369141
0.00400233268737793
0.004000425338745117
0.004007577896118164
0.005995512008666992
0.004544258117675781
0.003993511199951172
0.0039899349212646484
0.0040013790130615234
0.004000663757324219
0.003000497817993164
0.005981922149658203
0.0043523311614990234
0.004007577896118164
0.0040128231048583984
0.0039823055267333984
0.004000663757324219
0.003981828689575195
0.005000591278076172
0.00402069091796875
0.00501251220703125
0.003994941711425781
0.004004478454589844
0.0039806365966796875
0.00400090217590332
0.0035619735717773438
0.005001068115234375
0.0040204524993896484
0.0040130615234375
0.0041332244873046875
0.004015207290649414
0.004573822021484375
0.0039942264556884766
0.005020856857299805
0.004000425338745117
0.004015445709228516
0.003988504409790039
0.0030059814453125
0.003994464874267578
0.003986835479736328
0.004000663757324219
0.00400090217590332
0.004008054733276367
0.004007816314697266
0.004646778106689453
0.003993988037109375
0.006001949310302734
0.004993438720703125
0.004994392395019531
0.004006385803222656
0.004994869232177734
0.00400090217590332
0.0039825439453125
0.003996610641479492
0.004000425338745117
0.003992319107055664
0.004019975662231445
0.004000425338745117
0.004014015197753906
0.003998756408691406
0.0039997100830078125
0.004017829895019531
0.005008220672607422
0.004000186920166016
0.0029821395874023438
0.004002094268798828
0.003995656967163086
0.004006624221801758
0.004021883010864258
0.005015850067138672
0.004014015197753906
0.00399327278137207
0.004987239837646484
0.005020618438720703
0.0039026737213134766
0.0050201416015625
0.004004001617431641
0.00400090217590332
0.005002021789550781
0.004000663757324219
0.004994630813598633
0.004006147384643555
0.004138469696044922
0.004014730453491211
0.00400090217590332
0.005988359451293945
0.00399470329284668
0.003989458084106445
0.006001472473144531
0.004999637603759766
0.00400543212890625
0.005013227462768555
0.003988981246948242
0.005662441253662109
0.0049877166748046875
0.004987239837646484
0.004006624221801758
0.004001140594482422
0.004018306732177734
0.005002260208129883
0.004013538360595703
0.005013465881347656
0.0032105445861816406
0.003993034362792969
0.003992557525634766
0.003551483154296875
0.00400233268737793
0.0040090084075927734
0.004025936126708984
0.004019737243652344
0.004994630813598633
0.004006147384643555
0.003994941711425781
0.004987239837646484
0.0039789676666259766
0.005002498626708984
0.003984689712524414
0.003988981246948242
0.002995729446411133
0.004008054733276367
0.0039937496185302734
0.003997325897216797
0.0040130615234375
0.004000663757324219
0.0040204524993896484
0.037619590759277344
0.003996610641479492
0.0039899349212646484
0.003989696502685547
0.005019426345825195
0.004007816314697266
0.005019664764404297
0.004001617431640625
0.0049822330474853516
0.0049877166748046875
0.003993511199951172
0.006040096282958984
0.006371974945068359
0.004014730453491211
0.004015207290649414
0.003980875015258789
0.0039942264556884766
0.0050122737884521484
0.005005359649658203
0.003995418548583984
0.003981828689575195
0.003987312316894531
0.004590749740600586
0.004335880279541016
0.005005359649658203
0.005007505416870117
0.0050046443939208984
0.00400090217590332
0.0049817562103271484
0.003993511199951172
0.0050029754638671875
0.004000663757324219
0.003983020782470703
0.005994558334350586
0.00455784797668457
0.004000663757324219
0.004011631011962891
0.004015445709228516
0.003981590270996094
0.003988742828369141
0.004000663757324219
0.030233383178710938
0.00400543212890625
0.00399470329284668
0.004014015197753906
0.005020856857299805
0.004000663757324219
0.004014253616333008
0.0039997100830078125
0.004003047943115234
0.00403285026550293
0.005008220672607422
0.004014730453491211
0.00501561164855957
0.0049855709075927734
0.003988504409790039
0.004030942916870117
0.003986835479736328
0.006021261215209961
0.006001472473144531
0.004004240036010742
0.004021644592285156
0.0039882659912109375
0.0040013790130615234
0.006009340286254883
0.0040132999420166016
0.004006862640380859
0.005980968475341797
0.0039844512939453125
0.005012989044189453
0.004584074020385742
0.0049817562103271484
0.0049893856048583984
0.003991603851318359
0.003997087478637695
0.004000425338745117
0.00499272346496582
0.005008220672607422
0.0050258636474609375
0.004000425338745117
0.004007101058959961
0.003979682922363281
0.005994081497192383
0.003989219665527344
0.0040013790130615234
0.004009246826171875
0.004021883010864258
0.004988431930541992
0.004001140594482422
0.004006385803222656
0.0039997100830078125
0.003999233245849609
0.004007101058959961
0.004002094268798828
0.003995418548583984
0.005002260208129883
0.0040013790130615234
0.004000663757324219
0.003986358642578125
0.005025386810302734
0.004011631011962891
0.0040073394775390625
0.0040132999420166016
0.003995656967163086
0.0040056705474853516
0.004988908767700195
0.003994464874267578
0.003999233245849609
0.004007577896118164
0.00499415397644043
0.004007816314697266
0.004012107849121094
0.003002166748046875
0.003989458084106445
0.004010915756225586
0.003988504409790039
0.004995584487915039
0.003992795944213867
0.003994464874267578
0.003993034362792969
0.003999471664428711
0.00400543212890625
0.004982471466064453
0.004006147384643555
0.0039937496185302734
0.004001140594482422
0.003982067108154297
0.0050067901611328125
0.003988981246948242
0.005021572113037109
0.004001140594482422
0.004006147384643555
0.004018068313598633
0.00458073616027832
0.0050106048583984375
0.004000425338745117
0.004001140594482422
0.003981113433837891
0.005994558334350586
0.0040130615234375
0.0040204524993896484
0.003988981246948242
0.004991292953491211
0.005997419357299805
0.005004405975341797
0.004001140594482422
0.004988908767700195
0.005580902099609375
0.005008220672607422
0.003981351852416992
0.004000425338745117
0.0040166378021240234
0.004001140594482422
0.004996538162231445
0.003999948501586914
0.004007101058959961
0.004001140594482422
0.004006624221801758
0.004012346267700195
0.005002260208129883
0.0040035247802734375
0.003574371337890625
0.003988981246948242
0.005015373229980469
0.003994941711425781
0.004293680191040039
0.00400233268737793
0.003999948501586914
0.0039844512939453125
0.004007816314697266
0.003981351852416992
0.00400090217590332
0.0040128231048583984
0.004996061325073242
0.005005359649658203
0.0040130615234375
0.0040094852447509766
0.004994392395019531
0.00400543212890625
0.005007266998291016
0.005002260208129883
0.004006624221801758
0.005014657974243164
0.004002809524536133
0.003999948501586914
0.006012439727783203
0.0039997100830078125
0.0040073394775390625
0.004014730453491211
0.004000186920166016
0.003988742828369141
0.004008769989013672
0.004014492034912109
0.004028797149658203
0.0039865970611572266
0.004982709884643555
0.004996061325073242
0.003993988037109375
0.004000663757324219
0.003980398178100586
0.00400090217590332
0.0049896240234375
0.004001140594482422
0.004001140594482422
0.006002187728881836
0.003993034362792969
0.00400090217590332
0.004000425338745117
0.004994392395019531
0.0040090084075927734
0.004014492034912109
0.005020856857299805
0.004014253616333008
0.004000663757324219
0.006014823913574219
0.004993438720703125
0.004013538360595703
0.00500798225402832
0.0039823055267333984
0.004017829895019531
0.003994464874267578
0.0050165653228759766
0.003989219665527344
0.008995294570922852
0.004021167755126953
0.003996372222900391
0.004006624221801758
0.005994319915771484
0.004982471466064453
