0.005003690719604492
0.004001617431640625
0.0039861202239990234
0.005013704299926758
0.032201290130615234
0.003995656967163086
0.00402069091796875
0.003995418548583984
0.004002094268798828
0.0040013790130615234
0.005010128021240234
0.003999471664428711
0.029615402221679688
0.0040018558502197266
0.003995180130004883
0.004002094268798828
0.003996133804321289
0.00399327278137207
0.004001617431640625
0.003001689910888672
0.003980875015258789
0.0040018558502197266
0.005013465881347656
0.0110015869140625
0.0037689208984375
0.00400996208190918
0.004001140594482422
0.003981351852416992
0.003994464874267578
0.004982948303222656
0.004989147186279297
0.004000425338745117
0.0051996707916259766
0.00400090217590332
0.005006551742553711
0.004996538162231445
0.00401616096496582
0.004021406173706055
0.004000186920166016
0.006754875183105469
0.00501561164855957
0.004006624221801758
0.005506038665771484
0.0036780834197998047
0.003005504608154297
0.00399017333984375
0.0036649703979492188
0.003999471664428711
0.029015541076660156
0.0039904117584228516
0.00499415397644043
0.004001140594482422
0.003007650375366211
0.006002902984619141
0.004981279373168945
0.004014253616333008
0.005012989044189453
0.004000663757324219
0.003988742828369141
0.0040204524993896484
0.003988504409790039
0.004015207290649414
0.0040073394775390625
0.005000591278076172
0.0049936771392822266
0.00399470329284668
0.004015445709228516
0.003987550735473633
0.003981590270996094
0.004021406173706055
0.004003286361694336
0.004001140594482422
0.003983020782470703
0.0039937496185302734
0.0040132999420166016
0.00399327278137207
0.0049953460693359375
0.003995418548583984
0.005001544952392578
0.003995656967163086
0.003992795944213867
0.0040018558502197266
0.004995822906494141
0.005002260208129883
0.003993988037109375
0.005003929138183594
0.0049893856048583984
0.0039942264556884766
0.004180192947387695
0.004986286163330078
0.004007577896118164
0.004999876022338867
0.004014253616333008
0.003988027572631836
0.004033565521240234
0.003993988037109375
0.003993511199951172
0.004019737243652344
0.002994060516357422
0.003996610641479492
0.003983259201049805
0.0049822330474853516
0.003981113433837891
0.0051348209381103516
0.003987789154052734
0.004019975662231445
0.0039861202239990234
0.0040340423583984375
0.0055387020111083984
0.003987789154052734
0.003998994827270508
0.003979206085205078
0.004999637603759766
0.00500941276550293
0.003998279571533203
0.004015207290649414
0.005005359649658203
0.004068136215209961
0.003993511199951172
0.004019021987915039
0.004000663757324219
0.00399327278137207
0.003995180130004883
0.003998756408691406
0.004018545150756836
0.004001140594482422
0.004011869430541992
0.005001544952392578
0.004006385803222656
0.004011631011962891
0.003993988037109375
0.003992557525634766
0.004998683929443359
0.004014492034912109
0.005007743835449219
0.0039865970611572266
0.004007816314697266
0.00421452522277832
0.004008769989013672
0.00399470329284668
0.004999876022338867
0.00399327278137207
0.0040018558502197266
0.005066633224487305
0.003002166748046875
0.003985404968261719
0.005007505416870117
0.004001140594482422
0.0040264129638671875
0.00498199462890625
0.004000663757324219
0.00400233268737793
0.0040073394775390625
0.004980564117431641
0.004003286361694336
0.003996133804321289
0.004014730453491211
0.00398707389831543
0.004980802536010742
0.03099679946899414
0.006005525588989258
0.004003047943115234
0.004010677337646484
0.004007816314697266
0.0040166378021240234
0.00400090217590332
0.0040056705474853516
0.0040056705474853516
0.00499272346496582
0.003989458084106445
0.003988742828369141
0.004576683044433594
0.004069328308105469
0.0049970149993896484
0.003985881805419922
0.005000114440917969
0.004987239837646484
0.0039942264556884766
0.004988670349121094
0.0030126571655273438
0.004002094268798828
0.0040204524993896484
0.003982067108154297
0.004002571105957031
0.005569934844970703
0.005990743637084961
0.007250547409057617
0.0050127506256103516
0.0030088424682617188
0.004015445709228516
0.003988504409790039
0.003993988037109375
0.0039997100830078125
0.00500941276550293
0.00480341911315918
0.0030126571655273438
0.004020214080810547
0.004002094268798828
0.0040018558502197266
0.003982067108154297
0.004001617431640625
0.003995656967163086
0.036559104919433594
0.004007577896118164
0.0040013790130615234
0.00400853157043457
0.0050051212310791016
0.004019260406494141
0.0050008296966552734
0.003995180130004883
0.004002571105957031
0.0050051212310791016
0.004001140594482422
0.004601478576660156
0.00398564338684082
0.0040132999420166016
0.0060176849365234375
0.003995656967163086
0.004006624221801758
0.0030112266540527344
0.00500035285949707
0.0039865970611572266
0.0040018558502197266
0.004012346267700195
0.00598907470703125
0.005983829498291016
0.005013465881347656
0.004021644592285156
0.004015445709228516
0.00400853157043457
0.004019260406494141
0.005005598068237305
0.004396677017211914
0.004000425338745117
0.0049936771392822266
0.004019260406494141
0.004008293151855469
0.004988908767700195
0.00400090217590332
0.006021738052368164
0.00423431396484375
0.004666566848754883
0.004006385803222656
0.005006313323974609
0.0049953460693359375
0.004003047943115234
0.003982067108154297
0.0039937496185302734
0.0045664310455322266
0.0049898624420166016
0.00402069091796875
0.0050008296966552734
0.003988742828369141
0.004001617431640625
0.004992246627807617
0.0040187835693359375
0.004020214080810547
0.00400090217590332
0.003988981246948242
0.005989551544189453
0.004000663757324219
0.0040018558502197266
0.003988742828369141
0.0050013065338134766
0.004169940948486328
0.003983020782470703
0.0047724246978759766
0.003994464874267578
0.007817506790161133
0.006983280181884766
0.0047223567962646484
0.0039827823638916016
0.00618433952331543
0.005004167556762695
0.003999471664428711
0.003994464874267578
0.0039997100830078125
0.005013227462768555
0.004022359848022461
0.0035185813903808594
0.0040013790130615234
0.005021572113037109
0.004008769989013672
0.03755497932434082
0.0050013065338134766
0.0050008296966552734
0.0039937496185302734
0.004578590393066406
0.004019975662231445
0.004007577896118164
0.004993438720703125
0.0039865970611572266
0.03750205039978027
0.004009723663330078
0.006001710891723633
0.004008293151855469
0.004013538360595703
0.0036287307739257812
0.0049898624420166016
0.004019498825073242
0.00465846061706543
0.0039920806884765625
0.004994869232177734
0.004279613494873047
0.004021167755126953
0.006021022796630859
0.004174232482910156
0.003995180130004883
0.005558967590332031
0.004996299743652344
0.004985332489013672
0.0055999755859375
0.0040166378021240234
0.0036156177520751953
0.00401759147644043
0.004988908767700195
0.0039806365966796875
0.0040130615234375
0.003989458084106445
0.004172086715698242
0.004015445709228516
0.03800153732299805
0.004662990570068359
0.004001140594482422
0.004000425338745117
0.003988981246948242
0.00399327278137207
0.0040073394775390625
0.004010677337646484
0.004000663757324219
0.005001068115234375
0.0050089359283447266
0.00398564338684082
0.005007505416870117
0.004014015197753906
0.003994941711425781
0.005002498626708984
0.00400853157043457
0.0040130615234375
0.006020307540893555
0.00400090217590332
0.00400090217590332
0.0040018558502197266
0.0050013065338134766
0.004017353057861328
0.004012346267700195
0.004012346267700195
0.003998756408691406
0.005014181137084961
0.0045986175537109375
0.004017829895019531
0.003984928131103516
0.003987550735473633
0.003964424133300781
0.0049896240234375
0.0049932003021240234
0.004000425338745117
0.004988431930541992
0.004990100860595703
0.003988981246948242
0.004006862640380859
0.00400090217590332
0.00500035285949707
0.004996061325073242
0.003995418548583984
0.0037806034088134766
0.004000663757324219
0.004004001617431641
0.004017829895019531
0.004011869430541992
0.0049970149993896484
0.004007101058959961
0.005007505416870117
0.004012584686279297
0.005001068115234375
0.0040149688720703125
0.004008054733276367
0.004982471466064453
0.004998922348022461
0.004012346267700195
0.004995107650756836
0.004019260406494141
0.004001617431640625
0.004015922546386719
0.0040132999420166016
0.003986358642578125
0.004015207290649414
0.003987550735473633
0.0050013065338134766
0.004007816314697266
0.004007816314697266
0.005002260208129883
0.004017829895019531
0.004014015197753906
0.004007101058959961
0.003995418548583984
0.0039942264556884766
0.003996133804321289
0.004988431930541992
0.0040056705474853516
0.003981590270996094
0.004994869232177734
0.004007577896118164
0.004000663757324219
0.004997968673706055
0.004001140594482422
0.005986452102661133
0.003988742828369141
0.0040607452392578125
0.0039806365966796875
0.0040056705474853516
0.004001617431640625
0.003989458084106445
0.004995822906494141
0.003981113433837891
0.00399327278137207
0.0039958953857421875
0.00452113151550293
0.004992961883544922
0.004996538162231445
0.0040018558502197266
0.004019021987915039
0.004982471466064453
0.00500798225402832
0.004006862640380859
0.004010200500488281
0.00498199462890625
0.003983020782470703
0.003993034362792969
0.00402069091796875
0.00500178337097168
0.004170417785644531
0.003995656967163086
0.005000114440917969
0.004001617431640625
0.004015445709228516
0.004001140594482422
0.004001140594482422
0.00399470329284668
0.004014730453491211
0.005007743835449219
0.0039823055267333984
0.0040073394775390625
0.003989696502685547
0.00500035285949707
0.0049817562103271484
0.004995584487915039
0.005001068115234375
0.004995107650756836
0.004003047943115234
0.005013704299926758
0.003989696502685547
0.004001617431640625
0.004008054733276367
0.0040013790130615234
0.004014492034912109
0.003996133804321289
0.00400090217590332
0.004001617431640625
0.003997802734375
0.00400090217590332
0.0039865970611572266
0.00400090217590332
0.004013776779174805
0.004015207290649414
0.003993034362792969
0.003980398178100586
0.003545045852661133
0.005000591278076172
0.0060160160064697266
0.004007577896118164
0.0040130615234375
0.0040090084075927734
0.0045223236083984375
0.0039823055267333984
0.0040013790130615234
0.0050008296966552734
0.004002809524536133
0.004012107849121094
0.004010677337646484
0.005001544952392578
0.003983259201049805
0.004001140594482422
0.004994630813598633
0.004000186920166016
0.004014492034912109
0.0052721500396728516
0.004012584686279297
0.00401616096496582
0.004000425338745117
0.004137277603149414
0.005988597869873047
0.003989219665527344
0.00398707389831543
0.004020214080810547
0.005006313323974609
0.004007101058959961
0.004013776779174805
0.004022121429443359
0.004013538360595703
0.003994464874267578
0.003002166748046875
0.004009246826171875
0.003986358642578125
0.004002094268798828
0.006000995635986328
0.0040051937103271484
0.00400543212890625
0.004001140594482422
0.003983736038208008
0.00499415397644043
0.004006385803222656
0.0049893856048583984
0.00455164909362793
0.004009246826171875
0.004002571105957031
0.004002571105957031
0.0050084590911865234
0.003981113433837891
0.00400090217590332
0.004990100860595703
0.005997180938720703
0.00600123405456543
0.004012107849121094
0.004002094268798828
0.00400090217590332
0.005002021789550781
0.003989219665527344
0.005007743835449219
0.004987239837646484
0.004988193511962891
0.004995822906494141
0.004016399383544922
0.003993988037109375
0.0039942264556884766
0.004016399383544922
0.003983020782470703
0.003000497817993164
0.0048220157623291016
0.004983425140380859
0.004014730453491211
0.004003286361694336
0.004022121429443359
0.004989147186279297
0.0040013790130615234
0.004012584686279297
0.003998756408691406
0.00400233268737793
0.004004716873168945
0.00400090217590332
0.004000663757324219
0.004549980163574219
0.0037195682525634766
0.004008054733276367
0.003997802734375
0.004013776779174805
0.003988981246948242
0.004001140594482422
0.004001617431640625
0.0039942264556884766
0.004019737243652344
0.0040073394775390625
0.0039942264556884766
0.003983974456787109
0.003992557525634766
0.0049953460693359375
0.00598907470703125
0.003999948501586914
0.004008054733276367
0.003999233245849609
0.0040013790130615234
0.004007101058959961
0.003983974456787109
0.004006862640380859
0.0039937496185302734
0.005009174346923828
0.004006385803222656
0.004008054733276367
0.00400090217590332
0.00402069091796875
0.004006147384643555
0.004000425338745117
0.00402069091796875
0.003981351852416992
0.003520965576171875
0.004001140594482422
0.003987789154052734
0.004006385803222656
0.005002021789550781
0.0049822330474853516
0.004001617431640625
0.003994464874267578
0.0035390853881835938
0.03600931167602539
0.003984212875366211
0.005995035171508789
0.00526118278503418
0.0030012130737304688
0.005001068115234375
0.004999637603759766
0.003988742828369141
0.00401616096496582
0.005006551742553711
0.004982948303222656
0.0040132999420166016
0.004021644592285156
0.004019021987915039
0.00501561164855957
0.004000663757324219
0.005026817321777344
0.004994392395019531
0.003989458084106445
0.0050013065338134766
0.0035037994384765625
0.0040209293365478516
0.005000591278076172
0.0040111541748046875
0.0039997100830078125
0.004006147384643555
0.004022359848022461
0.004001617431640625
0.005020856857299805
0.003996133804321289
0.0040051937103271484
0.003989219665527344
0.0035572052001953125
0.0039942264556884766
0.004001140594482422
0.003993988037109375
0.0040128231048583984
0.0039958953857421875
0.004000663757324219
0.004986286163330078
0.003996133804321289
0.004001617431640625
0.003999948501586914
0.00399470329284668
0.003992795944213867
0.0059926509857177734
0.004010915756225586
0.007004976272583008
0.00577235221862793
0.004001617431640625
0.0040090084075927734
0.005001544952392578
0.004000663757324219
0.004990339279174805
0.004000425338745117
0.006006956100463867
0.004003763198852539
0.0040035247802734375
0.004006147384643555
0.0050013065338134766
0.004995822906494141
0.0049822330474853516
0.004742622375488281
0.0040056705474853516
0.004989147186279297
0.0040073394775390625
0.004003047943115234
0.004013538360595703
0.005002498626708984
0.03211021423339844
0.003995180130004883
0.004008054733276367
0.0039899349212646484
0.0040051937103271484
0.004000663757324219
0.0030198097229003906
0.004002094268798828
0.004984378814697266
0.003997325897216797
0.0040013790130615234
0.004998922348022461
0.004006385803222656
0.00400090217590332
0.004042625427246094
0.002995729446411133
0.00399470329284668
0.004007101058959961
0.00400090217590332
0.004000425338745117
0.00400090217590332
0.004003047943115234
0.004006624221801758
0.005008220672607422
0.003983259201049805
0.005986213684082031
0.0039942264556884766
0.0040130615234375
0.003987550735473633
0.004001140594482422
0.0039942264556884766
0.005018711090087891
0.003994941711425781
0.004000186920166016
0.004015445709228516
0.003995656967163086
0.004014253616333008
0.005011081695556641
0.004006147384643555
0.0050013065338134766
0.005003452301025391
0.00499415397644043
0.004014253616333008
0.005005836486816406
0.003992557525634766
0.003999233245849609
0.02851700782775879
0.0040130615234375
0.0040013790130615234
0.005009889602661133
0.0040018558502197266
0.005003452301025391
0.004007577896118164
0.0039958953857421875
0.0050008296966552734
0.004018545150756836
0.004989147186279297
0.004007577896118164
0.0060062408447265625
0.004994392395019531
0.004019737243652344
0.003988504409790039
0.003980875015258789
0.004008769989013672
0.004993438720703125
0.006541013717651367
0.005003929138183594
0.0040090084075927734
0.0050089359283447266
0.00500178337097168
0.00398564338684082
0.004990577697753906
0.004007101058959961
0.005019187927246094
0.003995418548583984
0.004232168197631836
0.005301952362060547
0.004993915557861328
0.005002260208129883
0.003983020782470703
0.004000663757324219
0.003993034362792969
0.004007577896118164
0.0029916763305664062
0.003994464874267578
0.0050008296966552734
0.005019664764404297
0.004015684127807617
0.004012107849121094
0.003993511199951172
0.004022121429443359
0.0039861202239990234
0.0039844512939453125
0.0049877166748046875
0.003998517990112305
