1.0327425003051758
1.1255946159362793
1.0458264350891113
1.0924913883209229
1.0274841785430908
1.1539630889892578
1.1847121715545654
1.0378787517547607
1.0752532482147217
1.1676247119903564
1.0655016899108887
1.0686814785003662
1.1448924541473389
1.0518908500671387
1.1086184978485107
1.2576708793640137
1.107060432434082
1.08247709274292
1.153012990951538
1.099799633026123
1.1001873016357422
1.1669416427612305
1.0851514339447021
1.0939218997955322
1.1548337936401367
1.0748193264007568
1.078557014465332
1.1446852684020996
1.0632941722869873
1.0846326351165771
1.188990592956543
1.1632790565490723
1.1112215518951416
1.2037081718444824
1.064857006072998
1.0813546180725098
1.1730594635009766
1.1397554874420166
1.0949981212615967
1.1913199424743652
1.069261074066162
1.1009182929992676
1.172745704650879
1.0954055786132812
1.1084587574005127
1.3174285888671875
1.9605448246002197
1.304020643234253
1.2341196537017822
1.1066584587097168
1.1600239276885986
1.2387785911560059
1.1113569736480713
1.3155369758605957
1.2748169898986816
1.1401615142822266
1.181879997253418
1.2308177947998047
1.1093339920043945
1.1714739799499512
1.222254991531372
1.1408298015594482
1.1019012928009033
1.1619794368743896
1.0595862865447998
1.118307113647461
1.2536671161651611
1.0899231433868408
1.093498706817627
1.1864163875579834
1.1327402591705322
1.1141834259033203
1.1619484424591064
1.0779740810394287
1.1038241386413574
1.1777896881103516
1.062279462814331
1.1030688285827637
1.194096565246582
1.071467638015747
1.1007766723632812
1.177908182144165
1.2185571193695068
1.1175482273101807
1.205991268157959
1.0924196243286133
1.1268854141235352
1.197291374206543
1.081650733947754
1.2258527278900146
1.2523698806762695
1.0959632396697998
1.2158997058868408
1.2284576892852783
1.088172197341919
1.1057579517364502
1.1807920932769775
1.095885992050171
1.2391579151153564
1.252373218536377
1.0863597393035889
1.1094932556152344
1.189143180847168
1.091315746307373
1.1058893203735352
1.174269676208496
1.0727126598358154
1.1166083812713623
1.1739106178283691
1.0793726444244385
1.1085193157196045
1.176842451095581
1.0654432773590088
1.101492166519165
1.1721444129943848
1.0922644138336182
1.107027292251587
1.1743881702423096
1.110701560974121
1.1995270252227783
1.1866557598114014
1.075253963470459
1.152986764907837
1.2082133293151855
1.1056547164916992
1.1230785846710205
1.1851997375488281
1.0975556373596191
1.1101434230804443
1.1819205284118652
1.07606840133667
1.1015422344207764
1.170421838760376
1.0666868686676025
1.0944488048553467
1.169154167175293
1.0693893432617188
1.1199734210968018
1.1651864051818848
1.0752170085906982
1.1053414344787598
1.176640510559082
1.070134162902832
1.0993432998657227
1.2078843116760254
1.073359489440918
1.097501277923584
1.1650645732879639
1.077423095703125
1.115086555480957
1.2100791931152344
1.077888011932373
1.1004903316497803
1.1705975532531738
1.0839593410491943
1.0986027717590332
1.1785974502563477
1.0774321556091309
1.1056716442108154
1.1729495525360107
1.094203233718872
1.115954875946045
1.171417474746704
1.078127384185791
1.1048552989959717
1.1749885082244873
1.0744445323944092
1.1132597923278809
1.1800200939178467
1.0787720680236816
1.1006276607513428
1.1780612468719482
1.0749893188476562
1.100752353668213
1.1674163341522217
1.07444429397583
1.114640235900879
1.1713554859161377
1.078660249710083
1.1059319972991943
1.183406114578247
1.0811567306518555
1.1060612201690674
1.1812207698822021
1.0813074111938477
1.0974457263946533
1.172964096069336
1.074636459350586
1.1053755283355713
1.1773886680603027
1.0741636753082275
1.1070401668548584
1.1723055839538574
1.0882198810577393
1.1083030700683594
1.1794564723968506
1.0995652675628662
1.1035661697387695
1.1813020706176758
1.0779829025268555
1.0999963283538818
1.1750271320343018
1.0797719955444336
1.1143944263458252
1.1848812103271484
1.0899956226348877
1.1212527751922607
1.1900665760040283
