0.004988431930541992
0.004012107849121094
0.0030007362365722656
0.005014657974243164
0.03299379348754883
0.005009651184082031
0.005013465881347656
0.005001544952392578
0.004987955093383789
0.005002260208129883
0.00501561164855957
0.003995180130004883
0.003982067108154297
0.0040056705474853516
0.0040149688720703125
0.004003047943115234
0.0049896240234375
0.0360260009765625
0.003988742828369141
0.004015922546386719
0.004014015197753906
0.0029947757720947266
0.004007101058959961
0.00429224967956543
0.00399327278137207
0.004019021987915039
0.004000663757324219
0.003993988037109375
0.004006624221801758
0.004994392395019531
0.004001617431640625
0.005002021789550781
0.0040013790130615234
0.004988908767700195
0.004008293151855469
0.003995418548583984
0.0049898624420166016
0.005013227462768555
0.0050008296966552734
0.004995584487915039
0.004993915557861328
0.004989147186279297
0.006020069122314453
0.004000425338745117
0.003993988037109375
0.005001068115234375
0.003992319107055664
0.004021406173706055
0.006001472473144531
0.0049974918365478516
0.0039997100830078125
0.004001140594482422
0.004000425338745117
0.005013227462768555
0.003998994827270508
0.00400233268737793
0.004003763198852539
0.03839921951293945
0.004988908767700195
0.00598907470703125
0.0050008296966552734
0.004995822906494141
0.0036211013793945312
0.0060214996337890625
0.006994009017944336
0.00400090217590332
0.005012035369873047
0.005022287368774414
0.003995418548583984
0.003995418548583984
0.004001140594482422
0.003988027572631836
0.03800082206726074
0.005013465881347656
0.005012989044189453
0.03200221061706543
0.005013704299926758
0.0040209293365478516
0.004995584487915039
0.03204607963562012
0.00600123405456543
0.036315202713012695
0.004006385803222656
0.0040132999420166016
0.03800201416015625
0.003992557525634766
0.03002476692199707
0.004018306732177734
0.003914356231689453
0.0040209293365478516
0.037988901138305664
0.004988908767700195
0.004007816314697266
0.0030007362365722656
0.00401759147644043
0.003999948501586914
0.005013704299926758
0.030307292938232422
0.00399017333984375
0.005002498626708984
0.030550718307495117
0.004016399383544922
0.005014896392822266
0.003982067108154297
0.004001140594482422
0.0029823780059814453
0.005001068115234375
0.005007505416870117
0.0039958953857421875
0.0040130615234375
0.006008625030517578
0.004002809524536133
0.004995584487915039
0.004000425338745117
0.004000663757324219
0.0040013790130615234
0.004996061325073242
0.003995180130004883
0.0039865970611572266
0.004518747329711914
0.003995418548583984
0.006020069122314453
0.004007577896118164
0.0040013790130615234
0.0039942264556884766
0.003988742828369141
0.004983425140380859
0.0030095577239990234
0.0039861202239990234
0.00400233268737793
0.0040073394775390625
0.003530263900756836
0.005997419357299805
0.006005525588989258
0.00401616096496582
0.0039827823638916016
0.003994464874267578
0.005013227462768555
0.004986763000488281
0.005011796951293945
0.0060062408447265625
0.003987312316894531
0.004013776779174805
0.0040130615234375
0.004002809524536133
0.004981279373168945
0.004019975662231445
0.004015207290649414
0.004990339279174805
0.005012989044189453
0.005999088287353516
0.0051822662353515625
0.005007266998291016
0.004000186920166016
0.0039958953857421875
0.004985332489013672
0.003995418548583984
0.004015207290649414
0.004000186920166016
0.004994392395019531
0.005095005035400391
0.0049936771392822266
0.004000663757324219
0.028989791870117188
0.003987312316894531
0.004002094268798828
0.003999948501586914
0.005006551742553711
0.003990888595581055
0.0040013790130615234
0.0040018558502197266
0.005990028381347656
0.003985881805419922
0.004015684127807617
0.003990650177001953
0.003986835479736328
0.003999471664428711
0.03577113151550293
0.004006624221801758
0.004987478256225586
0.005002021789550781
0.004000663757324219
0.004012584686279297
0.003993988037109375
0.0049915313720703125
0.004007816314697266
0.006005287170410156
0.004006385803222656
0.003991365432739258
0.004019260406494141
0.005001068115234375
0.006997585296630859
0.011015653610229492
0.009006738662719727
0.00400996208190918
0.0040018558502197266
0.003988742828369141
0.027995586395263672
0.005002021789550781
0.003988742828369141
0.003987312316894531
0.0050051212310791016
0.0039958953857421875
0.005001544952392578
0.003988504409790039
0.00500178337097168
0.005013227462768555
0.0040035247802734375
0.004988908767700195
0.005013227462768555
0.031003236770629883
0.00399327278137207
0.004013538360595703
0.004986763000488281
0.004986763000488281
0.003988027572631836
0.005014181137084961
0.030158519744873047
0.004988908767700195
0.0049970149993896484
0.005003213882446289
0.0040187835693359375
0.004009246826171875
0.0030143260955810547
0.003992319107055664
0.006000995635986328
0.0036547183990478516
0.0050165653228759766
0.004157304763793945
0.005014657974243164
0.005006074905395508
0.03701925277709961
0.0040130615234375
0.004984378814697266
0.004002094268798828
0.004007577896118164
0.003988742828369141
0.004007816314697266
0.0040018558502197266
0.00400233268737793
0.0049800872802734375
0.004004716873168945
0.003007650375366211
0.00600123405456543
0.004980564117431641
0.0039882659912109375
0.0049896240234375
0.004000663757324219
0.0039865970611572266
0.0310819149017334
0.003574371337890625
0.004003286361694336
0.0040149688720703125
0.005012989044189453
0.004000663757324219
0.004008054733276367
0.0040149688720703125
0.0039942264556884766
0.0039958953857421875
0.0040130615234375
0.004004716873168945
0.0035037994384765625
0.0040018558502197266
0.005001068115234375
0.003992557525634766
0.0039942264556884766
0.004994630813598633
0.004002094268798828
0.003992319107055664
0.005001544952392578
0.003987789154052734
0.0040035247802734375
0.0040130615234375
0.00499415397644043
0.004995584487915039
0.005008220672607422
0.005002737045288086
0.003994941711425781
0.003995418548583984
0.0039997100830078125
0.004003286361694336
0.004324197769165039
0.004982709884643555
0.00400090217590332
0.004008769989013672
0.03752851486206055
0.00400090217590332
0.004981040954589844
0.004015207290649414
0.004000663757324219
0.0039937496185302734
0.004014015197753906
0.003999233245849609
0.003989458084106445
0.005997180938720703
0.004001140594482422
0.004015207290649414
0.004015207290649414
0.0040130615234375
0.005018949508666992
0.0058956146240234375
0.00403594970703125
0.004013538360595703
0.004008054733276367
0.003987789154052734
0.03799605369567871
0.004596233367919922
0.005001068115234375
0.004000425338745117
0.003994941711425781
0.003999233245849609
0.004019975662231445
0.006982088088989258
0.006003618240356445
0.003995418548583984
0.0050029754638671875
0.004995822906494141
0.0030150413513183594
0.004991292953491211
0.0040128231048583984
0.0039865970611572266
0.003537416458129883
0.003995656967163086
0.0050084590911865234
0.00601506233215332
0.003983259201049805
0.028014421463012695
0.031495094299316406
0.005001068115234375
0.004994392395019531
0.005007028579711914
0.0059888362884521484
0.005002021789550781
0.005005836486816406
0.003995656967163086
0.004995107650756836
0.00400090217590332
0.0039937496185302734
0.004988670349121094
0.00400090217590332
0.0040013790130615234
0.004001617431640625
0.0049991607666015625
0.00500941276550293
0.004001140594482422
0.004009723663330078
0.0041387081146240234
0.004000186920166016
0.004014492034912109
0.004015207290649414
0.004000186920166016
0.003000497817993164
0.005006551742553711
0.00402069091796875
0.0039942264556884766
0.003999471664428711
0.004007816314697266
0.005017995834350586
0.004998445510864258
0.003988742828369141
0.004002571105957031
0.0039942264556884766
0.0040187835693359375
0.003994464874267578
0.003995656967163086
0.005001068115234375
0.005002260208129883
0.004016399383544922
0.0040130615234375
0.006000995635986328
0.0046329498291015625
0.004019260406494141
0.0049896240234375
0.00598907470703125
0.005980253219604492
0.00399470329284668
0.003999948501586914
0.0039937496185302734
0.005555391311645508
0.0029883384704589844
0.004002571105957031
0.004010915756225586
0.005010366439819336
0.004012346267700195
0.004006624221801758
0.0049915313720703125
0.00500035285949707
0.0040013790130615234
0.032007694244384766
0.004994869232177734
0.04500937461853027
0.004539966583251953
0.004981040954589844
0.00500798225402832
0.037027835845947266
0.03602743148803711
0.0050201416015625
0.005014181137084961
0.03254818916320801
0.0070078372955322266
0.004001140594482422
0.03600645065307617
0.004017829895019531
0.005038261413574219
0.0039823055267333984
0.006732463836669922
0.0059773921966552734
0.004007816314697266
0.005021333694458008
0.006007671356201172
0.004000663757324219
0.0051691532135009766
0.004015922546386719
0.005000591278076172
0.007001399993896484
0.046029090881347656
