1.0954062938690186
1.1301758289337158
1.1958050727844238
1.1006360054016113
1.1480743885040283
1.1587014198303223
1.109508752822876
1.1586804389953613
1.1681175231933594
1.103203535079956
1.1477687358856201
1.1790714263916016
1.1069934368133545
1.1572480201721191
1.1683905124664307
1.1005399227142334
1.1401188373565674
1.1549625396728516
1.0947701930999756
1.1440160274505615
1.1582138538360596
1.0991618633270264
1.1352415084838867
1.1406927108764648
1.1293220520019531
1.1179492473602295
1.1899983882904053
1.088940143585205
1.1536412239074707
1.151078462600708
1.0851104259490967
1.191486120223999
1.1090426445007324
1.1721594333648682
1.160172939300537
1.0943689346313477
1.152273416519165
1.1654703617095947
1.1051044464111328
1.1636326313018799
1.4619805812835693
1.798689603805542
1.3611493110656738
1.2251348495483398
1.1404287815093994
1.2589972019195557
1.1443803310394287
1.216155767440796
1.2068240642547607
1.1848256587982178
1.216658115386963
1.2151849269866943
1.1802477836608887
1.2362096309661865
1.2505285739898682
1.1928856372833252
1.203606128692627
1.1871883869171143
1.196087121963501
1.2097809314727783
1.1041209697723389
1.1608576774597168
1.1676099300384521
1.1168408393859863
1.1666748523712158
1.2147839069366455
1.1282179355621338
1.1614007949829102
1.1983511447906494
1.112966775894165
1.1458420753479004
1.16804838180542
1.0902254581451416
1.2048726081848145
1.1181683540344238
1.1661715507507324
1.183393955230713
1.1272289752960205
1.1710546016693115
1.1715476512908936
1.1117360591888428
1.1501736640930176
1.162654161453247
1.1237211227416992
1.1692349910736084
1.2714142799377441
1.1208407878875732
1.3168456554412842
1.1397430896759033
1.1793999671936035
1.2143423557281494
1.1420702934265137
1.1984143257141113
1.1980702877044678
1.1483266353607178
1.1753387451171875
1.2089910507202148
1.1457664966583252
1.1804616451263428
1.2100863456726074
1.1140656471252441
1.2249257564544678
1.1245317459106445
1.1569762229919434
1.1654655933380127
1.1175975799560547
1.151881456375122
1.1813151836395264
1.1526970863342285
1.2654023170471191
1.1932687759399414
1.1182317733764648
1.2236225605010986
1.1903417110443115
1.1239545345306396
1.2558770179748535
1.1269402503967285
1.2013230323791504
1.1892871856689453
1.1099340915679932
1.1580085754394531
1.1872751712799072
1.106318473815918
1.167222261428833
1.1940703392028809
1.140671968460083
1.1579887866973877
1.2034311294555664
1.1043000221252441
1.2228355407714844
1.1324536800384521
1.156637191772461
1.1720969676971436
1.1156153678894043
1.1610498428344727
1.181539535522461
1.1115553379058838
1.1647167205810547
1.2157549858093262
1.127518653869629
1.162377119064331
1.183598518371582
1.1121835708618164
1.2196710109710693
1.2273175716400146
1.182450294494629
1.1898632049560547
1.1635079383850098
1.2097280025482178
1.192603588104248
1.1369349956512451
1.178130865097046
1.2024283409118652
1.2254047393798828
1.169825792312622
1.1901228427886963
1.1497523784637451
1.2295567989349365
1.1332924365997314
1.1848578453063965
1.187636375427246
1.128535270690918
1.188101053237915
1.187253475189209
1.2273664474487305
1.200157642364502
1.1894588470458984
1.1235721111297607
1.2227964401245117
1.1902170181274414
1.1064114570617676
1.2313904762268066
1.1565277576446533
1.2786786556243896
1.199143409729004
1.1213963031768799
1.1783356666564941
1.2298777103424072
1.1290218830108643
1.2275798320770264
1.1992111206054688
1.1239726543426514
1.1727781295776367
1.1873071193695068
1.1596643924713135
1.2159557342529297
1.127507209777832
1.184892177581787
1.1910293102264404
1.125040054321289
1.2053790092468262
1.2214760780334473
1.1317133903503418
1.1763668060302734
1.2193827629089355
1.1674561500549316
1.1735873222351074
1.1949334144592285
1.1354773044586182
1.2383062839508057
1.1460301876068115
1.1792728900909424
1.1928915977478027
1.113419771194458
1.1633286476135254
1.171879768371582
1.1080350875854492
1.2282710075378418
1.2004804611206055
1.117232322692871
1.1999802589416504
1.1935617923736572
1.0986475944519043
1.2172009944915771
1.1212821006774902
1.1676239967346191
1.1740262508392334
1.12019944190979
1.1643526554107666
1.1740591526031494
1.116309404373169
1.1735246181488037
1.1837022304534912
1.120199203491211
1.1716961860656738
1.1845424175262451
1.1135544776916504
1.144787311553955
1.1600666046142578
1.1436405181884766
1.1286342144012451
1.2172389030456543
1.1146643161773682
1.1603541374206543
1.1512036323547363
1.1585838794708252
1.1421866416931152
1.2260472774505615
1.1272141933441162
1.1501405239105225
1.164893388748169
1.2044529914855957
1.1979117393493652
1.2526583671569824
1.153066873550415
1.1724183559417725
1.1669821739196777
1.1747379302978516
1.1637356281280518
1.2491178512573242
1.1320054531097412
1.1673862934112549
1.1705546379089355
1.1680676937103271
1.1583023071289062
1.22108793258667
1.1320784091949463
1.1792912483215332
1.1602413654327393
1.1647908687591553
1.1520509719848633
1.2322897911071777
1.1280763149261475
1.163562297821045
1.168595790863037
1.1700725555419922
1.1515672206878662
1.224958896636963
1.1274003982543945
1.1673583984375
1.1598072052001953
1.1738927364349365
1.146291732788086
1.228013277053833
1.139953851699829
1.1909596920013428
1.1791999340057373
1.1654269695281982
1.1491084098815918
1.2293007373809814
1.1403164863586426
1.176252841949463
1.1787915229797363
1.1765546798706055
1.154245138168335
1.2746636867523193
1.1347641944885254
1.182103157043457
1.1607544422149658
1.1663377285003662
1.1416511535644531
1.233001947402954
1.133267879486084
1.1726665496826172
1.1848835945129395
1.1825664043426514
1.1569936275482178
1.228708267211914
1.139549732208252
1.1640801429748535
1.1604297161102295
1.1568849086761475
1.1494438648223877
1.2307302951812744
1.1125602722167969
1.1613497734069824
1.166008472442627
1.153644323348999
1.1387145519256592
1.2343940734863281
1.1368556022644043
1.1694633960723877
1.1687114238739014
1.1695163249969482
1.1605896949768066
1.2423903942108154
1.142552137374878
1.1982426643371582
1.1737968921661377
1.1653518676757812
1.1744194030761719
1.2371103763580322
1.1496460437774658
1.1652300357818604
1.170633316040039
1.1735153198242188
1.1587765216827393
1.2243025302886963
1.1365442276000977
1.1714928150177002
1.1742208003997803
1.1730272769927979
1.1827750205993652
1.2705273628234863
1.1756250858306885
1.1766777038574219
1.1733829975128174
1.2322449684143066
1.2243027687072754
1.2209646701812744
1.1329514980316162
1.1713857650756836
1.1663172245025635
1.1954560279846191
1.192944049835205
1.2366828918457031
1.1360163688659668
1.1975395679473877
1.2184169292449951
1.216003179550171
1.162825107574463
1.2450904846191406
1.1435377597808838
1.1842443943023682
1.1803717613220215
1.1596639156341553
1.155484914779663
1.2282295227050781
1.138134241104126
1.1646699905395508
1.1682062149047852
1.1643195152282715
1.1521873474121094
1.2265980243682861
1.1232805252075195
1.1623766422271729
1.1678078174591064
1.164794683456421
1.1425135135650635
1.2279224395751953
1.1352217197418213
1.1659846305847168
1.168182373046875
1.177565336227417
1.1505274772644043
1.2252564430236816
1.1420903205871582
1.1754310131072998
1.1651685237884521
1.1554253101348877
1.1494452953338623
1.2326035499572754
1.1643486022949219
1.171351432800293
1.1712379455566406
1.1657655239105225
1.1518242359161377
1.2319493293762207
1.131485939025879
1.1768248081207275
1.1645417213439941
1.1669390201568604
1.1565964221954346
1.2480974197387695
1.1386258602142334
1.1692979335784912
1.1767849922180176
1.174433708190918
1.1642777919769287
1.25691819190979
1.1291120052337646
1.1726791858673096
1.1638803482055664
1.1623620986938477
1.1567673683166504
1.2258434295654297
1.1312332153320312
1.1736996173858643
1.1782646179199219
1.1645848751068115
1.1610455513000488
1.2250874042510986
1.125659465789795
1.1685891151428223
1.1625251770019531
1.1672067642211914
1.1625754833221436
1.2369208335876465
1.162787914276123
1.1579067707061768
1.1749804019927979
1.1576151847839355
1.1513347625732422
1.2275190353393555
1.1332921981811523
1.1762759685516357
1.1623780727386475
1.1733293533325195
1.1387336254119873
1.232889175415039
1.1304380893707275
1.1792900562286377
1.1764371395111084
1.1712205410003662
1.1462039947509766
1.2296042442321777
1.1265196800231934
1.165804147720337
1.1704466342926025
1.1592648029327393
1.1644959449768066
1.2445530891418457
1.1259524822235107
1.165189266204834
1.17315673828125
1.1666014194488525
1.15240478515625
1.2271137237548828
1.1204705238342285
1.1876370906829834
1.1734294891357422
1.1642661094665527
1.147399663925171
1.2419915199279785
1.1261916160583496
1.1705636978149414
1.1676864624023438
1.165708065032959
1.1506409645080566
1.2281677722930908
1.1242804527282715
1.1604037284851074
1.1653671264648438
1.1717982292175293
1.1531829833984375
1.2437543869018555
1.12984037399292
1.209455966949463
1.1686484813690186
1.1690340042114258
1.1494414806365967
1.2358155250549316
1.1225357055664062
1.1688201427459717
1.1654644012451172
1.1622886657714844
1.143118143081665
1.2432751655578613
1.129368543624878
1.1746647357940674
1.1672942638397217
1.1691060066223145
1.1453509330749512
1.2319233417510986
1.134873390197754
1.178358554840088
1.1702497005462646
1.1653203964233398
1.1576769351959229
1.2458407878875732
1.1276698112487793
1.1719286441802979
1.1634464263916016
1.1689519882202148
1.158254861831665
1.2290666103363037
1.1338965892791748
1.1717782020568848
1.1641690731048584
1.1585943698883057
1.1491153240203857
1.2376563549041748
1.1287055015563965
1.1678149700164795
1.1677353382110596
1.1776103973388672
1.1543490886688232
1.2520813941955566
1.1312956809997559
1.1719200611114502
1.1777667999267578
1.1606764793395996
1.1506409645080566
1.2372779846191406
1.1301753520965576
1.1711091995239258
1.1799604892730713
1.1698334217071533
1.14442777633667
1.2412536144256592
1.1326539516448975
1.1858735084533691
1.1684372425079346
1.168605089187622
1.1549062728881836
1.2354965209960938
1.130042314529419
1.181264877319336
1.1824617385864258
1.1671743392944336
1.1563503742218018
1.2283437252044678
1.1377434730529785
1.16707444190979
1.1658217906951904
1.1588127613067627
1.163280963897705
1.2319202423095703
1.1247649192810059
1.1735522747039795
1.1768016815185547
1.3193018436431885
1.554081678390503
1.3816094398498535
1.1869959831237793
1.2125818729400635
1.172044038772583
1.1675024032592773
1.1582441329956055
1.2433149814605713
1.174009084701538
1.1758766174316406
1.1831343173980713
1.173898458480835
1.1572091579437256
1.2391741275787354
1.141782283782959
1.1695759296417236
1.1695737838745117
1.1713504791259766
1.164055347442627
1.239647626876831
1.1361899375915527
1.1743717193603516
1.1992487907409668
1.1717431545257568
1.1623501777648926
1.2429611682891846
1.1484599113464355
1.1761829853057861
1.1788368225097656
1.1843688488006592
1.1690657138824463
1.2503681182861328
1.1450586318969727
1.1928999423980713
1.1796011924743652
1.184661865234375
1.1720094680786133
1.243312120437622
1.137284278869629
1.177454948425293
1.179196834564209
1.189805030822754
1.158750295639038
1.243474006652832
1.1328508853912354
1.17942214012146
1.174870252609253
1.178356647491455
1.163712501525879
1.2475354671478271
1.130953073501587
1.1792542934417725
1.1842451095581055
1.1841559410095215
1.1639862060546875
1.2457752227783203
1.1724376678466797
1.1949832439422607
1.223940372467041
1.1902399063110352
1.1555006504058838
1.2427895069122314
1.1386842727661133
1.1758220195770264
1.1709020137786865
1.189424753189087
1.1617400646209717
1.24550199508667
1.1429674625396729
1.1801493167877197
1.1750001907348633
1.1810314655303955
1.1630115509033203
1.226633071899414
1.1300389766693115
1.171628475189209
1.1779794692993164
1.171252727508545
1.152559518814087
1.2499675750732422
1.1270618438720703
1.1811742782592773
1.1667556762695312
1.1714398860931396
1.1571168899536133
1.2384819984436035
1.1402790546417236
1.17411470413208
1.1693129539489746
1.1708941459655762
1.1593544483184814
1.24009108543396
1.140798568725586
1.174276351928711
1.178023338317871
1.167238712310791
1.1749320030212402
1.24019193649292
1.1393191814422607
1.1626369953155518
1.189925193786621
1.1732301712036133
1.1611742973327637
1.239142656326294
1.14864182472229
1.1762304306030273
1.1705119609832764
1.172895908355713
1.1560285091400146
1.2346692085266113
1.132481575012207
1.1822283267974854
1.1816799640655518
1.1729626655578613
1.1545822620391846
1.2464888095855713
1.1478590965270996
1.1695539951324463
1.1824607849121094
1.1741037368774414
1.170827865600586
1.2425298690795898
1.139216661453247
1.1841895580291748
1.1823334693908691
1.1681408882141113
1.1678259372711182
1.2477681636810303
1.138225793838501
1.2002387046813965
1.1770331859588623
1.1726956367492676
1.159299612045288
1.245638132095337
1.1410481929779053
1.180129051208496
1.1827726364135742
1.1775529384613037
1.159592628479004
1.2609961032867432
1.1330626010894775
1.1880333423614502
1.1810386180877686
1.185471773147583
1.163834810256958
1.2431354522705078
1.144005537033081
1.1831817626953125
1.179610252380371
1.174858570098877
1.1657447814941406
1.2539186477661133
1.1471569538116455
1.18605637550354
1.1758654117584229
1.1715385913848877
1.164370059967041
1.242480754852295
1.1388506889343262
1.1846075057983398
1.1803958415985107
1.1712660789489746
1.1727879047393799
1.2386634349822998
1.1423702239990234
1.1726593971252441
1.1741175651550293
1.1694509983062744
1.1635732650756836
1.25486421585083
1.1481618881225586
1.1776673793792725
1.1962289810180664
1.1791980266571045
1.1624524593353271
1.245114803314209
1.1489558219909668
1.181549072265625
1.1758625507354736
1.1789836883544922
