0.00500178337097168
0.0050013065338134766
0.00399470329284668
0.003998279571533203
0.03300786018371582
0.005002260208129883
0.005015373229980469
0.004996538162231445
0.00500178337097168
0.004000663757324219
0.005002737045288086
0.028992176055908203
0.004001617431640625
0.004000663757324219
0.004003047943115234
0.004547834396362305
0.0039882659912109375
0.004000425338745117
0.004000425338745117
0.004002809524536133
0.004008769989013672
0.003657102584838867
0.004002094268798828
0.0060710906982421875
0.004000425338745117
0.003999471664428711
0.004000425338745117
0.00506901741027832
0.003998994827270508
0.0050144195556640625
0.006001710891723633
0.03108525276184082
0.003998994827270508
0.0051724910736083984
0.0040950775146484375
0.005015373229980469
0.00500178337097168
0.005007028579711914
0.003995180130004883
0.0038411617279052734
0.004006862640380859
0.005000591278076172
0.03801131248474121
0.005002021789550781
0.0040035247802734375
0.0040132999420166016
0.005000591278076172
0.0040013790130615234
0.005001544952392578
0.0049932003021240234
0.00400090217590332
0.007997512817382812
0.004002094268798828
0.00400090217590332
0.0050008296966552734
0.004000425338745117
0.005001544952392578
0.004988193511962891
0.005999565124511719
0.005002021789550781
0.009534835815429688
0.006001710891723633
0.004003286361694336
0.0050013065338134766
0.004002094268798828
0.0040013790130615234
0.005000114440917969
0.0030007362365722656
0.00400090217590332
0.004000186920166016
0.005002021789550781
0.00400233268737793
0.0040149688720703125
0.005002498626708984
0.004599809646606445
0.004000425338745117
0.004993438720703125
0.0050013065338134766
0.005092144012451172
0.003995418548583984
0.005015134811401367
0.00400090217590332
0.03808784484863281
0.004001140594482422
0.00500178337097168
0.003977060317993164
0.00400090217590332
0.0040018558502197266
0.03582024574279785
0.004001617431640625
0.004002571105957031
0.00500178337097168
0.0050029754638671875
0.0060155391693115234
0.005993843078613281
0.004000663757324219
0.004002094268798828
0.004999876022338867
0.004001140594482422
0.0049991607666015625
0.004995107650756836
0.005014896392822266
0.004002571105957031
0.003983497619628906
0.004002094268798828
0.004544258117675781
0.0039179325103759766
0.0040149688720703125
0.004996299743652344
0.0050008296966552734
0.005000114440917969
0.005044460296630859
0.004001140594482422
0.003994941711425781
0.03152751922607422
0.031005859375
0.0049860477447509766
0.0304262638092041
0.03900885581970215
0.004001140594482422
0.004061460494995117
0.003987312316894531
0.004000186920166016
0.004014492034912109
0.004007577896118164
0.004016399383544922
0.004002094268798828
0.0039958953857421875
0.005143165588378906
0.004001140594482422
0.0036971569061279297
0.004135847091674805
0.003986835479736328
0.00400233268737793
0.029999971389770508
0.00500035285949707
0.003987550735473633
0.004001617431640625
0.004027605056762695
0.003999948501586914
0.00400090217590332
0.005001068115234375
0.005002021789550781
0.0040013790130615234
0.0040018558502197266
0.004008293151855469
0.004019260406494141
0.004015207290649414
0.003994941711425781
0.00398707389831543
0.006001949310302734
0.003999233245849609
0.004000663757324219
0.004999876022338867
0.0040128231048583984
0.003988504409790039
0.004015684127807617
0.005987405776977539
0.004001140594482422
0.005002021789550781
0.003993034362792969
0.004009246826171875
0.00400853157043457
0.0040013790130615234
0.00500178337097168
0.004000425338745117
0.004006862640380859
0.00400090217590332
0.004007101058959961
0.005000591278076172
0.004988908767700195
0.005995035171508789
0.004013538360595703
0.006457328796386719
0.004000425338745117
0.00600886344909668
0.003988981246948242
0.003994941711425781
0.004000663757324219
0.004001140594482422
0.005001068115234375
0.004995107650756836
0.004000425338745117
0.004001140594482422
0.004010677337646484
0.003989219665527344
0.004008054733276367
0.0040018558502197266
0.00400543212890625
0.003983020782470703
0.005133152008056641
0.005995512008666992
0.004006862640380859
0.0039958953857421875
0.004992008209228516
0.0050008296966552734
0.0040013790130615234
0.005001068115234375
0.005001068115234375
0.0038805007934570312
0.005007505416870117
0.03300809860229492
0.03270745277404785
0.00400996208190918
0.04501008987426758
0.004000425338745117
0.00500798225402832
0.04599738121032715
