10.93168830871582
11.581273794174194
10.933140993118286
11.418937921524048
10.129897356033325
12.62582015991211
10.799572706222534
11.514896631240845
10.781990051269531
10.970716714859009
11.4907705783844
10.915350437164307
12.532445192337036
11.131470680236816
11.977019548416138
11.803903818130493
11.79034686088562
12.81217360496521
12.29386591911316
11.105495929718018
11.6326162815094
11.639315366744995
14.564098834991455
11.080846309661865
13.095048189163208
13.197979211807251
13.101301193237305
12.956092596054077
12.241022109985352
14.03901720046997
12.686021327972412
13.576801776885986
14.615761995315552
13.32192349433899
13.08417820930481
13.197314977645874
12.77534818649292
15.414360046386719
11.096755504608154
15.961513996124268
13.73146104812622
11.842795372009277
15.623137950897217
13.446217775344849
14.169463872909546
15.77333378791809
11.645842552185059
15.465795993804932
14.01390027999878
14.861600399017334
12.888798236846924
13.837844848632812
12.576216459274292
11.972853422164917
11.386084079742432
11.354433059692383
10.017756700515747
10.781171083450317
10.305461406707764
11.114876985549927
11.500865459442139
12.426786661148071
11.080089092254639
11.652482986450195
10.514380931854248
10.627661228179932
12.14597225189209
12.299506187438965
11.165150880813599
11.204143285751343
10.609609365463257
14.68466067314148
8.876957178115845
11.92281198501587
