11.569612264633179
8.850857019424438
8.70607328414917
8.84346866607666
8.841912746429443
8.521498203277588
9.038756608963013
9.206884384155273
8.794102907180786
9.199511051177979
8.908514261245728
9.115445613861084
9.151882648468018
8.72077989578247
9.32280945777893
9.112751245498657
9.700421571731567
9.187774419784546
9.914880752563477
9.855436563491821
9.987332820892334
10.36461091041565
10.781815528869629
9.550333976745605
10.358755826950073
9.492636442184448
11.593730211257935
9.864303350448608
10.922170877456665
10.661454200744629
11.358592748641968
11.562542200088501
10.898680448532104
11.059832572937012
12.094631910324097
10.89695692062378
12.016200304031372
10.73746395111084
13.12155294418335
12.643880605697632
11.128914833068848
11.491485595703125
11.169530153274536
10.48084831237793
10.833706378936768
12.99861192703247
13.238096952438354
14.033037185668945
9.843653917312622
11.077818155288696
11.93777060508728
12.284099817276001
11.029388189315796
12.863552331924438
11.902566194534302
14.746806144714355
9.771180868148804
11.608377933502197
14.787368774414062
8.923177003860474
17.254839420318604
9.550333738327026
14.996237516403198
10.515592336654663
11.929445028305054
13.64661979675293
12.719939470291138
10.106322288513184
13.82936429977417
16.125253915786743
8.710817575454712
16.459580183029175
10.798129796981812
12.43105411529541
10.145625352859497
12.898608446121216
11.745893716812134
14.382331132888794
12.099199771881104
11.911242961883545
14.902509450912476
