10.134254455566406
9.440622091293335
9.361305713653564
10.253313541412354
9.198534727096558
9.918607473373413
9.32044768333435
9.649237632751465
11.310958862304688
10.098225355148315
10.075397491455078
10.335785388946533
10.06134557723999
10.735662937164307
10.774912118911743
10.29001498222351
11.021419286727905
10.846486330032349
10.497890949249268
10.855107545852661
11.086101055145264
11.009725093841553
10.665858030319214
11.127317190170288
11.157286167144775
11.368920087814331
11.534956216812134
11.946306228637695
12.911882638931274
12.099857807159424
10.926262140274048
13.353795528411865
12.107496500015259
13.336377620697021
10.598296642303467
12.941725492477417
12.173189401626587
13.582949161529541
13.174161672592163
15.197604179382324
11.072523355484009
12.514910697937012
13.978715419769287
13.254941463470459
14.258182525634766
12.530099153518677
13.593902349472046
11.83028268814087
15.118515014648438
13.79662799835205
13.394434690475464
12.823323726654053
15.611382722854614
11.146787881851196
14.531027793884277
14.83632493019104
13.026867389678955
12.184383630752563
12.180575370788574
13.749268770217896
16.101792335510254
11.306044101715088
14.467524528503418
9.9598228931427
15.230623245239258
15.933993577957153
14.202638149261475
12.453574419021606
14.037043333053589
18.511513710021973
12.639467716217041
13.397699356079102
18.217791080474854
10.655607461929321
