12.638177394866943
11.048261404037476
11.150634527206421
11.001847267150879
10.646972417831421
11.818602800369263
13.001163721084595
10.962017059326172
10.518131732940674
12.869462251663208
11.549673795700073
11.846130132675171
11.77199649810791
12.799755573272705
11.921091318130493
12.525589942932129
11.591044664382935
13.517600774765015
13.727039575576782
12.139534950256348
13.088230848312378
14.401355028152466
10.230932474136353
14.666128396987915
13.994965553283691
12.612659931182861
16.129398822784424
10.448399543762207
15.146133422851562
11.582983016967773
13.972264528274536
12.609362125396729
14.328117609024048
12.573848009109497
13.19372844696045
11.805739641189575
15.157084941864014
12.699467182159424
13.246243953704834
13.828933000564575
13.57962679862976
13.350828170776367
14.944352626800537
14.632089853286743
14.683123350143433
13.284592390060425
15.244563817977905
14.77527141571045
13.003413438796997
12.304287195205688
11.911248683929443
10.57257866859436
16.501430988311768
10.203856945037842
9.292243957519531
9.226656198501587
17.074070930480957
11.800386905670166
9.165972232818604
13.74116826057434
16.13043737411499
9.512871742248535
9.015746116638184
15.309531927108765
14.528131008148193
9.105637788772583
13.06090497970581
17.89918041229248
9.646564483642578
9.315487146377563
12.486793518066406
