0.0
0.0029993057250976562
0.0029981136322021484
0.0030019283294677734
0.002191781997680664
0.014124155044555664
0.0019986629486083984
0.003207683563232422
0.006002664566040039
0.002313852310180664
0.0030035972595214844
0.003001689910888672
0.0020079612731933594
0.018111467361450195
0.036614179611206055
0.0030002593994140625
0.005001544952392578
0.018067121505737305
0.004217386245727539
0.004114389419555664
0.003000020980834961
0.01300048828125
0.003271341323852539
0.0029985904693603516
0.019690513610839844
0.005001068115234375
0.005000591278076172
0.00995492935180664
0.005002737045288086
0.005003213882446289
0.005001068115234375
0.0070035457611083984
0.019045591354370117
0.005000591278076172
0.03227806091308594
0.023731231689453125
0.0059986114501953125
0.01200246810913086
0.0058422088623046875
0.003989696502685547
0.013991832733154297
0.013002634048461914
0.023011207580566406
0.008270025253295898
0.009996891021728516
0.006001710891723633
0.01002192497253418
0.007553577423095703
0.009054899215698242
0.01300501823425293
0.021007537841796875
0.015001058578491211
0.010002613067626953
0.055002450942993164
0.010016202926635742
0.027005672454833984
0.011004447937011719
0.020014286041259766
0.011011600494384766
0.010003805160522461
0.14910435676574707
0.011534929275512695
0.021297216415405273
0.01222085952758789
0.01100611686706543
0.024498701095581055
0.013003110885620117
0.025009870529174805
0.027004003524780273
0.02799081802368164
0.014010906219482422
0.025647640228271484
0.015032529830932617
0.01914358139038086
