0.012000560760498047
0.011971473693847656
0.010519027709960938
0.012007951736450195
0.009999752044677734
0.009999990463256836
0.014002799987792969
0.014002561569213867
0.0127716064453125
0.0535733699798584
0.015003204345703125
0.013002157211303711
0.01905965805053711
0.016995906829833984
0.018004179000854492
0.015916824340820312
0.017019987106323242
0.014007329940795898
0.013003349304199219
0.014930963516235352
0.036550283432006836
0.03047800064086914
0.06561946868896484
0.01702284812927246
0.013942480087280273
0.019008398056030273
0.024113893508911133
0.09274601936340332
0.04421544075012207
0.03409218788146973
0.02236199378967285
0.020875215530395508
0.017041683197021484
0.020039081573486328
0.0432586669921875
0.02402520179748535
0.018979549407958984
0.037004947662353516
0.0162661075592041
0.021023273468017578
0.06801939010620117
0.038193702697753906
0.020017147064208984
0.03701210021972656
0.02008509635925293
0.030054569244384766
0.04713082313537598
0.0209808349609375
0.0340578556060791
0.03658914566040039
0.026009321212768555
0.057985544204711914
0.020005464553833008
0.01800847053527832
0.020264148712158203
0.021010398864746094
0.03501176834106445
0.024054527282714844
0.02472519874572754
0.01802825927734375
0.01750802993774414
0.0172121524810791
0.02003931999206543
0.019007444381713867
0.03638577461242676
0.03527045249938965
0.017813682556152344
0.022051572799682617
0.0271298885345459
0.03403449058532715
0.019198894500732422
0.018016576766967773
0.027086734771728516
0.01729869842529297
