0.0
0.003002166748046875
0.0029959678649902344
0.0026848316192626953
0.0017714500427246094
0.003209352493286133
0.004000186920166016
0.0030019283294677734
0.0030045509338378906
0.0029942989349365234
0.002985715866088867
0.007995367050170898
0.0030014514923095703
0.003000497817993164
0.0030188560485839844
0.004005908966064453
0.0029897689819335938
0.0070002079010009766
0.0026268959045410156
0.003431081771850586
0.0030024051666259766
0.003092527389526367
0.003981590270996094
0.004002094268798828
0.00700831413269043
0.00852060317993164
0.00800180435180664
0.004003047943115234
0.0059926509857177734
0.004002571105957031
0.013996362686157227
0.007000446319580078
0.016916275024414062
0.009041309356689453
0.005002260208129883
0.0039997100830078125
0.004000425338745117
0.003998756408691406
0.006001472473144531
0.004003286361694336
0.005003929138183594
0.0050029754638671875
0.00400853157043457
0.00400090217590332
0.004987955093383789
0.008681774139404297
0.005045175552368164
0.016049623489379883
0.008004188537597656
0.006340742111206055
0.009001016616821289
0.010562658309936523
0.016046762466430664
0.02476024627685547
0.008594989776611328
0.010016918182373047
0.0230867862701416
0.010002851486206055
0.010004281997680664
0.010004758834838867
0.015005111694335938
0.017002105712890625
0.017091751098632812
0.011586427688598633
0.01984119415283203
0.012003183364868164
0.023671865463256836
0.01200556755065918
0.046000003814697266
0.015806198120117188
0.013004302978515625
0.020094633102416992
0.011213541030883789
0.020067930221557617
0.015016555786132812
0.01301121711730957
0.015996217727661133
0.02805924415588379
0.014540910720825195
0.03500843048095703
0.050504207611083984
