0.01400303840637207
0.011003494262695312
0.018999576568603516
0.02200460433959961
0.045993804931640625
0.0181119441986084
0.01606583595275879
0.018029451370239258
0.0338282585144043
0.016003847122192383
0.013502359390258789
0.013002634048461914
0.02483081817626953
0.017003774642944336
0.11464142799377441
0.03440403938293457
0.10586047172546387
0.022003889083862305
0.016002655029296875
0.015001535415649414
0.01873636245727539
0.022962093353271484
0.036013126373291016
0.02321934700012207
0.09424805641174316
0.0340731143951416
0.019670486450195312
0.019009828567504883
0.0330047607421875
0.09601831436157227
0.035002946853637695
0.016864538192749023
0.04200410842895508
0.012994050979614258
0.1012563705444336
0.028077125549316406
0.10067272186279297
0.02752685546875
0.02659320831298828
0.02000570297241211
0.1525564193725586
0.018659353256225586
0.1897897720336914
0.023004770278930664
0.0650932788848877
0.02051401138305664
0.08917593955993652
0.07874917984008789
0.01903390884399414
0.07815980911254883
0.018402814865112305
0.14341521263122559
0.04985761642456055
0.018507957458496094
0.0216367244720459
0.01794290542602539
0.0781862735748291
0.019831418991088867
0.018004417419433594
0.1275033950805664
0.019623756408691406
0.022115468978881836
0.018749237060546875
0.1336829662322998
0.0183565616607666
0.019852876663208008
0.14023804664611816
0.08189105987548828
0.034665584564208984
0.024019241333007812
0.0290069580078125
