0.48360109329223633
0.026397705078125
0.04402804374694824
0.044504404067993164
0.04273247718811035
0.039397478103637695
0.02800607681274414
0.03503108024597168
0.032002925872802734
0.02138352394104004
0.032021522521972656
0.028545618057250977
0.02401900291442871
0.025008678436279297
0.04201030731201172
0.05035591125488281
0.04596114158630371
0.03943896293640137
0.02764105796813965
0.02605462074279785
0.03314471244812012
0.04404878616333008
0.030948638916015625
0.06719303131103516
0.08731722831726074
0.04608917236328125
0.039247989654541016
0.031683921813964844
0.05198526382446289
0.06901907920837402
0.04600405693054199
0.024575471878051758
0.0675210952758789
0.02660655975341797
0.03700852394104004
0.07407379150390625
0.040003061294555664
0.07005167007446289
0.04459404945373535
0.025031089782714844
0.06201171875
0.022040843963623047
0.050678253173828125
0.030908584594726562
0.050530433654785156
0.032015085220336914
0.04809975624084473
0.06759142875671387
0.025521278381347656
0.0471339225769043
0.02521061897277832
0.049018144607543945
0.033785104751586914
0.022008419036865234
0.03429293632507324
0.027004480361938477
0.058732032775878906
0.017011165618896484
0.034085750579833984
0.08053231239318848
0.021718502044677734
0.02855062484741211
0.02402782440185547
0.0370030403137207
0.02375650405883789
0.032158851623535156
0.05501866340637207
0.05037117004394531
0.023486614227294922
0.024140357971191406
0.03600907325744629
