0.5218546390533447
0.018531322479248047
0.025517940521240234
0.02202320098876953
0.018014192581176758
0.018062353134155273
0.02800774574279785
0.018019676208496094
0.022582292556762695
0.05266284942626953
0.04280519485473633
0.021275758743286133
0.03251218795776367
0.024013280868530273
0.02402639389038086
0.01813960075378418
0.0250394344329834
0.024022340774536133
0.02202749252319336
0.01788806915283203
0.07210659980773926
0.031418561935424805
0.06004071235656738
0.0345766544342041
0.03290891647338867
0.030638933181762695
0.0420076847076416
0.05781054496765137
0.05792403221130371
0.08335041999816895
0.01851677894592285
0.043361663818359375
0.020145416259765625
0.04951906204223633
0.03801417350769043
0.05667567253112793
0.022300004959106445
0.08602237701416016
0.019005537033081055
0.02099776268005371
0.051004886627197266
0.058014869689941406
0.022025346755981445
0.041088104248046875
0.022036314010620117
0.04859018325805664
0.0395665168762207
0.020717144012451172
0.04152178764343262
0.03804945945739746
0.03411293029785156
0.07205462455749512
0.019005298614501953
0.03271889686584473
0.03300619125366211
0.05907559394836426
0.05306744575500488
0.06161689758300781
0.03403306007385254
0.022665023803710938
0.020372390747070312
0.022259235382080078
0.01611781120300293
0.03301405906677246
0.04800605773925781
0.038121700286865234
0.023006439208984375
0.018682241439819336
0.045282840728759766
0.07505130767822266
0.022625207901000977
0.016425371170043945
0.040618896484375
0.0250089168548584
