12.029501914978027
10.889094352722168
10.896419048309326
10.745179176330566
10.36115550994873
11.560599565505981
12.791393995285034
10.722476720809937
10.292956590652466
12.701708793640137
11.364553928375244
11.680497884750366
11.590373277664185
12.597663879394531
11.578827619552612
12.235033512115479
11.2289457321167
13.282477617263794
13.51992654800415
11.962666749954224
12.910312414169312
14.144174575805664
10.025913000106812
14.347962141036987
13.471595287322998
12.295955419540405
15.92806077003479
10.266584634780884
14.851632595062256
11.212259292602539
13.656756162643433
12.437419414520264
13.985170841217041
12.409247875213623
12.843310117721558
11.476163148880005
14.812064409255981
12.366230964660645
12.977900743484497
13.629693031311035
13.10502314567566
13.17465329170227
14.438605308532715
14.416290998458862
14.303295373916626
13.07791805267334
14.89210844039917
14.399019956588745
12.816010236740112
11.948322296142578
11.736653804779053
10.159085035324097
16.196648597717285
10.030438661575317
9.07708740234375
9.033437013626099
16.708800792694092
11.634180784225464
8.98085331916809
13.253081798553467
15.960846185684204
9.314127922058105
8.8458251953125
14.916756629943848
14.35470199584961
8.937282800674438
12.602497577667236
17.5664484500885
9.44228744506836
9.140851020812988
12.26843547821045
