10.263100147247314
11.422255516052246
10.714771032333374
11.246516466140747
9.953284978866577
12.468761682510376
10.600176334381104
11.33462929725647
10.62476921081543
10.59530782699585
11.28043532371521
10.754246234893799
12.331799030303955
10.958625555038452
11.781402111053467
11.62273383140564
11.615843057632446
12.646437406539917
12.128181457519531
10.937591314315796
11.245876550674438
11.409674644470215
14.06610894203186
10.892293930053711
12.910005569458008
12.999672174453735
12.852904796600342
12.574619054794312
11.91439700126648
13.645095109939575
12.436025142669678
13.310792684555054
14.43553113937378
13.053978443145752
12.778218030929565
12.878982305526733
12.608613014221191
15.01991581916809
10.941787958145142
15.774742126464844
13.341214895248413
11.490070343017578
15.443301677703857
13.10322880744934
14.004272699356079
15.47491455078125
11.329363822937012
15.278412580490112
13.675918102264404
14.537901878356934
12.609431505203247
13.398242473602295
12.381101608276367
11.787937879562378
11.151299715042114
11.066995620727539
9.674654960632324
10.44694447517395
10.037159204483032
10.957178831100464
11.33250093460083
12.259527206420898
10.917896270751953
11.466285228729248
10.163492679595947
10.311095237731934
11.982740640640259
12.141133308410645
10.879419803619385
10.845999956130981
10.441980600357056
14.528527975082397
8.597041845321655
11.758985042572021
