11.173229694366455
8.694891929626465
8.543012619018555
8.697121381759644
8.694556474685669
8.360065460205078
8.880263328552246
9.06404733657837
8.652045726776123
9.048364400863647
8.760355949401855
8.87584924697876
8.854277849197388
8.57693886756897
9.181396007537842
8.949351072311401
9.55240797996521
8.920208215713501
9.776413679122925
9.696911096572876
9.839000701904297
10.141401767730713
10.609874486923218
9.40215253829956
10.087101697921753
9.272746801376343
11.332458734512329
9.708877325057983
10.623860836029053
10.497690439224243
11.063674211502075
11.29079532623291
10.588529825210571
10.765556812286377
11.953575134277344
10.759044885635376
11.867298126220703
10.58320927619934
12.971717357635498
12.490526914596558
10.969927072525024
11.338275909423828
11.016694784164429
10.325921773910522
10.671522855758667
12.82845139503479
13.085780143737793
13.683799028396606
9.696567296981812
10.92732310295105
11.774099588394165
12.058577060699463
10.728529930114746
12.535400629043579
11.755956649780273
14.534111261367798
9.426045417785645
11.440944194793701
14.555330276489258
8.773865222930908
16.999625205993652
9.220079183578491
14.694837808609009
10.360630512237549
11.594796657562256
13.492406368255615
12.451966047286987
9.955248594284058
13.475679874420166
15.945972442626953
8.556905269622803
16.18063735961914
10.64864706993103
12.102320194244385
9.998220205307007
12.728508472442627
11.546565532684326
14.069563388824463
11.930475950241089
11.598264694213867
14.481212854385376
