9.684305906295776
9.279243469238281
9.175992727279663
10.084651231765747
9.044364929199219
9.727104902267456
9.16918158531189
9.488118171691895
11.070295095443726
9.943455934524536
9.91741418838501
10.160991430282593
9.903290510177612
10.48284387588501
10.513478994369507
10.135371208190918
10.846254110336304
10.543174505233765
10.336784362792969
10.70014500617981
10.926377058029175
10.738170623779297
10.510960102081299
10.94087553024292
10.879415035247803
11.181751012802124
11.32645058631897
11.655048131942749
12.747809410095215
11.893646240234375
10.76243805885315
13.110798835754395
11.21727442741394
13.126768112182617
10.269865274429321
12.568552732467651
12.008079051971436
13.281409978866577
12.982714891433716
15.054527044296265
10.759785652160645
12.216854095458984
13.662439584732056
13.072380065917969
14.066162824630737
12.357678174972534
13.408308267593384
11.60639762878418
14.938526630401611
13.57062578201294
13.03351640701294
12.490040302276611
15.453052759170532
10.75460410118103
14.357967615127563
14.46887469291687
12.839903116226196
11.832502841949463
11.981321811676025
13.57835054397583
15.633164405822754
11.14550518989563
14.186224937438965
9.78750467300415
15.071346759796143
15.604016780853271
13.992095947265625
12.131534099578857
13.719952583312988
18.173709392547607
12.461237907409668
13.066426992416382
17.97671151161194
10.461091756820679
