0.3318488597869873
0.01800251007080078
0.02800726890563965
0.028041839599609375
0.0185701847076416
0.0230715274810791
0.01900482177734375
0.01701807975769043
0.03000664710998535
0.02299785614013672
0.023638010025024414
0.025003671646118164
0.017355680465698242
0.03681540489196777
0.03892374038696289
0.018034934997558594
0.023021459579467773
0.038697242736816406
0.02664661407470703
0.02327251434326172
0.023534059524536133
0.042975425720214844
0.021505117416381836
0.03077411651611328
0.03801536560058594
0.019543886184692383
0.031006574630737305
0.04801177978515625
0.027008533477783203
0.0415501594543457
0.022513866424560547
0.03441977500915527
0.6101241111755371
0.032436370849609375
0.04985308647155762
0.06629180908203125
0.02655172348022461
0.041498422622680664
0.028020381927490234
0.018020153045654297
0.05797934532165527
0.045034170150756836
0.04665684700012207
0.023844003677368164
0.02778339385986328
0.0240023136138916
0.02201080322265625
0.027347087860107422
0.024068355560302734
0.028483867645263672
0.0525357723236084
0.06457281112670898
0.01900315284729004
0.05557131767272949
0.021524429321289062
0.04284977912902832
0.022017717361450195
0.04448390007019043
0.02701592445373535
0.023149967193603516
0.04816889762878418
0.017508745193481445
0.038236379623413086
0.019292354583740234
0.019174575805664062
0.05047774314880371
0.03377103805541992
0.047013282775878906
0.04600119590759277
0.0470125675201416
0.028692960739135742
0.04599332809448242
0.035492658615112305
0.022003889083862305
