0.288067102432251
0.023833513259887695
0.018003463745117188
0.0219118595123291
0.022897958755493164
0.023003101348876953
0.01802849769592285
0.016790390014648438
0.016485929489135742
0.01612401008605957
0.024998188018798828
0.01703190803527832
0.1020805835723877
0.0190277099609375
0.01754283905029297
0.023517847061157227
0.026313304901123047
0.04759860038757324
0.01752018928527832
0.025005817413330078
0.017541885375976562
0.03802180290222168
0.023186445236206055
0.02406907081604004
0.04057002067565918
0.0195462703704834
0.03278517723083496
0.018167734146118164
0.051912784576416016
0.016546964645385742
0.04200243949890137
0.03808856010437012
0.04604649543762207
0.03658032417297363
0.02104640007019043
0.01491403579711914
0.021646976470947266
0.019051790237426758
0.01624298095703125
0.023032665252685547
0.026018142700195312
0.020126819610595703
0.019373416900634766
0.018004179000854492
0.027016401290893555
0.018775224685668945
0.02401280403137207
0.05203986167907715
0.01803731918334961
0.017030000686645508
0.02100396156311035
0.03513312339782715
0.049009084701538086
0.04209780693054199
0.016764402389526367
0.028132915496826172
0.04716229438781738
0.017005205154418945
0.03300881385803223
0.017887115478515625
0.04139351844787598
0.0451202392578125
0.04062008857727051
0.01751112937927246
0.04401063919067383
0.015004873275756836
0.039166927337646484
0.018501996994018555
0.050624847412109375
0.024010181427001953
0.02067255973815918
0.029547929763793945
0.017098426818847656
0.043022871017456055
0.01757669448852539
0.023001909255981445
0.027633190155029297
0.041754961013793945
0.02000284194946289
0.04496121406555176
0.05120444297790527
