11.226355075836182
10.184617757797241
9.857531785964966
14.057690143585205
11.825751781463623
14.498052835464478
10.271876573562622
12.074575424194336
11.965738773345947
8.971564531326294
9.77197813987732
9.343209743499756
9.803230285644531
10.421115159988403
10.657715797424316
8.201212882995605
10.096622705459595
10.192124605178833
9.85659646987915
10.168186902999878
10.64049506187439
8.386170625686646
10.751502752304077
9.799669742584229
11.776570558547974
10.46755576133728
9.769256591796875
10.247065782546997
13.178758144378662
7.845855712890625
15.315502882003784
8.256961822509766
14.180068254470825
9.645303726196289
15.039570808410645
10.316861391067505
12.890714168548584
11.179797172546387
12.766335487365723
10.729485988616943
14.752233266830444
10.58808159828186
12.922775983810425
10.22579026222229
14.219759941101074
11.282787561416626
13.389384746551514
10.925675630569458
14.15094256401062
9.669736385345459
15.362352848052979
9.51733112335205
14.021702289581299
12.334347009658813
7.052110195159912
9.601068019866943
10.671488761901855
7.370739221572876
10.696112632751465
9.25160026550293
7.488330364227295
8.642776489257812
9.6844961643219
9.696876287460327
10.646082401275635
8.35949158668518
10.691256761550903
7.2591283321380615
8.948290348052979
10.33100175857544
6.9695656299591064
6.560380935668945
7.249637126922607
6.778792142868042
6.977372884750366
6.452301740646362
7.1133458614349365
7.215434551239014
9.061295986175537
7.884325742721558
8.38571310043335
6.594978094100952
6.9745635986328125
6.469344139099121
6.988144636154175
6.436694145202637
7.0885844230651855
6.6260247230529785
8.561849594116211
6.842654466629028
7.5563273429870605
