7.117083311080933
7.807336330413818
6.9829041957855225
7.6587324142456055
7.430840253829956
7.952204465866089
7.821344614028931
7.841874122619629
8.030010461807251
7.848386764526367
8.004499673843384
7.767444133758545
7.427793741226196
8.008534908294678
7.078380584716797
6.741386890411377
7.108105421066284
7.49730658531189
7.262694597244263
7.470505237579346
7.241992235183716
7.2925543785095215
7.745879650115967
8.155581712722778
7.314048767089844
8.190506219863892
7.686757326126099
7.8304667472839355
7.871960639953613
8.4049813747406
8.723008394241333
7.739811182022095
8.77811884880066
8.430193901062012
8.464779615402222
8.855365514755249
7.2188334465026855
9.250797748565674
7.803244113922119
8.750606536865234
9.520996570587158
8.408775806427002
8.198914051055908
9.151798963546753
8.967746257781982
8.789515018463135
9.940784931182861
9.213876962661743
9.608840227127075
9.055789232254028
9.416433811187744
7.858130693435669
8.015343427658081
8.45280146598816
8.30943250656128
8.806792736053467
9.08101511001587
10.220106363296509
8.406311273574829
8.922484874725342
8.779544591903687
10.256810665130615
9.537628889083862
9.5778067111969
10.75641131401062
9.557040929794312
10.259468078613281
9.245576858520508
10.274014711380005
9.632869720458984
9.017562627792358
9.870054483413696
9.766969203948975
9.264332056045532
9.410956144332886
9.568501949310303
9.451530694961548
9.090858459472656
8.923972129821777
9.554067373275757
8.498904943466187
9.563250541687012
9.4857919216156
8.732972145080566
10.072625875473022
9.292059421539307
9.21346378326416
8.493001461029053
9.190249681472778
10.406485080718994
9.069135665893555
10.79597520828247
9.864387512207031
10.455880165100098
9.06609296798706
9.918012380599976
10.836695671081543
9.887678861618042
9.817535400390625
11.394245147705078
10.379784345626831
10.457248210906982
12.977897644042969
