7.576517820358276
12.611887693405151
7.651310443878174
7.708246946334839
7.7186338901519775
7.967259645462036
8.010195970535278
7.857804775238037
8.740984916687012
7.3384809494018555
7.817163467407227
9.552030086517334
7.558103799819946
9.737114906311035
10.553114414215088
7.107528209686279
11.706454753875732
7.4233574867248535
10.729758977890015
8.796513080596924
10.327347993850708
7.884861469268799
7.379773855209351
12.97824764251709
7.627448797225952
11.962122440338135
9.052241086959839
11.312174558639526
9.026301383972168
11.515004396438599
11.187609910964966
11.115161657333374
9.136337757110596
12.51952075958252
8.38653016090393
11.895418643951416
10.948421716690063
10.117793560028076
11.885352373123169
12.650779008865356
9.49487853050232
10.645829439163208
10.820481300354004
9.125568151473999
12.068506956100464
9.787206649780273
11.78257703781128
10.826505661010742
11.283550024032593
11.076425075531006
10.462963104248047
10.882023572921753
10.748398065567017
9.928894758224487
11.643118858337402
9.162199020385742
11.090299844741821
11.476120233535767
9.412930965423584
9.990660190582275
10.574709415435791
12.570495128631592
12.0840744972229
8.563558101654053
11.707536935806274
9.197831630706787
9.199033260345459
9.165701627731323
9.165571212768555
8.960355281829834
8.772923946380615
9.726589441299438
8.591758728027344
9.681312322616577
9.867160081863403
9.111755847930908
9.690542221069336
10.307543516159058
10.20802640914917
9.387956619262695
9.695568323135376
10.904152870178223
10.390891790390015
8.244407415390015
10.414018630981445
12.116573333740234
9.184846639633179
8.75339651107788
10.043976545333862
10.246381521224976
9.924456596374512
