9.155124425888062
9.32380723953247
8.551705121994019
11.24931812286377
9.569242238998413
9.269347190856934
8.742606163024902
11.653647184371948
8.9763822555542
8.685246229171753
7.468084812164307
7.890726327896118
7.263203382492065
7.278111457824707
7.337471008300781
7.0513365268707275
7.550879716873169
7.206434011459351
7.395951747894287
7.431028604507446
7.258593559265137
7.732445955276489
7.280201435089111
8.119959831237793
7.255464792251587
7.474843502044678
7.687597990036011
8.194696187973022
7.89401388168335
7.0462586879730225
6.971149444580078
8.294720888137817
7.2842183113098145
8.300797939300537
8.653627157211304
7.664324045181274
8.304683685302734
8.135532855987549
7.981087923049927
8.142499685287476
8.015125513076782
8.154388904571533
8.21285605430603
7.0646140575408936
8.387415170669556
8.342250347137451
8.264810800552368
8.487971067428589
8.61824083328247
7.950934171676636
6.2314276695251465
9.126671075820923
6.325052499771118
9.300165176391602
6.430100917816162
7.368778705596924
6.772998094558716
9.342438459396362
9.28298807144165
8.736153364181519
11.753359079360962
7.668235540390015
8.208938598632812
9.036670207977295
8.659395456314087
7.712709188461304
10.459276676177979
9.86477541923523
9.792156457901001
10.340879917144775
7.3608832359313965
6.924546718597412
9.01137661933899
6.368957996368408
8.345952033996582
7.642241716384888
11.4048433303833
6.94783878326416
13.32539176940918
7.3597540855407715
8.716691970825195
8.712759256362915
8.661882877349854
7.62458062171936
10.458507299423218
7.262716770172119
12.361634492874146
7.580414056777954
10.440759897232056
7.83721923828125
10.397774934768677
9.865434408187866
7.35900354385376
9.083951473236084
9.718249082565308
7.311473369598389
10.286959886550903
7.4979565143585205
10.693741798400879
7.5935375690460205
10.92280888557434
6.994383811950684
11.46251893043518
8.114230155944824
12.486027956008911
8.06332278251648
