0.0
0.0010018348693847656
0.0009970664978027344
0.001997709274291992
0.0030088424682617188
0.0010020732879638672
0.001734018325805664
0.0009965896606445312
0.000993967056274414
0.00099945068359375
0.0010004043579101562
0.0030012130737304688
0.003000497817993164
0.0029985904693603516
0.0059964656829833984
0.004002094268798828
0.003996133804321289
0.004001617431640625
0.004235744476318359
0.0029973983764648438
0.006992816925048828
0.008367061614990234
0.0050067901611328125
0.0030002593994140625
0.005016803741455078
0.006004810333251953
0.007990360260009766
0.0050029754638671875
0.004000663757324219
0.003603696823120117
0.007007598876953125
0.00399470329284668
0.007000446319580078
0.008014917373657227
0.006992816925048828
0.007002592086791992
0.010999441146850586
0.011014699935913086
0.010997533798217773
0.006002902984619141
0.014562845230102539
0.009007692337036133
0.012122631072998047
0.006999969482421875
0.03200483322143555
0.008001565933227539
0.009860038757324219
0.007002592086791992
0.00800180435180664
0.005999326705932617
0.007009267807006836
0.02043294906616211
0.008001089096069336
0.014173507690429688
0.009990453720092773
0.007602691650390625
0.01500844955444336
0.020000696182250977
0.008134841918945312
0.022005796432495117
0.01920151710510254
0.02300262451171875
0.012002706527709961
0.010986089706420898
0.021009206771850586
0.01200413703918457
0.016208887100219727
0.029760122299194336
0.0160062313079834
0.015005826950073242
0.01198887825012207
0.018001556396484375
0.014922380447387695
0.01200413703918457
0.014020919799804688
0.01500248908996582
0.014992475509643555
0.021007061004638672
0.018993854522705078
0.017003774642944336
0.018694162368774414
0.013997793197631836
0.01300191879272461
0.01300048828125
0.013987302780151367
0.0190274715423584
0.015295267105102539
0.028067827224731445
0.024002790451049805
0.017012834548950195
0.023034334182739258
