0.0
0.0010018348693847656
0.0009987354278564453
0.0010001659393310547
0.0010037422180175781
0.001001119613647461
0.0
0.000997781753540039
0.0010006427764892578
0.001003265380859375
0.0010046958923339844
0.001986980438232422
0.003000497817993164
0.0019996166229248047
0.002004384994506836
0.002000093460083008
0.003000020980834961
0.0020051002502441406
0.003009319305419922
0.0029973983764648438
0.002003192901611328
0.0039980411529541016
0.003000497817993164
0.0029981136322021484
0.0029964447021484375
0.0030012130737304688
0.0033140182495117188
0.008215188980102539
0.003998279571533203
0.00500178337097168
0.0029973983764648438
0.005000114440917969
0.003996372222900391
0.0030007362365722656
0.005000591278076172
0.004996776580810547
0.003000497817993164
0.005997657775878906
0.003998994827270508
0.006991147994995117
0.01000070571899414
0.0049991607666015625
0.004999876022338867
0.012006282806396484
0.00499725341796875
0.008001089096069336
0.01300501823425293
0.008008718490600586
0.023002147674560547
0.016507863998413086
0.008098363876342773
0.005997896194458008
0.0070018768310546875
0.006993770599365234
0.009016990661621094
0.009013652801513672
0.01699995994567871
0.009005069732666016
0.00798654556274414
0.011001110076904297
0.03200101852416992
0.0300142765045166
0.012008428573608398
0.04354453086853027
0.04368734359741211
0.031996726989746094
0.03500986099243164
0.02803802490234375
0.041837453842163086
0.04300951957702637
0.05981707572937012
0.023025035858154297
0.038901329040527344
0.03101491928100586
0.038193702697753906
0.023009061813354492
0.026028156280517578
0.025000810623168945
0.031003713607788086
0.02423858642578125
0.044797420501708984
0.05718493461608887
0.050011634826660156
0.0470125675201416
0.017084360122680664
0.017993688583374023
0.0554051399230957
0.045130014419555664
0.023005008697509766
0.05301475524902344
0.08217835426330566
0.02091836929321289
0.031097888946533203
0.04300975799560547
0.056018829345703125
0.0250089168548584
0.02701878547668457
0.06401491165161133
0.0270078182220459
0.022997379302978516
0.1649172306060791
0.028993844985961914
0.09439945220947266
