0.001001119613647461
0.0
0.0
0.0009982585906982422
0.0
0.0010006427764892578
0.0
0.0020008087158203125
0.0010018348693847656
0.0010094642639160156
0.0010006427764892578
0.0030012130737304688
0.002996683120727539
0.003002166748046875
0.0020012855529785156
0.001995563507080078
0.0030012130737304688
0.003001689910888672
0.0050046443939208984
0.0029981136322021484
0.00500035285949707
0.0029997825622558594
0.0029942989349365234
0.003000974655151367
0.0020072460174560547
0.006998300552368164
0.005000591278076172
0.003998279571533203
0.006009101867675781
0.004002571105957031
0.004519939422607422
0.007997989654541016
0.006040334701538086
0.004073143005371094
0.00899505615234375
0.004002809524536133
0.009992361068725586
0.0040056705474853516
0.003998756408691406
0.00799417495727539
0.01700305938720703
0.005008220672607422
0.010004520416259766
0.0070149898529052734
0.005682468414306641
0.006003141403198242
0.012004852294921875
0.011000394821166992
0.006998300552368164
0.008998632431030273
0.00900125503540039
0.014791250228881836
0.013770103454589844
0.017994165420532227
0.023005962371826172
0.008000850677490234
0.01900339126586914
0.02399444580078125
0.011003494262695312
0.022001266479492188
0.010005474090576172
0.01700735092163086
0.008998870849609375
0.011005163192749023
0.013029813766479492
0.01267695426940918
0.014998674392700195
0.010016918182373047
0.012000083923339844
0.021447181701660156
0.026026248931884766
0.036011457443237305
0.014005899429321289
0.029195308685302734
0.016001224517822266
0.01300191879272461
0.016002655029296875
0.014003515243530273
0.01300048828125
0.03400588035583496
0.014558553695678711
0.017005443572998047
0.023009061813354492
0.031007051467895508
0.015011310577392578
0.01400613784790039
0.032016754150390625
0.019006967544555664
0.017015933990478516
0.01314091682434082
0.016100406646728516
