0.0009980201721191406
0.0009992122650146484
0.0
0.0010008811950683594
0.0010037422180175781
0.0009968280792236328
0.0010044574737548828
0.0009982585906982422
0.00099945068359375
0.0009989738464355469
0.0009996891021728516
0.001998424530029297
0.003030538558959961
0.0019986629486083984
0.0019812583923339844
0.0020122528076171875
0.002000093460083008
0.001993417739868164
0.0020003318786621094
0.0019931793212890625
0.0030074119567871094
0.0029997825622558594
0.002588510513305664
0.0035059452056884766
0.003004312515258789
0.008009910583496094
0.0030028820037841797
0.0029981136322021484
0.003998994827270508
0.005998134613037109
0.0030012130737304688
0.007002353668212891
0.004001617431640625
0.003001689910888672
0.0030167102813720703
0.00500178337097168
0.003006458282470703
0.004000425338745117
0.006001472473144531
0.005000114440917969
0.005006551742553711
0.005000114440917969
0.0049991607666015625
0.005000591278076172
0.005002737045288086
0.0069942474365234375
0.006000995635986328
0.00600123405456543
0.014005661010742188
0.00801539421081543
0.007000923156738281
0.007011890411376953
0.008022308349609375
0.013999462127685547
0.006002664566040039
0.010001182556152344
0.007028818130493164
0.008002758026123047
0.013002395629882812
0.01600170135498047
0.010002851486206055
0.025496244430541992
0.03800797462463379
0.014004707336425781
0.05205845832824707
0.014002323150634766
0.026006460189819336
0.05401110649108887
0.011021614074707031
0.03500509262084961
0.011003255844116211
0.04703092575073242
0.01199030876159668
0.010995626449584961
0.011001825332641602
0.06600642204284668
0.014003992080688477
0.017630815505981445
0.020746707916259766
0.017004728317260742
0.04841351509094238
0.022009611129760742
0.0301666259765625
0.021005630493164062
0.027513504028320312
0.016001462936401367
0.020915508270263672
0.01548624038696289
0.019006013870239258
0.021260499954223633
0.02601456642150879
0.024316787719726562
0.09227705001831055
0.02500438690185547
0.019005298614501953
0.022005796432495117
0.09684276580810547
0.036012887954711914
0.027969837188720703
0.08802294731140137
0.02200770378112793
0.02202892303466797
0.021024703979492188
0.13703203201293945
0.03201889991760254
0.04000735282897949
