0.16603469848632812
0.024020910263061523
0.026293516159057617
0.14989042282104492
0.023006677627563477
0.11599564552307129
0.025006532669067383
0.15412402153015137
0.022009611129760742
0.022007226943969727
0.10435986518859863
0.28034424781799316
0.021012544631958008
0.017531394958496094
0.014000654220581055
0.018009662628173828
0.012804508209228516
0.04514813423156738
0.018008708953857422
0.02100205421447754
0.015036821365356445
0.03299975395202637
0.020511388778686523
0.017014503479003906
0.020004987716674805
0.020007610321044922
0.10825800895690918
0.045609235763549805
0.0280153751373291
0.03403139114379883
0.019049644470214844
0.017004966735839844
0.020389318466186523
0.01700282096862793
0.013000011444091797
0.016000986099243164
0.013997077941894531
0.012995481491088867
0.0200040340423584
0.035004377365112305
0.03600883483886719
0.015010833740234375
0.01509857177734375
0.03187298774719238
0.01804375648498535
0.023006200790405273
0.01700448989868164
0.012001752853393555
0.04600930213928223
0.0315399169921875
0.03419804573059082
0.020003557205200195
0.016002893447875977
0.01698446273803711
0.015008926391601562
0.015021800994873047
0.03200864791870117
0.019007444381713867
0.015015840530395508
0.015578508377075195
0.015015125274658203
0.3213827610015869
0.017003297805786133
0.015005350112915039
0.03096318244934082
0.03650832176208496
0.049005985260009766
0.04318594932556152
0.03000473976135254
0.03301095962524414
0.028014659881591797
0.030003070831298828
0.04612541198730469
0.04688858985900879
0.039151668548583984
0.026005268096923828
0.025003671646118164
0.04881882667541504
0.01701188087463379
0.017036914825439453
0.041114091873168945
0.03552556037902832
0.03801155090332031
0.03301095962524414
0.02361011505126953
0.02100396156311035
0.033556222915649414
0.02919793128967285
0.021003007888793945
0.030013084411621094
0.02001166343688965
0.015009403228759766
0.01300048828125
0.044584035873413086
0.04562711715698242
0.02033543586730957
0.1525733470916748
0.04700350761413574
0.01813960075378418
0.020017147064208984
0.043005943298339844
0.0210115909576416
0.05305767059326172
