6.847369432449341
7.661640644073486
6.8468828201293945
7.409828424453735
7.282519340515137
7.707137823104858
7.679268836975098
7.564332962036133
7.870720386505127
7.71135401725769
7.789354562759399
7.368649959564209
7.29775857925415
7.879751205444336
6.959353923797607
6.621365547180176
6.9356913566589355
7.284291982650757
7.124650478363037
7.341474294662476
7.1257240772247314
7.068543195724487
7.625331401824951
8.039448976516724
7.186017274856567
8.056476354598999
7.475953102111816
7.589996099472046
7.653745651245117
8.172725200653076
8.6009361743927
7.594238519668579
8.660099744796753
8.31816816329956
8.347791194915771
8.739340782165527
7.102218389511108
9.13786005973816
7.681092977523804
8.530721187591553
9.286036014556885
8.29146122932434
8.085793495178223
8.880869388580322
8.843507766723633
8.646205425262451
9.780746459960938
9.077113151550293
9.318567037582397
8.805616617202759
9.229630708694458
7.737103462219238
7.892253398895264
8.337085008621216
8.184384822845459
8.670669078826904
8.833964109420776
10.07857871055603
8.2709059715271
8.784494876861572
8.599752187728882
9.696082353591919
9.407555103302002
9.354897737503052
10.465460062026978
9.257438898086548
9.975401639938354
8.96298599243164
9.985406160354614
9.343209505081177
8.72582745552063
9.626121044158936
9.480103492736816
8.977391958236694
9.138366937637329
9.342036485671997
9.220083475112915
8.801983833312988
8.752934455871582
9.400169849395752
8.207703590393066
9.276994228363037
9.19144344329834
8.47491455078125
9.91619062423706
9.133691310882568
8.933226823806763
8.229087829589844
9.03112006187439
10.143421649932861
8.743539571762085
10.645046710968018
9.724230289459229
10.192493200302124
8.770321369171143
9.768554449081421
10.552253007888794
9.564610242843628
9.654006719589233
11.245035648345947
9.944462776184082
10.3132164478302
12.626282453536987
