0.14504408836364746
0.0400080680847168
0.02600407600402832
0.6183888912200928
0.041008710861206055
0.09797000885009766
0.06455087661743164
0.0943756103515625
0.022003650665283203
0.026005983352661133
0.10310506820678711
0.26938295364379883
0.025013446807861328
0.03101038932800293
0.05001258850097656
0.020003557205200195
0.028929710388183594
0.0180051326751709
0.09241437911987305
0.02117300033569336
0.06454277038574219
0.5398385524749756
0.03600740432739258
0.023001909255981445
0.028105497360229492
0.05500221252441406
0.04701709747314453
0.03200554847717285
0.031005859375
0.018068790435791016
0.04501080513000488
0.018010377883911133
0.03497505187988281
0.05872988700866699
0.05089449882507324
0.020692825317382812
0.05500364303588867
0.05102252960205078
0.04600381851196289
0.02400493621826172
0.07632207870483398
0.04301619529724121
0.06787467002868652
0.01900196075439453
0.634920597076416
0.01969456672668457
0.04962158203125
0.03901243209838867
0.034970998764038086
0.021993637084960938
0.02400350570678711
0.03701615333557129
0.01500248908996582
0.030005216598510742
0.012650251388549805
0.018010377883911133
0.03400707244873047
0.04100799560546875
0.01898956298828125
0.03937959671020508
0.04506087303161621
0.03203010559082031
0.013990640640258789
0.013007402420043945
0.03201460838317871
0.01900315284729004
0.01400303840637207
0.02999567985534668
0.029311656951904297
0.03013014793395996
0.012996196746826172
0.0200045108795166
0.01500701904296875
0.030005693435668945
0.015012502670288086
0.019010305404663086
0.022005081176757812
0.057013511657714844
0.02100348472595215
0.01778435707092285
0.02200627326965332
0.019002199172973633
0.016991138458251953
0.01799750328063965
0.016003847122192383
0.014003753662109375
0.017004013061523438
0.021000385284423828
0.017952442169189453
0.02298426628112793
0.0200042724609375
