0.12404513359069824
0.02098870277404785
0.03200531005859375
0.3901228904724121
0.022923707962036133
0.11807656288146973
0.024005889892578125
0.08407330513000488
0.02800774574279785
0.040999412536621094
0.07101583480834961
0.2926619052886963
0.04084515571594238
0.023031949996948242
0.0160064697265625
0.01801133155822754
0.015010356903076172
0.022005319595336914
0.27782320976257324
0.017004013061523438
0.06201791763305664
0.1769120693206787
0.021003007888793945
0.02100396156311035
0.020999670028686523
0.06056833267211914
0.02000260353088379
0.029007434844970703
0.038007259368896484
0.023990869522094727
0.022593259811401367
0.06614995002746582
0.04926586151123047
0.018001794815063477
0.018010854721069336
0.0200040340423584
0.04049348831176758
0.023000478744506836
0.023524761199951172
0.03200888633728027
0.06001996994018555
0.026003599166870117
0.04100608825683594
0.0189971923828125
0.1434187889099121
0.025007009506225586
0.05200004577636719
0.0420382022857666
0.036003828048706055
0.04522538185119629
0.018002986907958984
0.02500462532043457
0.024062156677246094
0.03901982307434082
0.03103184700012207
0.0179901123046875
0.03501081466674805
0.03600597381591797
0.02362203598022461
0.03500175476074219
0.019550323486328125
0.0300140380859375
0.02100372314453125
0.014004230499267578
0.014005661010742188
0.017005205154418945
0.023004770278930664
0.015000581741333008
0.020003557205200195
0.03510022163391113
0.028009891510009766
0.05100607872009277
0.018006086349487305
0.023102521896362305
0.022870302200317383
0.015008926391601562
0.014002561569213867
0.017004966735839844
0.016547441482543945
0.02812647819519043
0.019135475158691406
0.020003795623779297
0.028904199600219727
0.03400254249572754
0.014020442962646484
0.01600360870361328
0.04000735282897949
0.01743459701538086
0.016047000885009766
0.019998550415039062
0.01598072052001953
