11.007479667663574
10.025056600570679
9.74083399772644
13.21482515335083
11.557490825653076
14.299059867858887
9.993816614151001
11.883178949356079
11.829699277877808
8.827821969985962
9.549190759658813
8.95991826057434
9.678191661834717
10.27398681640625
10.393600463867188
8.078101396560669
9.906154155731201
10.060478687286377
9.659629821777344
10.026987314224243
10.342754364013672
7.623029947280884
10.529428005218506
9.671644687652588
11.633035898208618
10.214784622192383
9.506454706192017
10.082020282745361
13.022005796432495
7.723427772521973
15.109989404678345
8.145951986312866
13.97650957107544
9.3508620262146
14.768768787384033
10.191143035888672
12.622581005096436
10.918994426727295
12.499216079711914
10.591819047927856
14.326796054840088
10.352670192718506
12.613655090332031
10.0922269821167
13.309779644012451
11.147213459014893
13.123865365982056
10.755638122558594
13.984172582626343
9.534547328948975
15.229329109191895
9.246070146560669
13.901135683059692
12.129539012908936
6.928199291229248
9.483442068099976
10.483954906463623
7.114849805831909
10.56840705871582
8.99916696548462
7.250376224517822
8.390018701553345
9.56346082687378
9.583740234375
10.400755167007446
8.216373920440674
10.542975187301636
7.028980493545532
8.726934671401978
10.157841205596924
6.842725515365601
6.417730093002319
7.108631134033203
6.63170862197876
6.846311569213867
6.3127381801605225
6.955753564834595
6.965140104293823
8.898262739181519
7.737511873245239
8.236376523971558
6.456233263015747
6.8395607471466064
6.34013557434082
6.840534448623657
6.304572343826294
6.9372522830963135
6.4622838497161865
8.399050951004028
6.68951678276062
7.392535209655762
