8.589857816696167
9.092914342880249
8.418468475341797
10.9654541015625
9.372197151184082
8.841392993927002
8.604549407958984
11.363041162490845
8.837805032730103
8.54011058807373
7.1570751667022705
7.482044458389282
7.1292054653167725
7.160085439682007
7.210903882980347
6.921035528182983
7.435701847076416
7.088808059692383
7.258678674697876
7.306872367858887
7.13710618019104
7.602660179138184
7.149031400680542
7.963603734970093
7.130322217941284
7.2430455684661865
7.548646688461304
8.061745882034302
7.73967981338501
6.805927038192749
6.850941896438599
8.057662010192871
7.169536113739014
8.17870306968689
8.540738105773926
7.5517356395721436
8.198445796966553
8.009765386581421
7.853064775466919
8.011364698410034
7.885005235671997
7.988353729248047
8.015484809875488
6.949554920196533
8.280313491821289
8.226971626281738
8.14423418045044
8.306304931640625
8.359574317932129
7.833329200744629
6.1217169761657715
8.981282234191895
6.196481466293335
9.10071349143982
6.322000980377197
7.243691682815552
6.667861700057983
9.213091850280762
9.04993486404419
8.508720874786377
11.606126546859741
7.430689096450806
7.931886196136475
8.895636081695557
8.3376305103302
7.563616514205933
10.250182867050171
9.555692195892334
9.657106161117554
9.740853786468506
7.239445686340332
6.646021127700806
8.884289026260376
6.2409234046936035
8.225522994995117
7.3202736377716064
11.275500297546387
6.795483350753784
13.1309494972229
7.209892749786377
8.431201457977295
8.555996894836426
8.453615427017212
7.45171046257019
10.273829698562622
7.114138126373291
12.176836967468262
7.438770055770874
10.25767207145691
7.662839889526367
10.225727319717407
9.71440601348877
7.029176473617554
8.933903217315674
9.559141874313354
7.1744444370269775
9.972388982772827
7.326915979385376
10.537864446640015
7.2884674072265625
10.780938148498535
6.851327896118164
11.318825721740723
7.704111099243164
12.30190634727478
7.8898022174835205
