7.354876756668091
12.48000979423523
7.498799085617065
7.190084218978882
7.5874128341674805
7.707531452178955
7.8810813426971436
7.660128116607666
8.603342294692993
7.092100381851196
7.641124486923218
9.132343292236328
7.343693971633911
9.592646598815918
10.428714275360107
6.9775004386901855
11.528279781341553
7.279095411300659
10.228625059127808
8.658952236175537
10.073292970657349
7.588638544082642
7.228900909423828
12.834588050842285
7.501632452011108
11.611499309539795
8.911038875579834
11.138927221298218
8.788217544555664
11.36843228340149
11.04089093208313
10.804630994796753
8.86160397529602
12.392800092697144
8.156387329101562
11.75772762298584
10.716028213500977
9.980525255203247
11.75122618675232
12.444053411483765
9.17679500579834
10.498820304870605
10.610357522964478
8.986536979675293
11.807379007339478
9.624585628509521
11.495146989822388
10.582737684249878
11.102029085159302
10.860094785690308
10.312932014465332
10.620124340057373
10.53490686416626
9.683839797973633
11.39867353439331
9.0378577709198
10.855603218078613
11.228488683700562
9.266427278518677
9.74161696434021
10.433526277542114
12.333070755004883
11.94296932220459
8.43152403831482
11.577760457992554
9.05453610420227
9.043999195098877
9.037909984588623
9.018353939056396
8.693217515945435
8.496408224105835
9.422510862350464
8.445723056793213
9.461100578308105
9.719253540039062
8.971132516860962
9.556832313537598
10.164525985717773
10.06791353225708
9.084808111190796
9.553861379623413
10.75899887084961
10.1622896194458
7.958483934402466
10.274976253509521
11.98855447769165
8.90622067451477
8.537916421890259
9.893213033676147
10.11598014831543
9.780352115631104
