0.400127649307251
0.039882659912109375
0.025006532669067383
0.16583538055419922
0.03200268745422363
0.25705695152282715
0.020007848739624023
0.15047097206115723
0.022001266479492188
0.02500605583190918
0.1878354549407959
0.30011725425720215
0.014008760452270508
0.016011714935302734
0.015002727508544922
0.014888763427734375
0.01700878143310547
0.015002727508544922
0.02800750732421875
0.017004966735839844
0.015006303787231445
0.014536142349243164
0.016002178192138672
0.02000260353088379
0.012550592422485352
0.04101133346557617
0.024796724319458008
0.017006874084472656
0.0220034122467041
0.03400778770446777
0.0160067081451416
0.025002717971801758
0.013022899627685547
0.014007091522216797
0.01600170135498047
0.014193058013916016
0.01299738883972168
0.018004179000854492
0.013997316360473633
0.016063451766967773
0.018007993698120117
0.022005558013916016
0.028004884719848633
0.015007972717285156
0.014321565628051758
0.014065027236938477
0.01300358772277832
0.025003671646118164
0.04101371765136719
0.012562990188598633
0.012553930282592773
0.019057273864746094
0.015996217727661133
0.027002573013305664
0.015003204345703125
0.013009309768676758
0.012013673782348633
0.023004770278930664
0.03400874137878418
0.03400826454162598
0.02013373374938965
0.03500866889953613
0.037008047103881836
0.019005537033081055
0.03972673416137695
0.020064592361450195
0.02305006980895996
0.037001609802246094
0.017012357711791992
0.37287402153015137
0.018990516662597656
0.029001235961914062
0.01702737808227539
0.018014907836914062
0.01600170135498047
0.05090904235839844
0.018319129943847656
0.02199411392211914
0.02437138557434082
0.02283167839050293
0.034554481506347656
0.020983457565307617
0.02400350570678711
0.021601200103759766
0.024013757705688477
0.021006107330322266
0.017570972442626953
0.020004749298095703
0.031005382537841797
0.021001815795898438
0.025006532669067383
0.022011756896972656
0.036362648010253906
0.01800370216369629
0.016006946563720703
0.015001535415649414
0.02652883529663086
0.020006895065307617
0.01665186882019043
0.0330047607421875
0.017339468002319336
0.015008926391601562
0.017001867294311523
0.03946185111999512
0.02001476287841797
0.019548416137695312
