15.660818815231323
13.725122451782227
13.201656341552734
14.781598567962646
12.442379474639893
13.695946455001831
13.673891067504883
14.71147871017456
14.416160583496094
12.528707504272461
13.078075170516968
12.98786187171936
14.809122323989868
10.382057189941406
10.247282266616821
10.456267356872559
10.911720991134644
10.456695079803467
10.83112096786499
11.703942775726318
11.892313957214355
10.805720806121826
11.708025455474854
11.014349699020386
11.793444395065308
10.653013944625854
11.61300277709961
10.979316234588623
11.809610366821289
10.670234441757202
11.630860567092896
11.430239915847778
11.457624197006226
10.809760093688965
11.982179164886475
11.672208786010742
11.490859746932983
10.94870376586914
11.447072744369507
11.177425146102905
12.003697395324707
10.815430879592896
11.663355350494385
11.698286294937134
11.70497727394104
10.812500715255737
11.496609926223755
10.837144374847412
12.142542362213135
11.379646062850952
12.014037847518921
12.15795612335205
13.350470542907715
13.0958993434906
11.807061433792114
12.736497640609741
13.681569814682007
12.522167921066284
12.975609302520752
12.85574221611023
15.125993967056274
14.576456546783447
14.195404767990112
13.119459390640259
14.312853336334229
11.671119928359985
14.50641679763794
11.864922046661377
13.67655324935913
13.921082496643066
14.174235820770264
14.336600542068481
11.808477640151978
