12.52690601348877
12.344500064849854
12.345927476882935
11.50056791305542
14.008713960647583
11.039775371551514
13.945761442184448
11.608449459075928
12.199766397476196
12.996056318283081
14.64482855796814
11.041163206100464
12.818499565124512
13.399673223495483
14.98375916481018
10.295949459075928
11.496810913085938
10.166347026824951
10.146143436431885
10.058544158935547
11.75827407836914
9.815071821212769
10.896541595458984
10.761648416519165
10.178524255752563
10.675896883010864
11.326253652572632
10.082422494888306
11.908952713012695
8.908952236175537
11.936200380325317
10.771167039871216
10.206774950027466
10.500560522079468
11.09993600845337
9.930591106414795
11.667845010757446
9.547302007675171
11.081249237060547
8.85876989364624
9.738714218139648
9.705929040908813
11.026522636413574
10.29862904548645
11.222624778747559
10.3064124584198
10.910454273223877
11.289045572280884
11.935615062713623
11.189180135726929
11.37656831741333
10.690191984176636
10.167988538742065
10.448874473571777
9.536426782608032
9.538723707199097
10.000069379806519
9.003016710281372
8.753917694091797
8.293966054916382
8.935166358947754
8.99104905128479
11.291012525558472
10.951344966888428
11.145550012588501
10.051782369613647
10.764042854309082
10.850640296936035
11.234115600585938
11.051612854003906
11.852970361709595
10.028691053390503
11.637023210525513
9.59920048713684
11.658704042434692
10.68538784980774
9.197421789169312
8.127345323562622
8.324886560440063
10.568729400634766
11.681407690048218
11.176645755767822
11.478166580200195
