14.305346250534058
12.95523977279663
12.467206239700317
14.55864930152893
14.149415969848633
14.589974403381348
12.36954951286316
13.245582342147827
15.837450504302979
15.139169216156006
14.306201457977295
14.782716989517212
13.351866960525513
15.269233226776123
14.372139930725098
16.125600576400757
14.958116292953491
18.428398370742798
16.24450421333313
17.93654489517212
15.758815050125122
18.31431293487549
14.753520727157593
18.898460149765015
16.94442367553711
19.09174919128418
14.673835277557373
19.189699172973633
16.326260328292847
18.218547344207764
14.90950870513916
19.49752950668335
14.449657201766968
12.99736762046814
14.740905046463013
14.79457426071167
12.910991430282593
14.196354150772095
12.025369882583618
16.04333186149597
12.960721492767334
13.625216484069824
13.624719619750977
16.14689326286316
14.052212476730347
13.015105485916138
12.866788148880005
13.80628514289856
13.847259283065796
14.940170049667358
13.807186365127563
14.492499351501465
13.976635694503784
14.400392293930054
19.429494380950928
14.165050983428955
14.141729593276978
18.788271188735962
13.039777040481567
10.323547840118408
10.433915138244629
