10.04850459098816
10.69714903831482
12.167382717132568
10.590721845626831
11.0595383644104
10.492114543914795
10.836486101150513
10.648125410079956
10.72082257270813
9.9461088180542
10.331949234008789
11.295180320739746
10.70075798034668
11.270783185958862
11.906119585037231
10.862823247909546
11.557367324829102
11.178064346313477
11.793869018554688
10.947638988494873
13.08986496925354
12.792694330215454
11.772743463516235
9.595659017562866
10.951221942901611
10.133078813552856
10.522701025009155
9.907925605773926
9.992907285690308
9.57738447189331
10.28218412399292
9.783776998519897
9.855888366699219
9.697732925415039
10.548794984817505
9.536246299743652
9.9225754737854
9.666672229766846
10.858553886413574
9.595601797103882
10.395418643951416
10.520242691040039
11.554457187652588
11.208232164382935
11.889596462249756
11.462732791900635
12.63695240020752
11.855238676071167
11.594695806503296
11.97493314743042
13.451345443725586
11.708926916122437
13.064246416091919
12.93248987197876
14.118171691894531
12.34042763710022
12.74226188659668
13.602267265319824
12.949231624603271
13.6522958278656
13.054775714874268
13.171266555786133
13.274542331695557
13.43064284324646
12.181303262710571
13.438527822494507
13.42376184463501
10.70274019241333
12.14888620376587
13.008255004882812
13.185081720352173
12.274996042251587
13.311575889587402
13.258828401565552
13.814605951309204
12.88580870628357
15.283752202987671
11.2400062084198
