0.0592195987701416
0.05394148826599121
0.17360353469848633
0.14660048484802246
0.10945487022399902
0.1434035301208496
0.06464481353759766
0.14603424072265625
0.11563825607299805
0.07070541381835938
0.0870826244354248
0.15131163597106934
0.2567145824432373
0.09333086013793945
0.09873843193054199
0.11159515380859375
0.10492396354675293
0.09881162643432617
0.10373258590698242
0.10622954368591309
0.13895606994628906
0.10652971267700195
0.12843728065490723
0.10366940498352051
0.12659263610839844
0.09304213523864746
0.09843921661376953
0.10523748397827148
0.11173748970031738
0.10059046745300293
0.11546063423156738
0.10887885093688965
0.37380337715148926
0.1119077205657959
0.1429448127746582
0.11813712120056152
0.12557363510131836
0.14080238342285156
0.10793828964233398
0.1328122615814209
0.09193801879882812
0.11127352714538574
0.13203096389770508
0.11660885810852051
0.10219550132751465
0.16544342041015625
0.12652325630187988
0.10509634017944336
0.11372089385986328
0.12213706970214844
0.11096501350402832
0.10965442657470703
0.26592111587524414
0.11409211158752441
0.11909055709838867
0.20662140846252441
0.1227877140045166
0.12355494499206543
0.12387585639953613
0.11167001724243164
0.19144511222839355
0.15509247779846191
0.17417263984680176
0.2510080337524414
0.1738123893737793
0.3424956798553467
0.23647332191467285
0.3023645877838135
0.1330428123474121
0.4232594966888428
0.27019715309143066
0.13747501373291016
0.11822390556335449
