0.06501364707946777
0.07507610321044922
0.07062244415283203
0.13837838172912598
0.10830545425415039
0.07722234725952148
0.06255054473876953
0.16932129859924316
0.07036638259887695
0.08505129814147949
0.24572491645812988
0.1916337013244629
0.23245573043823242
0.15514874458312988
0.15070629119873047
0.138458251953125
0.09727907180786133
0.1105802059173584
0.11504864692687988
0.23324251174926758
0.11908531188964844
0.16855931282043457
0.10609817504882812
0.0758812427520752
0.08827471733093262
0.1645810604095459
0.28623199462890625
0.23027801513671875
0.12357926368713379
0.2917976379394531
0.4393463134765625
0.2716331481933594
0.12538790702819824
0.08606171607971191
0.29271626472473145
0.1337893009185791
0.09571170806884766
0.12401604652404785
0.12076544761657715
0.09972810745239258
0.14715027809143066
0.3635976314544678
0.12835121154785156
0.23283910751342773
0.1478257179260254
0.12999463081359863
0.134566068649292
0.1399517059326172
0.19698786735534668
0.1706395149230957
0.10774374008178711
0.19697904586791992
0.16164088249206543
0.1567833423614502
0.19876575469970703
0.3165559768676758
0.29218077659606934
0.3695807456970215
0.13827228546142578
0.10924267768859863
0.1210482120513916
