0.0009996891021728516
0.0019998550415039062
0.00099945068359375
0.0020017623901367188
0.002000570297241211
0.00299835205078125
0.0019991397857666016
0.0030002593994140625
0.003000497817993164
0.0029997825622558594
0.0029973983764648438
0.001981973648071289
0.0030007362365722656
0.003000974655151367
0.002984285354614258
0.004396677017211914
0.004005908966064453
0.0029976367950439453
0.00500178337097168
0.0049855709075927734
0.004505634307861328
0.005005359649658203
0.004000186920166016
0.0040018558502197266
0.0059850215911865234
0.003986358642578125
0.0039882659912109375
0.026005268096923828
0.007045269012451172
0.006002187728881836
0.003998756408691406
0.006874561309814453
0.005000114440917969
0.006263256072998047
0.0069980621337890625
0.00800180435180664
0.007003307342529297
0.009001970291137695
0.007074832916259766
0.006024599075317383
0.007002592086791992
0.01100301742553711
0.011630535125732422
0.015012741088867188
0.02152085304260254
0.016155481338500977
0.012424707412719727
0.018517732620239258
0.023709535598754883
0.011993646621704102
0.014006614685058594
0.010996580123901367
0.03299760818481445
0.05001330375671387
0.015007972717285156
0.04519295692443848
0.020559310913085938
0.02003312110900879
0.019827842712402344
0.03152132034301758
0.02500176429748535
0.03595376014709473
0.04117178916931152
0.020003795623779297
0.0298311710357666
0.03410744667053223
0.025008678436279297
0.020006418228149414
0.05274224281311035
0.03500699996948242
0.04323267936706543
0.07458615303039551
0.026036977767944336
0.034383535385131836
0.05853271484375
0.08924555778503418
0.06957817077636719
0.022516727447509766
