0.0009980201721191406
0.001990079879760742
0.0009984970092773438
0.0029969215393066406
0.004000663757324219
0.004000186920166016
0.0019986629486083984
0.003010988235473633
0.001008749008178711
0.0019996166229248047
0.003000497817993164
0.004002571105957031
0.0035724639892578125
0.0023775100708007812
0.0029969215393066406
0.0035164356231689453
0.0020110607147216797
0.003997802734375
0.00318145751953125
0.0030002593994140625
0.005005598068237305
0.0030019283294677734
0.003000020980834961
0.0060007572174072266
0.005000114440917969
0.0038542747497558594
0.0039997100830078125
0.0030264854431152344
0.004625558853149414
0.004670381546020508
0.0040018558502197266
0.010999441146850586
0.0047070980072021484
0.007000923156738281
0.008001089096069336
0.005006551742553711
0.009001970291137695
0.009006977081298828
0.008986473083496094
0.006002664566040039
0.008998394012451172
0.008003950119018555
0.009505033493041992
0.008998632431030273
0.012528419494628906
0.010002374649047852
0.019457101821899414
0.01726841926574707
0.011042118072509766
0.018002986907958984
0.01676177978515625
0.016064882278442383
0.010991811752319336
0.011042594909667969
0.011553049087524414
0.013000726699829102
0.015511035919189453
0.01900339126586914
0.012036800384521484
0.014554738998413086
0.015334606170654297
0.017001628875732422
0.020006418228149414
0.0180051326751709
0.021043777465820312
0.03143644332885742
0.014007568359375
0.025003910064697266
0.026529312133789062
0.019342422485351562
0.021281003952026367
0.03200578689575195
0.056749582290649414
0.01700305938720703
0.028007030487060547
0.02270197868347168
0.022341012954711914
0.025496721267700195
0.02202010154724121
0.03300762176513672
0.03800535202026367
0.03021097183227539
0.024002552032470703
