9.605554580688477
10.544837474822998
11.985450506210327
10.416323184967041
10.847747087478638
10.308765888214111
10.671130657196045
10.441100120544434
10.534749984741211
9.76576018333435
10.078863620758057
11.092949390411377
10.52485179901123
11.061769247055054
11.700461149215698
10.663256883621216
11.334062099456787
10.978092432022095
11.56599736213684
10.726132869720459
12.88607382774353
12.160630702972412
11.604663848876953
9.441850662231445
10.781234502792358
9.965692520141602
10.377135753631592
9.704173564910889
9.803196668624878
9.407283782958984
10.129206418991089
9.605195999145508
9.69817566871643
9.552891969680786
10.382224798202515
9.357317209243774
9.76690673828125
9.506675958633423
10.692828178405762
9.438721418380737
10.241765260696411
10.336276292800903
11.36691689491272
11.002614974975586
11.584280729293823
11.253563642501831
12.477731227874756
11.599957466125488
11.226908683776855
11.785107374191284
13.266087770462036
11.527483463287354
12.857263088226318
12.651851415634155
13.923843383789062
11.978968143463135
12.546107530593872
13.402799129486084
12.755430459976196
13.36332106590271
12.840593099594116
12.881387948989868
12.933291912078857
13.217107057571411
11.96425199508667
13.079943180084229
13.202813386917114
10.518006801605225
11.787882566452026
12.761327028274536
12.88440990447998
11.859938144683838
13.131271123886108
12.995428562164307
13.443954706192017
12.437893867492676
14.954848527908325
10.980884552001953
