0.29300546646118164
0.2601354122161865
0.03439784049987793
0.06453609466552734
0.062085866928100586
0.03103947639465332
0.09393668174743652
0.05702948570251465
0.2431042194366455
0.032918691635131836
0.09246563911437988
0.0862874984741211
0.09983634948730469
0.05771160125732422
0.0664968490600586
0.0561223030090332
0.1448218822479248
0.033779144287109375
0.04211759567260742
0.6382081508636475
0.6333632469177246
0.6134624481201172
0.28196001052856445
0.17705345153808594
0.2989616394042969
0.6351697444915771
0.5507867336273193
0.060187339782714844
0.033215999603271484
0.47858691215515137
0.5452451705932617
0.061017513275146484
0.03671145439147949
0.18424701690673828
0.7225892543792725
0.04401254653930664
0.03200697898864746
0.16674184799194336
0.020006895065307617
0.41381287574768066
0.3324093818664551
0.07249593734741211
0.032006263732910156
0.06913995742797852
0.30660510063171387
0.13682174682617188
0.24214434623718262
0.2136976718902588
0.03018665313720703
0.038007497787475586
0.12972140312194824
0.2118542194366455
0.03902840614318848
0.04061555862426758
0.3516826629638672
0.06172680854797363
0.4399540424346924
0.6910724639892578
0.18969988822937012
0.10867476463317871
0.020007848739624023
