13.867506742477417
12.490731716156006
12.241717100143433
14.116964101791382
13.742873668670654
14.343732357025146
12.082807064056396
12.786442279815674
15.373725175857544
14.867997407913208
13.684242248535156
14.23031759262085
12.69603157043457
14.833117485046387
13.893701314926147
15.673157453536987
14.563272953033447
18.12991714477539
15.910945415496826
16.721809148788452
14.752630949020386
17.27244472503662
14.230079650878906
18.53156042098999
16.398430109024048
17.994176149368286
13.510368824005127
18.61431074142456
16.004441738128662
17.146268844604492
13.66205883026123
18.89851188659668
14.112930536270142
12.593070030212402
13.404591798782349
14.428220987319946
12.635431051254272
13.736212730407715
11.745545387268066
15.36988115310669
12.291539669036865
12.907093286514282
13.336057662963867
15.554364442825317
13.415690183639526
12.618441104888916
12.359301090240479
13.307839155197144
13.47661304473877
14.564739465713501
13.441056728363037
13.911512851715088
13.624544143676758
14.043238162994385
18.68695592880249
13.538195848464966
13.146643161773682
17.413516759872437
12.569299221038818
9.987226009368896
10.184779167175293
