12.113720893859863
12.178464889526367
12.17551326751709
11.18798565864563
13.742305278778076
10.776527881622314
13.672200202941895
11.450257539749146
12.051414728164673
12.849786520004272
14.480275392532349
10.753828763961792
12.545222282409668
13.21836543083191
14.780112266540527
10.129879474639893
11.330469608306885
9.929650783538818
9.988182306289673
9.92015814781189
11.529235601425171
9.654595375061035
10.741562366485596
10.551397562026978
10.023606777191162
10.520863771438599
11.180433511734009
9.947245597839355
11.732703924179077
8.763576984405518
11.785371541976929
10.531155347824097
10.052910566329956
10.319111108779907
10.891709566116333
9.78299355506897
11.47883939743042
9.331690549850464
10.916746377944946
8.700244903564453
9.567831754684448
9.529300689697266
10.8514244556427
10.141423225402832
10.96906304359436
10.091999292373657
10.730913162231445
11.077445030212402
11.771428108215332
10.949919700622559
11.181790113449097
10.507295846939087
10.005127191543579
10.283101797103882
9.37302827835083
9.35463285446167
9.846454620361328
8.832066535949707
8.588698863983154
8.146796941757202
8.776880025863647
8.777992010116577
11.06779932975769
10.787494897842407
10.934473514556885
9.761655569076538
10.607837200164795
10.655092716217041
11.034231185913086
10.8700852394104
11.686065673828125
9.801053285598755
11.263688802719116
9.429911613464355
11.468620538711548
10.5166757106781
9.038552284240723
7.9680564403533936
8.163723230361938
10.347681283950806
11.404879808425903
10.964086294174194
11.300448656082153
