0.29583096504211426
0.02212357521057129
0.024987459182739258
0.05201220512390137
0.035359859466552734
0.03305506706237793
0.04554414749145508
0.0200042724609375
0.02100396156311035
0.01703357696533203
0.021165132522583008
0.05200910568237305
0.0435328483581543
0.025664806365966797
0.030035018920898438
0.019003868103027344
0.02500748634338379
0.030004024505615234
0.02400517463684082
0.017640352249145508
0.035223960876464844
0.02805638313293457
0.024006128311157227
0.02802133560180664
0.02252340316772461
0.026006460189819336
0.018004655838012695
0.01907181739807129
0.018411874771118164
0.018004655838012695
0.024004697799682617
0.036138057708740234
0.0200045108795166
0.02600693702697754
0.029527902603149414
0.022667407989501953
0.018517732620239258
0.03297233581542969
0.02200794219970703
0.019660234451293945
0.024016857147216797
0.025025367736816406
0.02603435516357422
0.02200484275817871
0.030006885528564453
0.032103776931762695
0.021528244018554688
0.02500772476196289
0.01851487159729004
0.03755593299865723
0.029610395431518555
0.016002178192138672
0.02287006378173828
0.023992300033569336
0.01809549331665039
0.021313905715942383
0.01702284812927246
0.017003297805786133
0.026668548583984375
0.01805877685546875
0.02282238006591797
0.03400468826293945
0.025614023208618164
0.01801276206970215
0.027005672454833984
0.03900933265686035
0.021002531051635742
0.02045416831970215
0.023113727569580078
0.024025678634643555
0.021527767181396484
0.03151965141296387
0.0511777400970459
0.018996000289916992
0.025781631469726562
0.01900339126586914
0.01881265640258789
0.01782059669494629
0.016004562377929688
0.027523517608642578
0.04100918769836426
0.030517101287841797
0.027005672454833984
