0.3290572166442871
0.024487018585205078
0.028162479400634766
0.03228282928466797
0.039961814880371094
0.026874780654907227
0.020512819290161133
0.029799461364746094
0.030007123947143555
0.023036718368530273
0.03600716590881348
0.031517744064331055
0.019045114517211914
0.030026674270629883
0.02901935577392578
0.029529809951782227
0.030003070831298828
0.022008180618286133
0.03372478485107422
0.0437779426574707
0.027523040771484375
0.03100728988647461
0.027012348175048828
0.018308401107788086
0.027071475982666016
0.02600407600402832
0.01798701286315918
0.030007123947143555
0.02777576446533203
0.02678537368774414
0.017054080963134766
0.02652764320373535
0.02155303955078125
0.021019697189331055
0.027518510818481445
0.020952939987182617
0.020065784454345703
0.017003297805786133
0.024521827697753906
0.019011974334716797
0.022025108337402344
0.023679018020629883
0.028551578521728516
0.023006677627563477
0.046050071716308594
0.02710890769958496
0.025133371353149414
0.038117408752441406
0.06701374053955078
0.030476808547973633
0.02800607681274414
0.023857593536376953
0.023624181747436523
0.035764217376708984
0.02500295639038086
0.05311441421508789
0.023033618927001953
0.030490398406982422
0.022005319595336914
0.03952479362487793
0.026195764541625977
0.034011125564575195
0.05488991737365723
0.024776697158813477
0.03173828125
0.0365452766418457
0.025052309036254883
0.02153301239013672
0.06006455421447754
0.038332462310791016
0.03536057472229004
0.04965400695800781
0.02103567123413086
0.04152536392211914
0.05158734321594238
0.0680997371673584
0.04314112663269043
0.03609418869018555
