15.18638300895691
13.323880195617676
12.711331129074097
14.311485528945923
12.064153671264648
13.261430978775024
13.445507049560547
14.29665231704712
13.6198251247406
12.288985013961792
12.678388595581055
12.585184574127197
14.247354984283447
10.113121747970581
9.967617273330688
9.974774360656738
10.48142671585083
9.953511238098145
10.353251218795776
11.208357572555542
11.507343053817749
10.50166654586792
11.37270736694336
10.697849035263062
11.465911626815796
10.393925189971924
11.342502117156982
10.68914270401001
11.503567934036255
10.393731594085693
11.248669862747192
11.132894277572632
10.921972751617432
10.531771183013916
11.464303731918335
11.356085777282715
11.174274682998657
10.617247581481934
11.040333032608032
10.838451385498047
11.659849405288696
10.54227876663208
11.328717231750488
11.385102987289429
11.332290410995483
10.080025911331177
11.1649169921875
10.579488039016724
11.671363115310669
10.929020404815674
11.73257565498352
11.889190196990967
12.453002691268921
12.722947359085083
11.375844955444336
11.927961587905884
13.387635707855225
12.246250629425049
12.674829959869385
12.578960418701172
14.003796815872192
13.95759630203247
13.334424018859863
12.55259919166565
13.919368267059326
11.063063383102417
14.025304555892944
10.910941123962402
13.201521158218384
12.541422128677368
13.615062713623047
14.004268407821655
11.540992498397827
