0.29560351371765137
0.18813681602478027
0.06336522102355957
0.0642554759979248
0.05263066291809082
0.0620112419128418
0.03099679946899414
0.05560135841369629
0.44550323486328125
0.0339055061340332
0.16461944580078125
0.04303145408630371
0.06901335716247559
0.024997472763061523
0.03368067741394043
0.2199993133544922
0.18355488777160645
0.2522704601287842
0.22504949569702148
0.2441251277923584
0.032520294189453125
0.034023284912109375
0.030007600784301758
0.024004697799682617
0.03856039047241211
0.022003889083862305
0.03419780731201172
0.02806687355041504
0.04002213478088379
0.031032562255859375
0.12291216850280762
0.03210711479187012
0.017992496490478516
0.023531675338745117
0.18744516372680664
0.032259225845336914
0.030007123947143555
0.028028011322021484
0.14011859893798828
0.039108991622924805
0.12293362617492676
0.023873090744018555
0.0329892635345459
0.0425872802734375
0.12507987022399902
0.3230862617492676
0.036521196365356445
0.022894859313964844
0.2281806468963623
0.1949596405029297
0.028400421142578125
0.021577835083007812
0.3222806453704834
0.10213804244995117
0.1794719696044922
0.35051560401916504
0.02400684356689453
0.02203536033630371
0.030983686447143555
0.028928518295288086
0.667827844619751
0.27610135078430176
0.47695016860961914
0.05253887176513672
0.038080692291259766
0.040029287338256836
0.04107046127319336
0.3997831344604492
0.19704723358154297
0.7132806777954102
0.04466867446899414
0.02811145782470703
0.020005464553833008
