1.8707590103149414
1.9437713623046875
1.7353312969207764
1.9216797351837158
1.7236778736114502
1.6663479804992676
1.6477999687194824
1.8047654628753662
1.8403511047363281
1.659764051437378
1.6726360321044922
1.84916353225708
1.6765880584716797
1.7206001281738281
1.890665054321289
1.7084016799926758
1.6834287643432617
1.8809733390808105
1.8001995086669922
1.6606459617614746
1.8921210765838623
1.6793744564056396
1.652082920074463
1.8655264377593994
1.6788232326507568
1.6560134887695312
1.867051124572754
1.6579697132110596
1.6322393417358398
1.8798182010650635
1.7818524837493896
1.7931721210479736
1.6595237255096436
1.830838680267334
1.8389830589294434
1.6467483043670654
1.8507928848266602
1.6326875686645508
1.8092870712280273
1.6423625946044922
1.7825438976287842
1.8093669414520264
1.6198539733886719
1.8001949787139893
1.8605577945709229
1.648526668548584
1.6309421062469482
1.7886457443237305
1.8320062160491943
1.6573843955993652
1.6185882091522217
1.8121190071105957
1.8779027462005615
1.6797144412994385
1.6268541812896729
1.7861647605895996
1.8259713649749756
1.6456024646759033
1.6151716709136963
1.8129000663757324
1.8587677478790283
1.6438875198364258
1.6191492080688477
1.8017969131469727
1.8491599559783936
1.6456279754638672
1.6159470081329346
1.8052332401275635
1.8441038131713867
1.7179176807403564
1.6376028060913086
1.824230670928955
1.8809125423431396
1.6768169403076172
1.6467876434326172
1.8112804889678955
1.8368480205535889
1.6577816009521484
1.661543846130371
1.8122549057006836
1.8594131469726562
1.669942855834961
1.6708757877349854
1.8577849864959717
1.6586904525756836
1.634244680404663
1.8440914154052734
1.7397704124450684
1.692380666732788
1.8534257411956787
1.6964337825775146
1.670250654220581
1.9036848545074463
1.6831729412078857
1.6449899673461914
1.8529627323150635
1.6941068172454834
1.6900901794433594
1.8417816162109375
1.6406643390655518
1.6527938842773438
1.8420162200927734
1.656886100769043
1.6464173793792725
1.8824758529663086
1.67445707321167
1.6696524620056152
1.8571112155914307
1.701507329940796
1.6542482376098633
1.8431711196899414
1.6748716831207275
1.6783215999603271
1.6308114528656006
1.8096482753753662
1.8678874969482422
1.6495826244354248
1.911973476409912
1.764141321182251
2.090803384780884
1.7847416400909424
2.0839602947235107
1.9629323482513428
1.8639838695526123
2.0116281509399414
1.933133602142334
1.74723482131958
1.7039036750793457
1.8383698463439941
1.8695476055145264
1.8831758499145508
1.7164833545684814
1.9314000606536865
2.0334043502807617
