1.858875036239624
1.768458604812622
1.7414138317108154
1.8050360679626465
1.7726891040802002
1.8002870082855225
1.7528579235076904
1.816685438156128
1.7534775733947754
1.8093430995941162
1.750373363494873
1.8239436149597168
1.7600793838500977
1.7963364124298096
1.8246705532073975
1.7976069450378418
1.7725610733032227
1.7565398216247559
1.8824763298034668
1.792128086090088
1.7441658973693848
1.7626097202301025
1.8221726417541504
1.8956043720245361
1.8353331089019775
1.8247754573822021
1.8911845684051514
1.8872079849243164
1.829676628112793
1.782522439956665
1.83341383934021
1.841611623764038
1.862607717514038
1.9610130786895752
1.9955971240997314
1.827695608139038
1.9805505275726318
1.8513054847717285
1.930657148361206
1.8572914600372314
1.8168904781341553
1.7924137115478516
1.8506526947021484
1.820164442062378
1.821725845336914
1.7900071144104004
1.8640613555908203
1.810746192932129
1.8084032535552979
1.7845003604888916
1.8161909580230713
1.806107521057129
1.917764663696289
1.7961382865905762
1.789802074432373
1.7930700778961182
1.8544540405273438
1.876244068145752
1.8262739181518555
1.826685905456543
1.864243745803833
1.8235015869140625
1.8236849308013916
1.803037405014038
1.867828130722046
1.8590257167816162
1.8190176486968994
1.8000168800354004
1.8247520923614502
1.8192620277404785
1.9354488849639893
1.8237602710723877
1.7842741012573242
1.7956898212432861
1.8402025699615479
1.8535106182098389
1.8268685340881348
1.823265552520752
1.8727390766143799
1.8378043174743652
1.8291311264038086
1.8158068656921387
1.8673374652862549
1.8262152671813965
1.8321788311004639
1.802069902420044
1.8208627700805664
1.813110113143921
1.9349889755249023
1.8155937194824219
1.7852253913879395
1.826563835144043
1.845900535583496
1.8744874000549316
1.835453748703003
1.844916820526123
1.8814952373504639
1.8547344207763672
1.8852953910827637
1.8197336196899414
1.8799090385437012
1.843125820159912
1.8336665630340576
1.789783239364624
1.8629765510559082
1.8302524089813232
1.9423205852508545
1.8304829597473145
1.7813940048217773
1.8058655261993408
1.8456192016601562
1.8820219039916992
1.836052417755127
1.8128783702850342
1.8852131366729736
1.832655668258667
1.8475849628448486
1.820406198501587
1.864710807800293
1.8319787979125977
1.839555263519287
1.8074662685394287
1.8252432346343994
1.8258895874023438
1.9547405242919922
1.8358862400054932
1.7886977195739746
1.817073106765747
1.9275116920471191
2.082764148712158
1.923677921295166
1.8959615230560303
1.861189365386963
1.9866187572479248
1.8564605712890625
1.8438923358917236
1.833139419555664
1.908954381942749
1.8935813903808594
1.8841722011566162
2.028824806213379
1.9332859516143799
1.8801133632659912
1.865473747253418
1.8345773220062256
1.8957219123840332
1.8350319862365723
2.001589059829712
1.82440185546875
1.8753366470336914
1.8194575309753418
1.8721561431884766
1.8194177150726318
1.8837039470672607
1.8113479614257812
1.8645224571228027
1.886080026626587
1.8340368270874023
1.8394579887390137
1.8069748878479004
1.8727936744689941
1.8828186988830566
1.9678006172180176
1.9502410888671875
1.8523070812225342
1.834592580795288
1.872370958328247
1.9313113689422607
1.8528716564178467
1.847360610961914
1.808042287826538
1.9543852806091309
1.8250293731689453
1.818047285079956
1.8227055072784424
1.8724193572998047
1.8981294631958008
1.8859434127807617
1.837568998336792
1.8946661949157715
1.8601558208465576
1.8544590473175049
1.8173398971557617
1.8915915489196777
1.8216590881347656
1.883551836013794
1.8173320293426514
1.8929524421691895
1.8257019519805908
1.8830175399780273
1.8279154300689697
1.9029161930084229
1.8214964866638184
1.8833837509155273
1.9084479808807373
1.8856325149536133
1.8659090995788574
1.8215646743774414
1.8611245155334473
1.8410279750823975
1.97059965133667
1.8490707874298096
1.8190498352050781
1.8199410438537598
1.86285400390625
1.8959980010986328
1.8508305549621582
1.84273362159729
1.8130981922149658
1.962141513824463
1.8475754261016846
1.8132236003875732
1.8215930461883545
1.8716158866882324
1.908097267150879
1.8686320781707764
1.8356211185455322
1.900730848312378
1.863293170928955
1.8660850524902344
1.834519863128662
1.8880126476287842
1.8323864936828613
1.880103588104248
1.8416824340820312
1.9016683101654053
1.8347773551940918
1.8911736011505127
1.9162211418151855
1.891838788986206
1.8235206604003906
1.8657879829406738
1.9133059978485107
1.8706438541412354
1.861459732055664
1.8181838989257812
1.8853967189788818
1.9453470706939697
2.1601009368896484
1.8999576568603516
2.013716697692871
2.0562121868133545
1.9547274112701416
1.9271492958068848
1.935777187347412
1.904139518737793
1.8798315525054932
2.0150506496429443
1.8637101650238037
1.8706774711608887
1.8887450695037842
2.070260763168335
1.9715309143066406
1.8742306232452393
1.864008903503418
2.138564348220825
1.9857800006866455
1.9765124320983887
1.929170846939087
1.9515700340270996
1.8377463817596436
1.903548002243042
1.837956428527832
1.91611909866333
1.8460547924041748
1.906238317489624
1.8627521991729736
1.9059765338897705
1.8616724014282227
1.8899662494659424
1.9161202907562256
1.8742053508758545
1.8762426376342773
1.8403186798095703
1.8712472915649414
1.879410982131958
1.9628593921661377
1.86214017868042
1.828235387802124
1.9043173789978027
1.8740999698638916
1.9122233390808105
1.8737075328826904
1.8712763786315918
1.8346827030181885
1.98000168800354
1.8387620449066162
1.8227012157440186
1.85029935836792
1.8910653591156006
1.9133903980255127
1.902245044708252
1.8547849655151367
1.9175209999084473
1.884939432144165
1.8762340545654297
1.8501005172729492
1.9074885845184326
1.8521690368652344
1.9008831977844238
1.8498473167419434
1.9238090515136719
1.844111442565918
1.9125492572784424
1.8432679176330566
1.9084751605987549
1.8490374088287354
1.880539894104004
1.9195313453674316
1.8806860446929932
1.867595911026001
1.8439738750457764
1.8689608573913574
1.8800740242004395
1.9751548767089844
1.851384162902832
1.8224546909332275
1.8520073890686035
1.8932297229766846
1.9216270446777344
1.8924283981323242
1.870743989944458
1.835432767868042
1.9971513748168945
1.8568527698516846
1.8383567333221436
1.894871473312378
2.250028371810913
2.7174079418182373
1.9874553680419922
1.9548673629760742
2.000208616256714
1.9457483291625977
1.949653148651123
1.916010856628418
2.0165483951568604
1.9518280029296875
1.9528515338897705
1.8537499904632568
1.9191722869873047
1.868481159210205
1.9170875549316406
1.8585233688354492
1.9270575046539307
1.8908259868621826
1.9019145965576172
1.9455273151397705
2.0822179317474365
1.9659793376922607
1.878368854522705
1.9438128471374512
1.9174983501434326
2.1195719242095947
2.055189847946167
1.8763084411621094
1.8691906929016113
2.0938172340393066
2.119288444519043
1.9349148273468018
1.9314699172973633
1.9105303287506104
2.015141010284424
1.9300954341888428
1.9270529747009277
1.9171409606933594
2.0571866035461426
1.992021083831787
1.9356458187103271
1.93009614944458
2.060145378112793
1.946955680847168
1.9657566547393799
1.9687283039093018
1.9768528938293457
1.948340892791748
1.968562126159668
2.0655035972595215
2.007885456085205
1.8730888366699219
2.023329019546509
1.9427344799041748
1.986513376235962
1.9813563823699951
1.9606883525848389
1.9751734733581543
1.9033780097961426
2.116056442260742
1.898430347442627
2.0199410915374756
1.9648635387420654
2.05802321434021
1.8992981910705566
2.0656113624572754
1.8902709484100342
2.0342214107513428
1.9783906936645508
1.9611873626708984
2.0632567405700684
1.9123551845550537
2.1003990173339844
1.9155762195587158
1.9288861751556396
1.9982385635375977
1.9535980224609375
2.0591890811920166
1.9436852931976318
1.9390156269073486
1.9696710109710693
1.9316389560699463
1.9356708526611328
1.8833208084106445
1.9367468357086182
1.8816039562225342
1.9464032649993896
1.9049713611602783
1.9848039150238037
1.925861120223999
2.0195515155792236
1.9245967864990234
2.0226478576660156
1.8939447402954102
2.02583909034729
2.0347955226898193
1.9949955940246582
1.9741339683532715
1.9536852836608887
1.9338808059692383
1.913339376449585
2.010246992111206
1.8885352611541748
1.8640313148498535
1.8706459999084473
1.9401297569274902
1.978400468826294
1.9109930992126465
1.9449374675750732
1.8670539855957031
2.056464433670044
1.9697997570037842
1.898857593536377
1.9254209995269775
1.9568455219268799
2.0895631313323975
2.023230791091919
1.9819731712341309
2.1181342601776123
1.9607651233673096
1.9431774616241455
1.9733543395996094
2.0178420543670654
1.8992044925689697
1.9481201171875
1.8715994358062744
1.974661111831665
1.90592360496521
1.9836931228637695
1.9386417865753174
1.9877443313598633
1.9240150451660156
1.9473204612731934
2.025224447250366
1.9315853118896484
1.9670426845550537
1.9654958248138428
1.987410068511963
1.968275547027588
2.06966233253479
1.9566595554351807
1.952883005142212
1.928053855895996
1.9859490394592285
1.9796650409698486
1.9707159996032715
1.9528357982635498
1.9141252040863037
