1.8665781021118164
1.7846980094909668
2.899606943130493
2.0384581089019775
1.7263875007629395
1.9338610172271729
1.7516820430755615
1.7671005725860596
1.7134747505187988
3.1068713665008545
2.1998696327209473
1.9221136569976807
1.8492655754089355
2.0190975666046143
1.80562424659729
1.8269481658935547
2.0366709232330322
1.8645334243774414
1.742356300354004
1.9551537036895752
1.709334373474121
1.6644680500030518
1.9294624328613281
1.7021303176879883
1.6965641975402832
1.9051322937011719
1.6984517574310303
1.6825470924377441
1.922947645187378
1.7297396659851074
1.7276825904846191
1.9805052280426025
1.8435630798339844
1.6805174350738525
1.9974336624145508
1.771571397781372
1.7188754081726074
1.6583406925201416
1.8460443019866943
1.8589715957641602
1.6873979568481445
1.8480615615844727
1.6704950332641602
1.8632023334503174
1.6291007995605469
1.8024046421051025
1.8620219230651855
1.7984530925750732
2.024696111679077
1.90576171875
1.7400894165039062
1.732860803604126
1.9235961437225342
1.8908157348632812
1.9487767219543457
1.7739958763122559
1.9043219089508057
1.9291329383850098
1.7926387786865234
1.679046392440796
1.8461480140686035
2.0125460624694824
1.7954003810882568
1.6646759510040283
1.8662331104278564
1.9446959495544434
1.794323444366455
1.7280068397521973
1.853785753250122
1.8981101512908936
1.7038588523864746
1.6609668731689453
1.8304147720336914
1.9174983501434326
1.6905691623687744
1.653710126876831
1.8553063869476318
1.885033130645752
1.701599359512329
1.6710405349731445
1.935840368270874
2.098080635070801
1.823401927947998
1.7508978843688965
1.8962175846099854
1.9499266147613525
1.7262439727783203
1.7009291648864746
1.9029622077941895
1.713486909866333
1.7048022747039795
1.9104888439178467
1.7032623291015625
1.6873085498809814
1.911210060119629
1.7109849452972412
1.690284013748169
1.9615426063537598
1.725982427597046
1.6977100372314453
1.9326627254486084
1.7483751773834229
1.684305191040039
1.9052329063415527
1.7083847522735596
1.6676104068756104
1.893082857131958
1.6961979866027832
1.6853570938110352
1.8931770324707031
1.6931524276733398
1.6779348850250244
2.0856735706329346
1.7161884307861328
1.6969451904296875
1.922391653060913
1.7108004093170166
1.70029616355896
1.6646008491516113
1.8629894256591797
1.8599367141723633
1.6564879417419434
1.8467943668365479
1.6749470233917236
1.8465690612792969
1.6501948833465576
1.8074257373809814
1.8336632251739502
1.6515965461730957
1.8233332633972168
1.875950574874878
1.6941869258880615
1.6600992679595947
1.8365139961242676
1.8891024589538574
1.6853413581848145
1.6544203758239746
1.8505611419677734
1.940795660018921
1.6933932304382324
1.6513621807098389
1.8294193744659424
1.9168715476989746
1.6889712810516357
1.666288137435913
1.826798677444458
1.8902084827423096
1.6946079730987549
1.666562557220459
1.8407230377197266
1.9152543544769287
1.696030616760254
1.6613738536834717
1.879878282546997
1.8946027755737305
1.691528081893921
1.6713998317718506
1.8436827659606934
1.8987772464752197
1.6911866664886475
1.6712305545806885
1.8287858963012695
1.8950130939483643
1.6839628219604492
1.661233901977539
1.8598933219909668
1.900444507598877
1.7049376964569092
1.682377815246582
1.905170202255249
1.7143828868865967
1.6908435821533203
1.9088773727416992
1.7110579013824463
1.6950392723083496
1.9128031730651855
1.7121896743774414
1.7040822505950928
1.896737813949585
1.7201051712036133
1.7049224376678467
1.89605712890625
1.7547056674957275
1.6917989253997803
1.9045565128326416
1.7109596729278564
1.6993908882141113
1.9453248977661133
1.720379114151001
1.6998608112335205
1.918431282043457
1.7199311256408691
1.7104847431182861
1.9029557704925537
1.730379581451416
1.7139904499053955
1.9170541763305664
1.727942705154419
1.7100019454956055
1.6827194690704346
1.8483991622924805
1.8946266174316406
1.724954605102539
1.7693958282470703
1.8627665042877197
2.007275342941284
1.7263920307159424
1.6643731594085693
1.8489441871643066
1.907848834991455
1.7159209251403809
1.6860673427581787
1.8420665264129639
1.8970420360565186
1.7093837261199951
1.6812870502471924
1.853327989578247
1.9068007469177246
1.718385934829712
1.6835894584655762
1.8692562580108643
1.9200119972229004
1.7143864631652832
1.6929516792297363
1.8556487560272217
1.9149560928344727
1.7228143215179443
1.722412347793579
1.9299025535583496
1.7220354080200195
1.7018709182739258
1.9039711952209473
1.7485272884368896
1.7143020629882812
1.9198062419891357
1.7288265228271484
1.7065472602844238
1.915146827697754
1.7324860095977783
1.7099215984344482
1.9359931945800781
1.7414557933807373
1.715911626815796
1.9112846851348877
1.7269001007080078
1.7147200107574463
1.916273593902588
1.7439377307891846
1.702383041381836
1.9313578605651855
1.7309234142303467
1.71718430519104
1.9310879707336426
1.7257325649261475
1.7071964740753174
1.9384369850158691
1.7384257316589355
1.8324618339538574
1.9665155410766602
1.987947702407837
1.9271273612976074
1.7233781814575195
1.6913928985595703
1.866403579711914
1.9190900325775146
1.7140717506408691
1.6935136318206787
1.8993735313415527
1.9716682434082031
1.8207905292510986
1.8184573650360107
2.092881679534912
1.9409568309783936
1.7229604721069336
1.744497537612915
1.9575762748718262
1.9494853019714355
1.7669949531555176
1.863387107849121
1.9857630729675293
2.004556655883789
1.7825100421905518
1.7274916172027588
1.8834669589996338
1.94685697555542
1.7443921566009521
1.7129676342010498
1.9640324115753174
1.7413833141326904
1.7103972434997559
1.9284381866455078
1.7573933601379395
1.7248039245605469
1.939621925354004
1.7383882999420166
1.7235636711120605
1.942326307296753
1.7517743110656738
1.7226948738098145
1.9423151016235352
1.748093843460083
1.732386827468872
1.9480574131011963
1.741441011428833
1.7531049251556396
2.1313626766204834
1.776618242263794
1.7385585308074951
1.9425134658813477
1.7449328899383545
1.7914001941680908
2.0190327167510986
1.85994291305542
1.7904021739959717
2.0535988807678223
2.1424806118011475
1.9357519149780273
1.824312686920166
2.065786123275757
2.080320119857788
1.8884234428405762
1.7402715682983398
1.9664411544799805
2.022585153579712
1.8176243305206299
1.772613763809204
1.976447582244873
2.0302011966705322
1.8174107074737549
1.769395112991333
1.9236388206481934
1.9728243350982666
1.7578754425048828
1.8191256523132324
1.9694492816925049
1.971947193145752
1.8764195442199707
1.8464136123657227
2.0566821098327637
2.2361271381378174
2.066793441772461
1.8573362827301025
2.074002504348755
2.11807918548584
1.8584144115447998
1.8324670791625977
2.079721212387085
1.8869843482971191
1.9081573486328125
2.1647233963012695
1.9019567966461182
1.7914199829101562
2.00042986869812
1.9914624691009521
1.7943949699401855
2.058384418487549
1.876929759979248
1.8861331939697266
2.031939744949341
1.7984998226165771
1.7858288288116455
2.006997585296631
1.7831275463104248
1.774625301361084
1.985426425933838
1.8256309032440186
1.8109197616577148
2.0474910736083984
2.0119805335998535
1.8239376544952393
2.0709633827209473
1.882338523864746
2.1589674949645996
2.307762622833252
1.9436519145965576
1.8906326293945312
1.9137992858886719
2.1754751205444336
2.0579514503479004
1.813136100769043
1.8563597202301025
2.0187623500823975
2.0606889724731445
1.876018762588501
1.7725610733032227
1.943598985671997
2.043790578842163
1.824411392211914
1.7719662189483643
1.9634404182434082
2.0664660930633545
1.8555123805999756
1.8354113101959229
1.98478102684021
2.0441668033599854
1.8649013042449951
1.823986530303955
2.00671648979187
2.0879130363464355
2.0537047386169434
1.921431064605713
2.047670841217041
1.974884271621704
1.9253625869750977
1.9242334365844727
2.4190104007720947
2.3347153663635254
1.8874070644378662
2.061129331588745
1.8071446418762207
1.8134055137634277
2.0667073726654053
1.975050449371338
1.8644111156463623
2.2595083713531494
1.869420051574707
1.8283100128173828
2.124300003051758
1.9269752502441406
1.8495292663574219
2.026000738143921
1.8473007678985596
1.823725700378418
2.0089123249053955
1.890484094619751
2.2307815551757812
2.279597759246826
1.9921622276306152
1.908965826034546
2.2330868244171143
1.873739242553711
1.8243422508239746
2.0394041538238525
1.8161544799804688
1.9520220756530762
1.85105299949646
1.9321997165679932
2.1267642974853516
1.8532443046569824
1.8025929927825928
2.158874273300171
2.1074726581573486
1.831949234008789
1.7893877029418945
2.0874688625335693
2.059471607208252
1.8944933414459229
1.7634737491607666
1.9722979068756104
2.1074657440185547
1.8244295120239258
1.7479102611541748
1.9288508892059326
1.9950947761535645
1.8201167583465576
1.8004059791564941
2.0284318923950195
2.0611023902893066
1.830141544342041
1.809934139251709
1.936577558517456
1.7553925514221191
2.027714729309082
1.9518344402313232
1.981137990951538
1.8054068088531494
2.3805339336395264
2.244504451751709
2.041633367538452
2.0321547985076904
2.052459716796875
2.1033689975738525
2.155484676361084
1.8204073905944824
1.81742262840271
2.085453748703003
2.1284778118133545
1.9834463596343994
1.7784066200256348
1.922062873840332
1.9884469509124756
1.7714102268218994
1.7543790340423584
1.9588651657104492
