1.4669339656829834
1.6871366500854492
1.717012643814087
1.6766667366027832
1.7289021015167236
1.7154419422149658
1.7501237392425537
1.697232961654663
1.7523934841156006
1.6998207569122314
1.7552316188812256
1.7118310928344727
1.7612485885620117
1.702096939086914
1.7540700435638428
1.7623820304870605
1.7512342929840088
1.7213292121887207
1.7060766220092773
1.7427847385406494
1.7295730113983154
1.8338241577148438
1.7366623878479004
1.70475435256958
1.7186880111694336
1.7635326385498047
1.7940173149108887
1.751410961151123
1.733844518661499
1.7171623706817627
1.8442182540893555
1.7335679531097412
1.7114989757537842
1.7176618576049805
1.7747421264648438
1.7902569770812988
1.759610891342163
1.7388763427734375
1.800039291381836
1.773104190826416
1.7769737243652344
1.7459065914154053
1.8020567893981934
1.7358036041259766
1.7983369827270508
1.7314777374267578
1.7952098846435547
1.757416009902954
1.7885534763336182
1.7553071975708008
1.7996187210083008
1.7814972400665283
1.7820680141448975
1.8112525939941406
1.7784171104431152
1.7930424213409424
1.7401535511016846
1.791940689086914
1.784766435623169
1.8668792247772217
1.7535507678985596
1.7469041347503662
1.8081393241882324
1.8641700744628906
1.8221442699432373
1.7703795433044434
1.7603363990783691
1.7204382419586182
1.871394395828247
1.754960060119629
1.728874683380127
1.7596971988677979
1.7814114093780518
1.9623689651489258
