0.0010004043579101562
0.001001596450805664
0.00099945068359375
0.00099945068359375
0.0009999275207519531
0.00099945068359375
0.0
0.0009982585906982422
0.0020012855529785156
0.0019991397857666016
0.0009937286376953125
0.0009999275207519531
0.0010001659393310547
0.0009992122650146484
0.0010008811950683594
0.0010001659393310547
0.0009982585906982422
0.000988006591796875
0.0010001659393310547
0.0009813308715820312
0.0009937286376953125
0.0010006427764892578
0.0009882450103759766
0.0010123252868652344
0.0019979476928710938
0.0020012855529785156
0.0009951591491699219
0.0009942054748535156
0.0009961128234863281
0.002007722854614258
0.002020120620727539
0.0019991397857666016
0.0019979476928710938
0.001001596450805664
0.0020003318786621094
0.0020055770874023438
0.0020034313201904297
0.002000093460083008
0.0020127296447753906
0.0020008087158203125
0.0009989738464355469
0.0020058155059814453
0.00200653076171875
0.0009989738464355469
0.001992464065551758
0.002996683120727539
0.0019998550415039062
0.002988576889038086
0.0019989013671875
0.003000974655151367
0.003000497817993164
0.002001523971557617
0.001999378204345703
0.0019953250885009766
0.0030126571655273438
0.003000497817993164
0.003000497817993164
0.003001689910888672
0.001993894577026367
0.002994060516357422
0.0030014514923095703
0.004004240036010742
0.0029969215393066406
0.002990245819091797
0.004000186920166016
0.0030019283294677734
0.007994413375854492
0.008002281188964844
0.007996320724487305
0.009000062942504883
0.00900721549987793
0.009001731872558594
0.011005878448486328
0.010002613067626953
0.010002851486206055
0.01000356674194336
0.01099085807800293
0.011004924774169922
0.011001110076904297
0.01201009750366211
0.01400303840637207
0.013004302978515625
0.015003204345703125
0.010997533798217773
0.012000799179077148
0.01200413703918457
0.01301121711730957
0.012990474700927734
0.012006044387817383
0.013005256652832031
0.012007951736450195
0.012985944747924805
0.012990951538085938
0.012990236282348633
0.014003753662109375
0.01400136947631836
0.01399374008178711
0.01400446891784668
0.01499629020690918
0.014003515243530273
0.013996362686157227
0.013996601104736328
0.014997482299804688
0.016003847122192383
0.015996932983398438
0.016007184982299805
0.015000581741333008
0.0169830322265625
0.015377521514892578
0.016005754470825195
0.017004013061523438
0.016997575759887695
0.01700448989868164
0.017004013061523438
0.016005754470825195
0.01598978042602539
0.016004085540771484
0.016990184783935547
0.015998125076293945
0.016988515853881836
0.017008304595947266
0.0180056095123291
0.018005847930908203
0.017986536026000977
0.019016027450561523
0.017991065979003906
0.017992019653320312
0.019001245498657227
0.019003868103027344
0.018993377685546875
0.01900315284729004
0.019005298614501953
0.0189971923828125
0.020004987716674805
0.01999640464782715
0.01899862289428711
0.02000594139099121
0.021999120712280273
0.022005558013916016
0.020020008087158203
0.02000284194946289
0.020993709564208984
0.023998498916625977
0.020986318588256836
0.023017168045043945
0.022998809814453125
0.023005962371826172
0.021024465560913086
0.021994352340698242
0.02299213409423828
0.022998571395874023
0.023991107940673828
0.023987293243408203
0.022986888885498047
0.022999048233032227
0.02400517463684082
0.0245058536529541
0.025013208389282227
0.026004552841186523
0.024997472763061523
0.024019956588745117
0.026030302047729492
0.025992870330810547
0.025996685028076172
0.02598881721496582
0.025988340377807617
0.026015520095825195
0.02600836753845215
0.026992082595825195
0.027013301849365234
0.02999091148376465
0.030561447143554688
0.03002142906188965
0.02998948097229004
0.03000164031982422
0.03000664710998535
0.03399968147277832
0.03199291229248047
0.032042741775512695
0.03300619125366211
0.03198695182800293
0.03300738334655762
0.03400993347167969
0.033002376556396484
0.034011125564575195
0.03698849678039551
0.03400063514709473
0.03400063514709473
0.03500056266784668
0.03500080108642578
0.035024166107177734
0.03501176834106445
0.03500962257385254
0.03599905967712402
0.037000417709350586
0.03600335121154785
0.03601408004760742
0.03698921203613281
0.03899812698364258
0.0380251407623291
0.03499007225036621
0.03399491310119629
0.039011240005493164
0.036006927490234375
0.03500008583068848
0.03499746322631836
0.03499150276184082
0.0350031852722168
0.03706789016723633
0.035988807678222656
0.037009477615356445
0.03599381446838379
0.03600120544433594
0.037007808685302734
0.03499960899353027
0.0370028018951416
0.03700399398803711
0.04000997543334961
0.03698921203613281
0.0380098819732666
0.03900313377380371
0.039000749588012695
0.03900766372680664
0.04101753234863281
0.03900909423828125
0.040491580963134766
0.042009592056274414
0.04502463340759277
0.040006399154663086
0.041013479232788086
0.03898882865905762
0.0399928092956543
0.04099082946777344
0.03995871543884277
0.04053854942321777
0.04000401496887207
0.043001413345336914
0.041002511978149414
0.0419926643371582
0.042002201080322266
0.04501199722290039
0.04399275779724121
0.04299426078796387
0.042008399963378906
0.044007301330566406
0.044608116149902344
0.04499554634094238
0.04399561882019043
0.04501056671142578
0.047998905181884766
0.046553611755371094
0.04702281951904297
0.048006296157836914
0.04401063919067383
0.04499053955078125
0.04699444770812988
0.046015262603759766
0.04600930213928223
0.05455136299133301
0.05301189422607422
0.0470128059387207
0.04599642753601074
0.04901123046875
0.04801011085510254
0.05401897430419922
0.0480196475982666
0.04805493354797363
0.04798436164855957
0.05001211166381836
0.05699753761291504
0.050011634826660156
0.05002570152282715
0.04999709129333496
0.04999661445617676
0.051036834716796875
0.055010080337524414
0.05001330375671387
0.05201101303100586
0.056012868881225586
0.05201244354248047
0.0500187873840332
0.05301070213317871
0.054000139236450195
0.05200648307800293
0.05499911308288574
0.05300545692443848
0.05301260948181152
0.055014610290527344
0.051993370056152344
0.053018808364868164
0.051023006439208984
0.05499720573425293
0.05499911308288574
0.0540008544921875
0.053995609283447266
0.05205559730529785
0.05401182174682617
0.05501294136047363
0.05401158332824707
0.05400443077087402
0.05601358413696289
0.056005239486694336
0.05500674247741699
0.055008649826049805
0.05701613426208496
0.061013221740722656
0.05706071853637695
0.05670452117919922
0.05600452423095703
0.05599713325500488
0.058013200759887695
0.05901455879211426
0.06100726127624512
0.062015533447265625
0.060012102127075195
0.06701493263244629
0.060006141662597656
0.06402587890625
0.06000161170959473
0.0800173282623291
0.057993412017822266
0.06201481819152832
0.05801272392272949
0.06201338768005371
0.06200122833251953
0.06101369857788086
0.06301712989807129
0.06101512908935547
0.06201672554016113
0.07201814651489258
0.05899405479431152
0.062018394470214844
0.06101489067077637
0.06614375114440918
0.062035560607910156
0.059999704360961914
0.0710148811340332
0.0690159797668457
0.06499910354614258
0.06903600692749023
0.09002065658569336
0.06501460075378418
0.06801533699035645
0.0670168399810791
0.0690159797668457
0.07002401351928711
0.06600689888000488
0.06603550910949707
0.06900238990783691
0.08101630210876465
0.06601572036743164
0.07002115249633789
0.06601285934448242
0.0760185718536377
0.069000244140625
0.0729990005493164
0.06699943542480469
0.0650177001953125
0.07001471519470215
0.07100796699523926
0.07200026512145996
0.07000899314880371
0.07000851631164551
0.06801652908325195
0.06953716278076172
0.07601618766784668
0.0749964714050293
0.0780189037322998
0.0780172348022461
0.07301592826843262
0.07501435279846191
0.07101607322692871
0.08516907691955566
0.08201956748962402
0.07825088500976562
0.07354450225830078
0.08402085304260254
0.0765845775604248
0.07511043548583984
0.07753324508666992
0.07701373100280762
0.07600879669189453
0.08303046226501465
0.0960233211517334
0.07301688194274902
0.08001828193664551
0.08103132247924805
0.08501839637756348
0.07301688194274902
0.07701468467712402
0.07401680946350098
0.08511710166931152
0.07300949096679688
0.0750112533569336
0.07971310615539551
0.08601903915405273
0.0810239315032959
0.07901859283447266
0.0800178050994873
0.08002042770385742
0.07901763916015625
0.08401894569396973
0.07800865173339844
0.08501887321472168
0.07961106300354004
0.09143781661987305
0.09702205657958984
0.089019775390625
0.0770118236541748
0.08201956748962402
0.08101844787597656
0.0780177116394043
0.0960245132446289
0.08301997184753418
0.07801604270935059
0.0780172348022461
0.08001208305358887
0.09100699424743652
0.08602023124694824
0.08701658248901367
0.07901287078857422
0.09402036666870117
0.0870215892791748
0.08201980590820312
0.09302496910095215
0.08502030372619629
0.09402060508728027
0.08201789855957031
0.09902262687683105
0.09709858894348145
0.0850372314453125
0.08201336860656738
0.08503484725952148
0.08302521705627441
0.09202408790588379
0.0860297679901123
0.08359360694885254
0.10202336311340332
0.08402037620544434
0.09102010726928711
0.09100508689880371
0.08501219749450684
0.08482527732849121
0.0900120735168457
0.09801983833312988
0.0920114517211914
0.08900952339172363
0.09001803398132324
0.0992898941040039
0.09202098846435547
0.09203839302062988
0.08501982688903809
0.08509135246276855
0.08602666854858398
0.08501529693603516
0.08699750900268555
0.08902692794799805
0.08701968193054199
0.09301233291625977
0.08701872825622559
0.08802080154418945
0.08801722526550293
0.09403014183044434
0.09603095054626465
0.09000563621520996
0.0960078239440918
0.1400301456451416
0.12802839279174805
0.10301995277404785
0.11902499198913574
0.09902405738830566
0.10602426528930664
0.0960226058959961
0.0910193920135498
0.09502863883972168
0.09902119636535645
0.1000216007232666
0.10002350807189941
0.09302163124084473
0.09402132034301758
0.09802889823913574
0.09301638603210449
0.09500360488891602
0.09802937507629395
