0.000993490219116211
0.0005147457122802734
0.0010025501251220703
0.0009932518005371094
0.0009989738464355469
0.0010004043579101562
0.000997304916381836
0.0010120868682861328
0.0010013580322265625
0.0010004043579101562
0.0009951591491699219
0.0009949207305908203
0.0009999275207519531
0.0009992122650146484
0.0009999275207519531
0.0006837844848632812
0.0010013580322265625
0.0019998550415039062
0.0010004043579101562
0.001994609832763672
0.0019998550415039062
0.0010001659393310547
0.0019881725311279297
0.0010080337524414062
0.0020020008087158203
0.0010008811950683594
0.0019991397857666016
0.0020074844360351562
0.0010013580322265625
0.00099945068359375
0.0019991397857666016
0.0019998550415039062
0.0020079612731933594
0.0020003318786621094
0.000993490219116211
0.0019996166229248047
0.001987457275390625
0.0018455982208251953
0.00200653076171875
0.001012563705444336
0.0020208358764648438
0.0030007362365722656
0.00201416015625
0.002007007598876953
0.0019996166229248047
0.0019991397857666016
0.0030095577239990234
0.002995729446411133
0.0030074119567871094
0.0019884109497070312
0.0030057430267333984
0.001988649368286133
0.0020072460174560547
0.0029997825622558594
0.0019989013671875
0.0030007362365722656
0.0030057430267333984
0.0029206275939941406
0.0029838085174560547
0.0030853748321533203
0.0029921531677246094
0.0029954910278320312
0.003989696502685547
0.003019571304321289
0.0029892921447753906
0.002988576889038086
0.003008604049682617
0.003983497619628906
0.002995729446411133
0.002981424331665039
0.00365447998046875
0.004026174545288086
0.004001140594482422
0.004007816314697266
0.003012418746948242
0.0030126571655273438
0.003983497619628906
0.003999948501586914
0.003999948501586914
0.00400090217590332
0.0040056705474853516
0.0040090084075927734
0.0050122737884521484
0.003994941711425781
0.004007816314697266
0.004000663757324219
0.004994392395019531
0.004999876022338867
0.005019187927246094
0.005001068115234375
0.00501251220703125
0.005008697509765625
0.005021333694458008
0.006579160690307617
0.0049855709075927734
0.0050008296966552734
0.00500178337097168
0.006021022796630859
0.0052263736724853516
0.005004167556762695
0.005993843078613281
0.005822896957397461
0.007001161575317383
0.0059893131256103516
0.005994558334350586
0.005987405776977539
0.007009029388427734
0.00556182861328125
0.0060214996337890625
0.00600886344909668
0.006000995635986328
0.0069882869720458984
0.0070133209228515625
0.006987094879150391
0.00701594352722168
0.0070056915283203125
0.005991220474243164
0.00707697868347168
0.0065419673919677734
0.01016688346862793
0.0077610015869140625
0.012106657028198242
0.007002115249633789
0.00800323486328125
0.008002042770385742
0.008000850677490234
0.006994724273681641
0.008012056350708008
0.008000850677490234
0.008002996444702148
0.008004188537597656
0.009001493453979492
0.008989810943603516
0.00800180435180664
