0.0010056495666503906
0.0009806156158447266
0.0009887218475341797
0.0
0.0009882450103759766
0.0009875297546386719
0.0010077953338623047
0.0
0.001012563705444336
0.0010004043579101562
0.0009932518005371094
0.00099945068359375
0.001007080078125
0.0010123252868652344
0.0
0.0010380744934082031
0.0010142326354980469
0.000993490219116211
0.0010097026824951172
0.0011615753173828125
0.0010128021240234375
0.0015916824340820312
0.0010001659393310547
0.0010006427764892578
0.0019996166229248047
0.0009989738464355469
0.0020024776458740234
0.0010001659393310547
0.0010044574737548828
0.0020012855529785156
0.0010001659393310547
0.0009999275207519531
0.0009984970092773438
0.001001119613647461
0.003000974655151367
0.0010080337524414062
0.005002021789550781
0.0035500526428222656
0.004010915756225586
0.003993511199951172
0.004008054733276367
0.003993988037109375
0.0039997100830078125
0.0029947757720947266
0.003000974655151367
0.0029997825622558594
0.0039997100830078125
0.004008769989013672
0.004001617431640625
0.003998756408691406
0.004000663757324219
0.0039958953857421875
0.005008697509765625
0.005148172378540039
0.006994962692260742
0.0069942474365234375
0.0069980621337890625
0.007672786712646484
0.00800180435180664
0.007687568664550781
0.009002923965454102
0.007986307144165039
0.00800943374633789
0.00999140739440918
0.008001327514648438
0.009017229080200195
0.008986711502075195
0.01100468635559082
0.00899052619934082
0.010513544082641602
0.0110015869140625
0.011013984680175781
0.010991573333740234
0.011982202529907227
0.011009931564331055
0.01199030876159668
0.012987852096557617
0.012983322143554688
0.013995885848999023
0.011988639831542969
0.013004779815673828
0.012004613876342773
0.013982772827148438
0.01298975944519043
0.014041900634765625
0.012994050979614258
0.01301121711730957
0.013004541397094727
0.01300358772277832
0.013635873794555664
0.013983488082885742
0.014002561569213867
0.013994216918945312
0.013996362686157227
0.013995170593261719
0.015560626983642578
0.014007329940795898
0.012202978134155273
0.014995098114013672
0.014004945755004883
0.014989137649536133
0.012995481491088867
0.013997316360473633
0.012983083724975586
0.014998674392700195
0.013989686965942383
0.015229225158691406
0.013006448745727539
0.013997316360473633
0.013983488082885742
0.01500391960144043
0.014535665512084961
0.013995647430419922
0.01478719711303711
0.015809059143066406
0.014009475708007812
0.015004396438598633
0.0159909725189209
0.015185832977294922
0.015570878982543945
0.01701641082763672
0.016066551208496094
0.015702486038208008
0.01699662208557129
0.017162084579467773
0.017566442489624023
0.01599740982055664
0.017648696899414062
0.015621423721313477
0.016004323959350586
0.01800394058227539
0.017003536224365234
0.01698589324951172
0.016989707946777344
0.016991138458251953
0.016985177993774414
0.017583608627319336
0.017003536224365234
0.017995834350585938
0.01794743537902832
0.01801156997680664
0.016995906829833984
0.016990184783935547
0.017012834548950195
0.018004655838012695
0.019020557403564453
0.01756882667541504
0.0192868709564209
0.018984317779541016
0.018027544021606445
0.020051956176757812
0.020112276077270508
0.021004676818847656
0.02001476287841797
0.019097328186035156
0.020000934600830078
0.019002437591552734
0.020017147064208984
0.019041061401367188
0.018998384475708008
0.02100348472595215
0.02002716064453125
0.020751476287841797
0.023006200790405273
0.021009445190429688
0.02099156379699707
0.02200627326965332
0.02257561683654785
0.02055215835571289
0.022556781768798828
0.020993947982788086
0.021985292434692383
0.02098989486694336
0.021165132522583008
0.022525310516357422
0.0230104923248291
0.022006988525390625
0.02298569679260254
0.02299642562866211
0.023012399673461914
0.024013280868530273
0.022997379302978516
0.021997690200805664
0.02299785614013672
0.023993253707885742
0.022986412048339844
0.023998022079467773
0.022988319396972656
0.024011850357055664
0.02400493621826172
0.023323535919189453
0.024006366729736328
0.024998903274536133
0.02463984489440918
0.02564549446105957
0.024529695510864258
0.023991823196411133
0.024794816970825195
0.024985551834106445
0.02598738670349121
0.02399921417236328
0.024999141693115234
0.02500438690185547
0.025570154190063477
0.02638411521911621
0.025997638702392578
0.02599310874938965
0.026011943817138672
0.026005029678344727
0.026007890701293945
0.026002168655395508
0.026999950408935547
0.02699565887451172
0.026578903198242188
0.026990890502929688
0.0269930362701416
0.02554178237915039
0.03198742866516113
0.027054786682128906
0.026987075805664062
0.02769637107849121
0.02800154685974121
0.026938676834106445
0.028006792068481445
0.031523942947387695
0.02754974365234375
0.029991865158081055
0.029994726181030273
0.03244924545288086
0.027990341186523438
0.02800583839416504
0.028986692428588867
0.03049755096435547
0.029994487762451172
0.029532432556152344
0.0290067195892334
0.03200721740722656
0.03200721740722656
0.030227184295654297
0.02900099754333496
0.03100872039794922
0.03554821014404297
0.030998945236206055
0.03202462196350098
0.03103351593017578
0.03100872039794922
0.03302359580993652
0.03198647499084473
0.03199338912963867
0.0331270694732666
0.034066200256347656
0.03500843048095703
0.03200244903564453
0.03297019004821777
0.033510446548461914
0.03812074661254883
0.03201484680175781
0.034517526626586914
0.032709598541259766
0.03253936767578125
0.03316068649291992
0.033028602600097656
0.03114938735961914
0.03414797782897949
0.03456473350524902
0.03414726257324219
0.03400683403015137
0.03356218338012695
0.032987117767333984
0.03958296775817871
0.03499913215637207
0.03399991989135742
0.03499436378479004
0.03401446342468262
0.03499937057495117
0.03600025177001953
0.03507375717163086
0.036004066467285156
0.036995649337768555
0.03642106056213379
0.0349884033203125
0.035169363021850586
0.03501439094543457
0.03503108024597168
0.03700089454650879
0.036110639572143555
0.03599262237548828
0.03598904609680176
0.03600120544433594
0.03917407989501953
0.03735709190368652
0.036119699478149414
0.03803658485412598
0.039002418518066406
0.03999519348144531
0.03618931770324707
0.03699660301208496
0.03702521324157715
0.03854799270629883
0.03758525848388672
0.03902578353881836
0.037008047103881836
0.03899979591369629
0.03859972953796387
0.039994001388549805
0.039531707763671875
0.037323713302612305
0.04213213920593262
0.0395665168762207
0.0384678840637207
0.03966712951660156
0.04000258445739746
0.03999066352844238
0.039998769760131836
0.03899073600769043
0.03974032402038574
0.039990901947021484
0.039992332458496094
0.04118847846984863
0.042676448822021484
0.040598154067993164
0.04311490058898926
0.0429997444152832
0.04100775718688965
0.0425717830657959
0.04158949851989746
0.04301023483276367
0.12651443481445312
0.058014631271362305
0.04201197624206543
0.046654701232910156
0.045137882232666016
0.04501080513000488
0.044022321701049805
0.04755210876464844
0.04602503776550293
0.04163360595703125
0.04313230514526367
0.04300069808959961
0.04415440559387207
0.04400205612182617
0.045233726501464844
0.04402017593383789
0.047991275787353516
0.042925357818603516
0.04400634765625
0.04400181770324707
0.04753875732421875
0.04601097106933594
0.044991254806518555
0.048069000244140625
0.04461026191711426
0.06101202964782715
0.04656791687011719
0.04401850700378418
0.046010494232177734
0.04853940010070801
0.052008867263793945
0.04801154136657715
0.05304908752441406
0.05199861526489258
0.05052947998046875
0.05453324317932129
0.05300569534301758
0.053003549575805664
0.06201624870300293
0.05102062225341797
0.05399155616760254
0.05241584777832031
0.07270050048828125
0.05157589912414551
0.05428743362426758
0.054433584213256836
0.05099892616271973
0.05900979042053223
0.05300712585449219
0.06171226501464844
0.053012847900390625
0.05400729179382324
0.055011749267578125
0.05761981010437012
0.05353140830993652
0.057596445083618164
0.05499458312988281
0.05720329284667969
0.05500388145446777
0.05701303482055664
0.054009437561035156
0.05460643768310547
0.05501103401184082
0.0569913387298584
0.05670738220214844
0.05901670455932617
0.05959200859069824
0.05501222610473633
0.056014299392700195
0.07157087326049805
0.05675935745239258
0.059015750885009766
0.06201505661010742
0.058003902435302734
0.05601334571838379
0.055867910385131836
0.061533212661743164
0.058594703674316406
0.05702710151672363
0.06522583961486816
0.06315374374389648
0.05748581886291504
0.05901527404785156
0.06055903434753418
0.058136940002441406
0.05800747871398926
0.05900716781616211
0.060991764068603516
0.06400012969970703
0.06026339530944824
0.06364583969116211
0.060938358306884766
0.0632171630859375
0.06101393699645996
0.06925058364868164
0.06236433982849121
0.06205415725708008
0.06485295295715332
0.06348872184753418
0.061600446701049805
0.06257891654968262
0.06241273880004883
0.06283402442932129
0.060976266860961914
0.06633806228637695
0.06308794021606445
0.062012672424316406
0.06168103218078613
0.0647435188293457
0.06499242782592773
0.06634831428527832
0.06401228904724121
0.062270402908325195
0.06597781181335449
0.06101679801940918
0.06301522254943848
0.06854891777038574
0.06566071510314941
0.06958246231079102
0.06304812431335449
0.06401419639587402
0.06704950332641602
0.06600570678710938
0.06501555442810059
0.0646364688873291
0.0630033016204834
0.063018798828125
0.06662797927856445
0.06399655342102051
0.06920766830444336
0.0710151195526123
0.06673336029052734
0.06399989128112793
0.06699800491333008
0.06701016426086426
0.06689810752868652
0.0711216926574707
0.0660555362701416
0.0735483169555664
0.06652975082397461
0.06856918334960938
0.07496023178100586
0.06901073455810547
0.07210779190063477
0.06969141960144043
0.06963038444519043
0.06907415390014648
0.06801247596740723
