0.0010001659393310547
0.0009932518005371094
0.0009920597076416016
0.0
0.0010075569152832031
0.00099945068359375
0.0009860992431640625
0.0010004043579101562
0.0010297298431396484
0.001001596450805664
0.0020008087158203125
0.0010008811950683594
0.0009925365447998047
0.0009946823120117188
0.0019941329956054688
0.0020127296447753906
0.001001596450805664
0.0019989013671875
0.0009870529174804688
0.0009987354278564453
0.002012491226196289
0.0009963512420654297
0.002032756805419922
0.0009930133819580078
0.0020096302032470703
0.0020132064819335938
0.0010006427764892578
0.0010001659393310547
0.002012014389038086
0.0019981861114501953
0.0010073184967041016
0.0010650157928466797
0.001981973648071289
0.0020003318786621094
0.00200653076171875
0.002012491226196289
0.0019989013671875
0.001995086669921875
0.002007722854614258
0.0020008087158203125
0.0020008087158203125
0.0019922256469726562
0.002995729446411133
0.0019812583923339844
0.0029821395874023438
0.0019996166229248047
0.0030088424682617188
0.0020568370819091797
0.0019965171813964844
0.003010988235473633
0.0020003318786621094
0.0029942989349365234
0.0030019283294677734
0.0029833316802978516
0.0025339126586914062
0.0030126571655273438
0.0030007362365722656
0.002984762191772461
0.0019998550415039062
0.00400233268737793
0.003980875015258789
0.003988981246948242
0.003038167953491211
0.0030028820037841797
0.003980875015258789
0.003988742828369141
0.004000663757324219
0.0040073394775390625
0.004057168960571289
0.00400090217590332
0.0040018558502197266
0.004014015197753906
0.004001140594482422
0.003999948501586914
