1.3395850658416748
1.6450679302215576
1.6730220317840576
1.635033369064331
1.6859040260314941
1.671436071395874
1.7061131000518799
1.654235601425171
1.705909013748169
1.6574640274047852
1.7112016677856445
1.667222023010254
1.7180132865905762
1.6591012477874756
1.7100584506988525
1.7173724174499512
1.7041077613830566
1.6753246784210205
1.6610612869262695
1.6987826824188232
1.6845452785491943
1.7878174781799316
1.691817045211792
1.6597437858581543
1.6726622581481934
1.7185044288635254
1.74932861328125
1.7054200172424316
1.6888341903686523
1.6706559658050537
1.7982075214385986
1.6868705749511719
1.6673336029052734
1.672637701034546
1.728731393814087
1.7426221370697021
1.7136125564575195
1.693871259689331
1.755028247833252
1.7260940074920654
1.7288215160369873
1.6938982009887695
1.7560515403747559
1.6898016929626465
1.7518315315246582
1.6844747066497803
1.7466695308685303
1.7118113040924072
1.7435383796691895
1.6882963180541992
1.7513675689697266
1.706482172012329
1.7350637912750244
1.7632536888122559
1.7302711009979248
1.7173640727996826
1.6914801597595215
1.7152812480926514
1.7372374534606934
1.818873643875122
1.7045466899871826
1.6989049911499023
1.7585623264312744
1.817033290863037
1.775141954421997
1.7213575839996338
1.7138261795043945
1.6734354496002197
1.8216297626495361
1.7069346904754639
1.6808509826660156
1.7106788158416748
1.7338249683380127
1.822624683380127
