0.09415841102600098
0.006000041961669922
0.0049936771392822266
0.007000446319580078
0.006003379821777344
0.0060079097747802734
0.0060002803802490234
0.0060024261474609375
0.006014823913574219
0.014003515243530273
0.00802159309387207
0.006999969482421875
0.005995035171508789
0.005995988845825195
0.0069997310638427734
0.0060002803802490234
0.007001161575317383
0.006020545959472656
0.006003379821777344
0.0070018768310546875
0.00601649284362793
0.005532979965209961
0.006004810333251953
0.0059773921966552734
0.006000518798828125
0.006999969482421875
0.005015373229980469
0.006071329116821289
0.006002902984619141
0.005986452102661133
0.006020307540893555
0.007002353668212891
0.006000995635986328
0.006987810134887695
0.006000995635986328
0.0060007572174072266
0.0060007572174072266
0.0070040225982666016
0.005995273590087891
0.006001472473144531
0.006003379821777344
0.00598907470703125
0.0069963932037353516
0.005995273590087891
0.0070018768310546875
0.00600123405456543
0.006000995635986328
0.007020711898803711
0.006001710891723633
0.007021188735961914
0.00600123405456543
0.006000995635986328
0.006996870040893555
0.006005287170410156
0.0059969425201416016
0.007002830505371094
0.007002830505371094
0.005857706069946289
0.006009101867675781
0.006001710891723633
0.006523847579956055
0.007001638412475586
0.006001710891723633
0.0050008296966552734
0.006999015808105469
0.006009340286254883
0.006000041961669922
0.0070040225982666016
0.006016731262207031
0.005995512008666992
0.007987737655639648
0.0060040950775146484
0.006989955902099609
0.0059814453125
0.007002353668212891
0.006998538970947266
0.005986452102661133
0.007013797760009766
0.007001161575317383
0.005994081497192383
0.009002208709716797
0.006010532379150391
0.006002187728881836
0.00598597526550293
0.00600123405456543
0.006001472473144531
0.006018400192260742
0.005988121032714844
0.0060155391693115234
0.005995035171508789
0.0060160160064697266
0.005980730056762695
0.006020307540893555
0.00601506233215332
0.007996082305908203
0.006009101867675781
0.006995201110839844
0.006002902984619141
0.006007671356201172
0.006000995635986328
0.006003856658935547
0.006983757019042969
0.006003618240356445
0.006983518600463867
0.00600123405456543
0.007009983062744141
0.006020307540893555
0.0069882869720458984
0.006371498107910156
0.005996227264404297
0.005986452102661133
0.005993843078613281
0.006002902984619141
0.006000995635986328
0.006000041961669922
0.007002115249633789
0.00599980354309082
0.007021427154541016
0.006001949310302734
0.006013631820678711
0.006031990051269531
0.006000995635986328
0.006994485855102539
0.005989789962768555
0.006016731262207031
0.006010293960571289
0.005986690521240234
0.007008552551269531
0.006195068359375
0.005995035171508789
0.006013393402099609
0.006001472473144531
0.005988359451293945
0.00600123405456543
0.006025791168212891
0.005994081497192383
0.0070209503173828125
0.007008552551269531
0.008060693740844727
0.0059947967529296875
0.006001949310302734
0.007013559341430664
0.007000923156738281
0.006992816925048828
0.00600886344909668
0.007001161575317383
0.014007568359375
0.007012367248535156
0.007006168365478516
0.00601506233215332
0.006987810134887695
0.0059888362884521484
0.005996227264404297
0.006015300750732422
0.00600123405456543
0.006014585494995117
0.008008718490600586
0.007021188735961914
0.007001161575317383
0.006995201110839844
0.007001399993896484
0.0060100555419921875
0.007015228271484375
0.006002902984619141
0.00600123405456543
0.0060122013092041016
0.00600123405456543
0.006001472473144531
0.005994081497192383
0.007008552551269531
0.007006645202636719
0.006007194519042969
0.006998300552368164
0.0059931278228759766
0.006997823715209961
0.005982637405395508
0.006000995635986328
0.005002021789550781
0.00600123405456543
0.006016731262207031
0.005995988845825195
0.006001949310302734
0.006001472473144531
0.006006479263305664
0.009014368057250977
0.007008552551269531
0.006000995635986328
0.0060100555419921875
0.00701451301574707
0.006001472473144531
0.006000995635986328
0.006001472473144531
0.00600123405456543
0.006999969482421875
0.007015705108642578
0.006008625030517578
0.006991386413574219
0.0059969425201416016
0.007996797561645508
0.0060024261474609375
0.006020069122314453
0.006010532379150391
0.0070035457611083984
0.0060079097747802734
0.006026506423950195
0.006016731262207031
0.00701904296875
0.00600123405456543
0.0060083866119384766
0.006000995635986328
0.006008625030517578
0.006009578704833984
0.006001949310302734
0.005989551544189453
0.006001710891723633
0.006013393402099609
0.005994558334350586
0.0060198307037353516
0.007002592086791992
0.006009817123413086
0.006013393402099609
0.006013154983520508
0.006012916564941406
0.006005525588989258
0.007019758224487305
0.006002902984619141
0.0059926509857177734
0.0060007572174072266
0.006006479263305664
0.0060083866119384766
0.006000995635986328
0.005993843078613281
0.0059812068939208984
0.0059967041015625
0.00598597526550293
0.006006479263305664
0.006001472473144531
0.006017446517944336
0.0059931278228759766
0.006001472473144531
0.00598907470703125
0.006012439727783203
0.0062029361724853516
0.006001949310302734
0.0070095062255859375
0.0059871673583984375
0.007001638412475586
0.0060002803802490234
0.005986213684082031
0.005995988845825195
0.006983280181884766
0.007000923156738281
0.006001472473144531
0.006982326507568359
0.005982637405395508
0.00600743293762207
0.006000995635986328
0.0060002803802490234
0.006012916564941406
0.005995512008666992
0.006014585494995117
0.007001399993896484
0.006989240646362305
0.007001638412475586
0.007001161575317383
0.005989551544189453
0.005989789962768555
0.0070018768310546875
0.009001731872558594
0.006021976470947266
0.007002830505371094
0.005999326705932617
0.006005764007568359
0.006990194320678711
0.0060024261474609375
0.005999565124511719
0.004980802536010742
0.00601649284362793
0.009001970291137695
0.005530834197998047
0.0059967041015625
0.007001638412475586
0.00702214241027832
0.005996227264404297
0.008009195327758789
0.00700831413269043
0.006009101867675781
0.006001472473144531
0.005995988845825195
0.005982160568237305
0.0060062408447265625
0.006009101867675781
0.006189584732055664
0.006020784378051758
0.005987405776977539
0.0059816837310791016
0.005989789962768555
0.006002902984619141
0.00699305534362793
0.0069904327392578125
0.005996227264404297
0.006001472473144531
0.006989002227783203
0.006989479064941406
0.007002830505371094
0.009002447128295898
0.006007194519042969
0.0060231685638427734
0.00599980354309082
0.00600123405456543
0.006001472473144531
0.0070111751556396484
0.0070018768310546875
0.007001161575317383
0.006001949310302734
0.007000446319580078
0.006001710891723633
0.006001472473144531
0.007004499435424805
0.006000518798828125
0.0070133209228515625
0.006001710891723633
0.006002187728881836
0.006001472473144531
0.006000995635986328
0.006020307540893555
0.006999492645263672
0.007001399993896484
0.005000114440917969
0.0060176849365234375
0.007002592086791992
0.006021022796630859
0.0060193538665771484
0.007002592086791992
0.00600886344909668
0.006990671157836914
0.006998777389526367
0.0060160160064697266
0.006003379821777344
0.0069997310638427734
0.010002374649047852
0.0070035457611083984
0.006001710891723633
0.007001161575317383
0.006002902984619141
0.006012439727783203
0.006016254425048828
0.005000114440917969
0.00700068473815918
0.007001161575317383
0.0060002803802490234
0.00599360466003418
0.006001472473144531
0.00600433349609375
0.005987882614135742
0.007002592086791992
0.0059986114501953125
0.0059816837310791016
0.007000923156738281
0.0060024261474609375
0.005997419357299805
0.006001949310302734
0.006008625030517578
0.0070002079010009766
0.008986234664916992
0.00600123405456543
0.005999326705932617
0.0060024261474609375
0.006005287170410156
0.006999969482421875
0.006001949310302734
0.006001949310302734
0.006823539733886719
0.00960850715637207
0.007002353668212891
0.006009578704833984
0.006000518798828125
0.007002592086791992
0.0059926509857177734
0.005984067916870117
0.006999015808105469
0.006010770797729492
0.007003068923950195
0.0060214996337890625
0.0060024261474609375
0.00599980354309082
0.006005287170410156
0.006021738052368164
0.00699925422668457
0.00699925422668457
0.0070002079010009766
0.006002664566040039
0.006003856658935547
0.006544351577758789
0.006008148193359375
0.007002592086791992
0.0070018768310546875
0.00700068473815918
0.007001638412475586
0.00500035285949707
0.006000518798828125
0.006001472473144531
0.006014823913574219
0.0070018768310546875
0.006001472473144531
0.008003473281860352
0.010003328323364258
0.006362438201904297
0.007000446319580078
0.005996227264404297
0.007001638412475586
0.007005453109741211
0.006001472473144531
0.006002187728881836
0.0070002079010009766
0.006004810333251953
0.0060193538665771484
0.007995128631591797
0.007002115249633789
0.005995750427246094
0.006987094879150391
0.006020307540893555
0.007073402404785156
0.0060002803802490234
0.007002592086791992
0.005987405776977539
0.007000446319580078
0.006003618240356445
0.006002187728881836
0.006997823715209961
0.007020235061645508
0.006984710693359375
0.005995273590087891
0.0069980621337890625
0.006000041961669922
0.006003856658935547
0.007013082504272461
0.006000041961669922
0.00599980354309082
0.006001472473144531
0.005990028381347656
0.007016658782958984
0.0070037841796875
0.0059967041015625
0.007001638412475586
0.007001399993896484
0.00600886344909668
0.006011247634887695
0.006006717681884766
0.006001949310302734
0.00600123405456543
0.005982160568237305
0.006006479263305664
0.0070002079010009766
0.007003068923950195
0.005980968475341797
0.00600743293762207
0.0069942474365234375
0.006001710891723633
0.006994724273681641
0.007022380828857422
0.005995988845825195
0.007001161575317383
0.0060002803802490234
0.006018638610839844
0.005995035171508789
0.009001016616821289
0.008002281188964844
0.00600123405456543
0.008000850677490234
0.006999969482421875
0.0070037841796875
0.0060040950775146484
0.006003856658935547
0.006981611251831055
0.005993843078613281
0.008001565933227539
0.006001949310302734
0.0059893131256103516
0.006003141403198242
0.005988121032714844
0.0060214996337890625
0.007004261016845703
0.007010698318481445
