1.7403936386108398
1.7396888732910156
2.855612277984619
1.9924497604370117
1.6823782920837402
1.8898591995239258
1.7066717147827148
1.7220866680145264
1.6684513092041016
3.0428569316864014
2.1488566398620605
1.8691034317016602
1.8022632598876953
1.9680907726287842
1.754612922668457
1.7819383144378662
1.9826605319976807
1.820516586303711
1.6983270645141602
1.909162998199463
1.6653218269348145
1.6209447383880615
1.88144850730896
1.6581146717071533
1.6505553722381592
1.854121446609497
1.6544430255889893
1.6383397579193115
1.8779256343841553
1.684736967086792
1.6826536655426025
1.932983636856079
1.7955522537231445
1.6345062255859375
1.9444224834442139
1.7265465259552002
1.6728630065917969
1.6113133430480957
1.8010222911834717
1.8119606971740723
1.6413671970367432
1.8030517101287842
1.6234898567199707
1.81620454788208
1.5821049213409424
1.7543950080871582
1.8160128593444824
1.7484419345855713
1.9636821746826172
1.8583946228027344
1.6865556240081787
1.687283992767334
1.8755803108215332
1.8446853160858154
1.8952035903930664
1.7259793281555176
1.8563108444213867
1.8814136981964111
1.7456088066101074
1.6320343017578125
1.799109935760498
1.9609367847442627
1.745389461517334
1.6186573505401611
1.8172252178192139
1.8956832885742188
1.7413115501403809
1.6709918975830078
1.8007729053497314
1.8461129665374756
1.648853063583374
1.6079554557800293
1.7754180431365967
1.8645055294036865
1.6355562210083008
1.5986967086791992
1.800933837890625
1.8280260562896729
1.6435937881469727
1.6140263080596924
1.8628723621368408
2.0360472202301025
1.7543866634368896
1.693901538848877
1.8414208889007568
1.8939120769500732
1.6652247905731201
1.644928216934204
1.846411943435669
1.6554858684539795
1.6496469974517822
1.8534951210021973
1.646242618560791
1.6292946338653564
1.8501918315887451
1.6528749465942383
1.6322736740112305
1.9025354385375977
1.6679699420928955
1.6396963596343994
1.870631456375122
1.6883809566497803
1.6232962608337402
1.8432390689849854
1.6483900547027588
1.6076009273529053
1.8340532779693604
1.6341900825500488
1.6266098022460938
1.8311681747436523
1.6321525573730469
1.6178474426269531
2.024658679962158
1.6561732292175293
1.635930061340332
1.8613770008087158
1.6507811546325684
1.6382758617401123
1.603586196899414
1.7999835014343262
1.7988560199737549
1.5944914817810059
1.7847862243652344
1.6129438877105713
1.7845430374145508
1.587179183959961
1.7444226741790771
1.7696328163146973
1.588026523590088
1.7593326568603516
1.8129422664642334
1.6311914920806885
1.597097396850586
1.7695033550262451
1.821146011352539
1.6213324069976807
1.588855266571045
1.7835519313812256
1.872239589691162
1.6283843517303467
1.5863549709320068
1.7634034156799316
1.847869634628296
1.6233322620391846
1.5992681980133057
1.7597904205322266
1.8152060508728027
1.6255614757537842
1.5985074043273926
1.7747077941894531
1.847252368927002
1.62703537940979
1.589376449584961
1.812303066253662
1.8265111446380615
1.6235191822052002
1.601351261138916
1.7706503868103027
1.8251466751098633
1.6211845874786377
1.6011996269226074
1.7596938610076904
1.8239965438842773
1.613935947418213
1.5912377834320068
1.789886236190796
1.8274219036102295
1.6339402198791504
1.609375238418579
1.832139015197754
1.637380599975586
1.6162817478179932
1.8348472118377686
1.637054681777954
1.6200342178344727
1.8377974033355713
1.6351661682128906
1.6280715465545654
1.820641279220581
1.6420867443084717
1.6289258003234863
1.8180451393127441
1.6737043857574463
1.613795518875122
1.8235340118408203
1.6289479732513428
1.620378017425537
1.8656790256500244
1.6413686275482178
1.619849681854248
1.8374319076538086
1.64093017578125
1.6304848194122314
1.819929599761963
1.6483616828918457
1.633976697921753
1.8360412120819092
1.6469430923461914
1.6249885559082031
1.5996828079223633
1.7703804969787598
1.8176071643829346
1.6359331607818604
1.688385009765625
1.7834084033966064
1.9252572059631348
1.6473729610443115
1.5853722095489502
1.7679049968719482
1.827850580215454
1.6349022388458252
1.6050491333007812
1.7620620727539062
1.8160433769226074
1.629364252090454
1.6002731323242188
1.7717111110687256
1.8227825164794922
1.6363744735717773
1.5995616912841797
1.786231279373169
1.8370015621185303
1.6303753852844238
1.6079366207122803
1.7706294059753418
1.8294167518615723
1.6367957592010498
1.6323974132537842
1.8448975086212158
1.6380062103271484
1.6178538799285889
1.8199639320373535
1.6635258197784424
1.629343032836914
1.8332576751708984
1.6448023319244385
1.6185381412506104
1.8291301727294922
1.6454713344573975
1.6239213943481445
1.8469836711883545
1.6534419059753418
1.628690481185913
1.8222689628601074
1.6363482475280762
1.6261093616485596
1.8252522945404053
1.653918743133545
1.6133766174316406
1.839555263519287
1.6403803825378418
1.6251509189605713
1.837062120437622
1.6357159614562988
1.6171958446502686
1.8464229106903076
1.6474180221557617
1.738440990447998
1.8619613647460938
1.8839302062988281
1.8350977897644043
1.6313705444335938
1.597376823425293
1.7733979225158691
1.8200688362121582
1.6220622062683105
1.6013216972351074
1.8023719787597656
1.8726449012756348
1.7197680473327637
1.7194344997406006
1.9958617687225342
1.844942569732666
1.6259574890136719
1.647449254989624
1.856553316116333
1.8544807434082031
1.66896390914917
1.7444257736206055
1.8872113227844238
1.909546136856079
1.6824884414672852
1.628345251083374
1.7864623069763184
1.8448410034179688
1.646376371383667
1.614952802658081
1.8630082607269287
1.6433796882629395
1.6123802661895752
1.8314299583435059
1.6573705673217773
1.6246135234832764
1.8415963649749756
1.638378381729126
1.6265113353729248
1.8433091640472412
1.6507437229156494
1.6216886043548584
1.843287467956543
1.6470885276794434
1.6323838233947754
1.8470470905303955
1.6404340267181396
1.649080753326416
2.019338607788086
1.67268705368042
1.6378357410430908
1.8424923419952393
1.6449205875396729
1.6873741149902344
1.9120087623596191
1.7519323825836182
1.6773772239685059
1.9485747814178467
2.023469924926758
1.8307476043701172
1.7122764587402344
1.959758996963501
1.9472899436950684
1.7854082584381104
1.632246494293213
1.8634371757507324
1.9125590324401855
1.7096004486083984
1.6665911674499512
1.8644211292266846
1.9201769828796387
1.7084033489227295
1.6513705253601074
1.8136284351348877
1.8639957904815674
1.6508452892303467
1.7049715518951416
1.8624036312103271
1.8629348278045654
1.7583951950073242
1.7303879261016846
1.9466581344604492
2.116107225418091
1.9117584228515625
1.7463116645812988
1.9589765071868896
2.003051996231079
1.7443890571594238
1.7164413928985596
1.9666881561279297
1.7719390392303467
1.7931299209594727
2.025693416595459
1.7899298667907715
1.676382303237915
1.8884048461914062
1.85841703414917
1.6793756484985352
1.939354658126831
1.7649040222167969
1.7761249542236328
1.9159119129180908
1.6824820041656494
1.6688053607940674
1.8929848670959473
1.6661086082458496
1.6606009006500244
1.8678879737854004
1.7036027908325195
1.6903643608093262
1.9234609603881836
1.8849503993988037
1.7029123306274414
1.9497170448303223
1.7643115520477295
2.0237855911254883
2.1729490756988525
1.8173887729644775
1.7720768451690674
1.7782585620880127
2.049879550933838
1.9368104934692383
1.6885972023010254
1.730048656463623
1.896742343902588
1.9306468963623047
1.7349843978881836
1.6539084911346436
1.8185710906982422
1.9165043830871582
1.6903800964355469
1.6509394645690918
1.8404152393341064
1.9454371929168701
1.7243847846984863
1.7173833847045898
1.8643741607666016
1.9194302558898926
1.731870174407959
1.6959521770477295
1.8816883563995361
1.9604854583740234
1.9286742210388184
1.7964012622833252
1.9176414012908936
1.851855993270874
1.7923336029052734
1.7986197471618652
2.2735586166381836
2.1776788234710693
1.7509076595306396
1.9381084442138672
1.6791341304779053
1.685378074645996
1.940676212310791
1.8300094604492188
1.7353837490081787
2.12847900390625
1.7433891296386719
1.7032816410064697
1.9852817058563232
1.7929432392120361
1.7155072689056396
1.9009721279144287
1.704268217086792
1.6896283626556396
1.8818833827972412
1.7460076808929443
2.0817625522613525
2.1305649280548096
1.8631339073181152
1.7599313259124756
2.087981939315796
1.7436912059783936
1.695333480834961
1.909367322921753
1.683119297027588
1.8129878044128418
1.719007968902588
1.802596092224121
1.977731704711914
1.7232165336608887
1.6655817031860352
2.0198564529418945
1.977442979812622
1.7009055614471436
1.6533713340759277
1.9404346942901611
1.9184606075286865
1.7577877044677734
1.6274526119232178
1.8259921073913574
1.9674344062805176
1.6873981952667236
1.6178927421569824
1.7989423274993896
1.8630709648132324
1.6880877017974854
1.6683945655822754
1.8883938789367676
1.9280781745910645
1.6911110877990723
1.676917314529419
1.8005461692810059
1.6233837604522705
1.8846821784973145
1.795790433883667
1.8471102714538574
1.6613876819610596
2.1874923706054688
2.055461883544922
1.8925960063934326
1.8611171245574951
1.9054286479949951
1.939330816268921
2.01345157623291
1.6833767890930176
1.6763956546783447
1.941436529159546
1.976445198059082
1.8374123573303223
1.6393868923187256
1.783013105392456
1.8454210758209229
1.633364200592041
1.6123614311218262
1.8148117065429688
