0.09894943237304688
0.0070133209228515625
0.007997274398803711
0.0060389041900634766
0.005989551544189453
0.007009983062744141
0.008021116256713867
0.0049893856048583984
0.006994724273681641
0.0059893131256103516
0.006016969680786133
0.006982088088989258
0.0055391788482666016
0.00500178337097168
0.00600123405456543
0.006989479064941406
0.008008003234863281
0.006994962692260742
0.006986856460571289
0.006001472473144531
0.006006717681884766
0.007003307342529297
0.0059947967529296875
0.0060024261474609375
0.005999326705932617
0.00600743293762207
0.007016181945800781
0.006001472473144531
0.0060007572174072266
0.007987499237060547
0.006013393402099609
0.00702214241027832
0.005986213684082031
0.0060040950775146484
0.006994962692260742
0.00799250602722168
0.00600123405456543
0.005989551544189453
0.0060079097747802734
0.006006717681884766
0.009112358093261719
0.011001825332641602
0.005990266799926758
0.006000041961669922
0.006015777587890625
0.00600123405456543
0.008000850677490234
0.006007671356201172
0.0060138702392578125
0.025961637496948242
0.007001638412475586
0.035025835037231445
0.007001638412475586
0.006001472473144531
0.007001161575317383
0.034027814865112305
0.0070133209228515625
0.03466987609863281
0.006006717681884766
0.006986856460571289
0.007008552551269531
0.006001710891723633
0.006982564926147461
0.005279064178466797
0.006013154983520508
0.006985187530517578
0.004980802536010742
0.004993438720703125
0.007005929946899414
0.006000995635986328
0.006994009017944336
0.008014202117919922
0.006577014923095703
0.09643697738647461
