1.7285664081573486
1.7224628925323486
1.696397304534912
1.7600452899932861
1.7266793251037598
1.7541685104370117
1.7078485488891602
1.7706761360168457
1.707456350326538
1.7637662887573242
1.7043452262878418
1.7795932292938232
1.713069200515747
1.751232385635376
1.7779438495635986
1.751054048538208
1.726001501083374
1.7104504108428955
1.835463047027588
1.7457637786865234
1.6981348991394043
1.715641736984253
1.7761573791503906
1.8490681648254395
1.7883217334747314
1.7727832794189453
1.842332124710083
1.837679386138916
1.78261137008667
1.735417366027832
1.7844009399414062
1.7936065196990967
1.8102951049804688
1.9129900932312012
1.944840431213379
1.776496410369873
1.9285378456115723
1.8012197017669678
1.87965989112854
1.8062801361083984
1.7678821086883545
1.741422414779663
1.8016231060028076
1.7701492309570312
1.772728443145752
1.7409908771514893
1.8150596618652344
1.7617225646972656
1.7583839893341064
1.7344818115234375
1.7661793231964111
1.756096363067627
1.8676114082336426
1.7460153102874756
1.7372326850891113
1.7389585971832275
1.8002309799194336
1.822561264038086
1.7722752094268799
1.7722110748291016
1.807237148284912
1.7695808410644531
1.7696747779846191
1.7470219135284424
1.8140995502471924
1.8024163246154785
1.765000581741333
1.7430224418640137
1.7701714038848877
1.762726068496704
1.878418207168579
1.7665958404541016
1.7266435623168945
1.7376773357391357
1.7825896739959717
1.7938027381896973
1.7689824104309082
1.764258623123169
1.81313157081604
1.7778100967407227
1.7681241035461426
1.7568025588989258
1.8043367862701416
1.7671074867248535
1.7717220783233643
1.7388529777526855
1.7602462768554688
1.7539443969726562
1.873981237411499
1.7543549537658691
1.726191520690918
1.7660260200500488
1.78558349609375
1.8149442672729492
1.7748942375183105
1.7815799713134766
1.8221180438995361
1.796783685684204
1.8231456279754639
1.7601828575134277
1.8178949356079102
1.782111406326294
1.7741339206695557
1.729757308959961
1.8019673824310303
1.7702512741088867
1.8805210590362549
1.7713887691497803
1.7213091850280762
1.7458515167236328
1.7826037406921387
1.8213586807250977
1.7754426002502441
1.751044750213623
1.8229405879974365
1.7728898525238037
1.7755746841430664
1.7594106197357178
1.8033065795898438
1.769838809967041
1.7745304107666016
1.745260238647461
1.7634880542755127
1.7608709335327148
1.891549825668335
1.771315097808838
1.725616216659546
1.7523503303527832
1.8647875785827637
2.017216920852661
1.8576633930206299
1.8318743705749512
1.7981693744659424
1.922950029373169
1.793445110321045
1.7808783054351807
1.7705409526824951
1.8456549644470215
1.829575538635254
1.820199966430664
1.9628019332885742
1.8702723979949951
1.8171138763427734
1.8024711608886719
1.7700073719024658
1.8296658992767334
1.7674612998962402
1.9353103637695312
1.759387731552124
1.811798334121704
1.7514088153839111
1.8059732913970947
1.7514102458953857
1.8174927234649658
1.7462329864501953
1.7985053062438965
1.8190762996673584
1.7678146362304688
1.7743871212005615
1.7423992156982422
1.8017776012420654
1.8146142959594727
1.9010694026947021
1.8757519721984863
1.7852728366851807
1.7655980587005615
1.8007822036743164
1.8617393970489502
1.7861113548278809
1.778794288635254
1.7400259971618652
1.886378526687622
1.7573423385620117
1.7498393058776855
1.7541632652282715
1.802403450012207
1.8301177024841309
1.816941499710083
1.768566370010376
1.824641227722168
1.7901380062103271
1.7840962409973145
1.7473313808441162
1.8215820789337158
1.7510602474212646
1.8130600452423096
1.7466681003570557
1.8226213455200195
1.7555286884307861
1.812474012374878
1.757580280303955
1.8304970264434814
1.7488884925842285
1.8105928897857666
1.8367805480957031
1.8131046295166016
1.7933540344238281
1.7497763633728027
1.7845168113708496
1.7700119018554688
1.9000470638275146
1.777989387512207
1.7470486164093018
1.74635910987854
1.789421796798706
1.8230011463165283
1.778813362121582
1.7707176208496094
1.7390813827514648
1.8881301879882812
1.7749106884002686
1.7387206554412842
1.7485871315002441
1.7990264892578125
1.8325328826904297
1.792633295059204
1.7630534172058105
1.822727918624878
1.7872216701507568
1.7920863628387451
1.760801076889038
1.8140003681182861
1.7594385147094727
1.8060872554779053
1.762563943862915
1.827108383178711
1.758768081665039
1.8123815059661865
1.835756540298462
1.8168416023254395
1.7495110034942627
1.7907850742340088
1.8371310234069824
1.7921521663665771
1.7859172821044922
1.7411668300628662
1.805389165878296
1.8644435405731201
2.080996036529541
1.8239405155181885
1.9346981048583984
1.9686498641967773
1.8747153282165527
1.8490469455718994
1.857740879058838
1.8241207599639893
1.7975351810455322
1.9352142810821533
1.7856910228729248
1.7885327339172363
1.8056693077087402
1.9861760139465332
1.8915588855743408
1.7931137084960938
1.7832202911376953
2.0383362770080566
1.9067540168762207
1.8898191452026367
1.849637508392334
1.8713030815124512
1.7575788497924805
1.8221006393432617
1.7596657276153564
1.8359670639038086
1.764472484588623
1.8260886669158936
1.7797446250915527
1.826415777206421
1.7806551456451416
1.8037269115447998
1.835120677947998
1.7930660247802734
1.7952425479888916
1.759793758392334
1.7902445793151855
1.7964730262756348
1.8817803859710693
1.7791190147399902
1.7457568645477295
1.8222019672393799
1.7930963039398193
1.8298921585083008
1.7916815280914307
1.7897751331329346
1.751678705215454
1.897862195968628
1.756751298904419
1.7414507865905762
1.767298698425293
1.8045227527618408
1.8300080299377441
1.8171272277832031
1.765479326248169
1.8321900367736816
1.7997188568115234
1.7943744659423828
1.7655231952667236
1.822922706604004
1.7676031589508057
1.8152828216552734
1.7638270854949951
1.8396177291870117
1.7581017017364502
1.8270673751831055
1.75624680519104
1.8229281902313232
1.7637126445770264
1.7917048931121826
1.8339664936065674
1.7955853939056396
1.7801539897918701
1.7579543590545654
1.781947374343872
1.7930259704589844
1.889148235321045
1.7638514041900635
1.7364320755004883
1.76499342918396
1.806037187576294
1.8326866626739502
1.8048198223114014
1.7796359062194824
1.7462737560272217
1.9064998626708984
1.7682857513427734
1.7497639656066895
1.803863525390625
2.0604045391082764
2.604660987854004
1.8937723636627197
1.854224681854248
1.9050779342651367
1.853726863861084
1.8576478958129883
1.8218979835510254
1.923522710800171
1.863598108291626
1.8614788055419922
1.7641797065734863
1.8271479606628418
1.7784621715545654
1.8243064880371094
1.768512487411499
1.8327488899230957
1.8003499507904053
1.8123500347137451
1.8554956912994385
1.985619306564331
1.8714094161987305
1.7865805625915527
1.8477210998535156
1.8257472515106201
1.9955437183380127
1.9586107730865479
1.7837114334106445
1.7765963077545166
1.995265245437622
2.015267848968506
1.8409690856933594
1.8273115158081055
1.8117396831512451
1.9154951572418213
1.8299577236175537
1.8210208415985107
1.817126989364624
1.9421603679656982
1.8929839134216309
1.834413766860962
1.8296234607696533
1.9267501831054688
1.8493690490722656
1.8614552021026611
1.8652808666229248
1.877835988998413
1.8413183689117432
1.8675456047058105
1.9542481899261475
1.907677173614502
1.7720212936401367
1.9183082580566406
1.8381071090698242
1.8839573860168457
1.8740174770355225
1.8576161861419678
1.8703789710998535
1.7993555068969727
2.009032726287842
1.7962985038757324
1.9157781600952148
1.8628551959991455
1.952019453048706
1.7945141792297363
1.9575836658477783
1.78267502784729
1.931753158569336
1.8748304843902588
1.8356051445007324
1.9555516242980957
1.8053267002105713
1.9872183799743652
1.8095602989196777
1.8248624801635742
1.892970085144043
1.8428311347961426
1.9525909423828125
1.839094877243042
1.822314739227295
1.8595216274261475
1.8271963596343994
1.8276453018188477
1.77461838722229
1.8316009044647217
1.7730190753936768
1.8403840065002441
1.794722557067871
1.8732154369354248
1.8155741691589355
1.907890796661377
1.8143901824951172
1.9098899364471436
1.7854726314544678
1.905989170074463
1.9218206405639648
1.8859853744506836
1.8612697124481201
1.8416764736175537
1.8237383365631104
1.8021824359893799
1.8978033065795898
1.7786846160888672
1.754944086074829
1.7572755813598633
1.8301849365234375
1.8673155307769775
1.8022868633270264
1.8331820964813232
1.7540490627288818
1.9385802745819092
1.8549115657806396
1.7875726222991943
1.8069005012512207
1.8476333618164062
1.9785370826721191
1.901667833328247
1.8662872314453125
1.9905593395233154
1.8487293720245361
1.831613302230835
1.8582935333251953
1.9018163681030273
1.786651611328125
1.8354599475860596
1.7625911235809326
1.8631565570831299
1.7902653217315674
1.8716654777526855
1.8225624561309814
1.868640422821045
1.8062825202941895
1.8342983722686768
1.9112160205841064
1.8165645599365234
1.8505678176879883
1.8463661670684814
1.872335433959961
1.8447339534759521
1.9554998874664307
1.841071367263794
1.8272216320037842
1.8109660148620605
1.8642168045043945
1.8624036312103271
1.8490617275238037
1.8367438316345215
1.7981019020080566
