0.09709715843200684
0.007002592086791992
0.0060193538665771484
0.0059888362884521484
0.0060007572174072266
0.0059850215911865234
0.00500035285949707
0.00599980354309082
0.006017446517944336
0.005999326705932617
0.00600123405456543
0.005067110061645508
0.005997419357299805
0.0059871673583984375
0.005985736846923828
0.006008148193359375
0.005983114242553711
0.0059833526611328125
0.005986928939819336
0.00598907470703125
0.006021738052368164
0.00600123405456543
0.005986213684082031
0.006997585296630859
0.00600123405456543
0.0059964656829833984
0.006001472473144531
0.006000041961669922
0.00598907470703125
0.006017446517944336
0.0070040225982666016
0.006000041961669922
0.008001327514648438
0.00599980354309082
0.00672459602355957
0.007001638412475586
0.007004261016845703
0.00652623176574707
0.005988121032714844
0.007008552551269531
0.0060122013092041016
0.005984306335449219
0.00600886344909668
0.006000518798828125
0.006988525390625
0.005995273590087891
0.0062143802642822266
0.0059816837310791016
0.006994962692260742
0.006011486053466797
0.007002353668212891
0.006000995635986328
0.0060079097747802734
0.005957603454589844
0.0060045719146728516
0.006006956100463867
0.005994319915771484
0.006000995635986328
0.0060024261474609375
0.007863998413085938
0.006013154983520508
0.006016731262207031
0.005990743637084961
0.006009101867675781
0.006001472473144531
0.006000995635986328
0.00600123405456543
0.0060002803802490234
0.006000995635986328
0.006013393402099609
0.006017446517944336
0.006001472473144531
0.0059871673583984375
0.006004810333251953
0.0060198307037353516
0.006000041961669922
0.00600123405456543
0.006002664566040039
0.006015300750732422
0.006983518600463867
0.006000518798828125
0.006000041961669922
0.006987094879150391
0.007026195526123047
0.006289005279541016
0.006994962692260742
0.007002353668212891
0.005980491638183594
0.0060024261474609375
0.006004810333251953
0.0059893131256103516
0.006001472473144531
0.0063190460205078125
0.005545377731323242
0.006558656692504883
0.006013393402099609
0.00599980354309082
0.006001472473144531
0.007061004638671875
0.0065495967864990234
0.007016181945800781
0.007001161575317383
0.0059814453125
0.006020545959472656
0.006009817123413086
0.0059816837310791016
0.005835294723510742
0.006016254425048828
0.005983114242553711
0.006009578704833984
0.007001638412475586
0.006000995635986328
0.006001949310302734
0.005998134613037109
0.005986452102661133
0.006013393402099609
0.006022214889526367
0.00598907470703125
0.006000995635986328
0.006013393402099609
0.0060079097747802734
0.005987882614135742
0.0059812068939208984
0.006017208099365234
0.007001161575317383
0.005995988845825195
0.0060236454010009766
0.0062639713287353516
0.0056569576263427734
0.007002592086791992
0.006001710891723633
0.00600123405456543
0.006007671356201172
0.006216764450073242
0.005002021789550781
0.006001472473144531
0.006005764007568359
0.005995988845825195
0.006013631820678711
0.006001472473144531
0.00600123405456543
0.006020069122314453
0.005986452102661133
0.005983114242553711
0.0060083866119384766
0.005990266799926758
0.007021665573120117
0.006002187728881836
0.006021261215209961
0.006021261215209961
0.007004261016845703
0.007013559341430664
0.0060138702392578125
0.0060002803802490234
0.007020711898803711
0.006012439727783203
0.005995988845825195
0.006026029586791992
0.006021261215209961
0.005566835403442383
0.00599980354309082
0.008008241653442383
0.005975008010864258
0.007276296615600586
0.006021261215209961
0.005995273590087891
0.006981849670410156
0.005986452102661133
0.005997896194458008
0.006001949310302734
0.0059947967529296875
0.007003068923950195
0.0059931278228759766
0.007001161575317383
0.00599360466003418
0.006995677947998047
0.005995512008666992
0.005995750427246094
0.006995439529418945
0.006009340286254883
0.005987644195556641
0.006001472473144531
0.007005929946899414
0.0060002803802490234
0.006980419158935547
0.006981611251831055
0.0060923099517822266
0.007184505462646484
0.0070002079010009766
0.006000995635986328
0.006002664566040039
0.007027387619018555
0.007063388824462891
0.008018255233764648
0.006000995635986328
0.006981372833251953
0.006994485855102539
0.006982564926147461
0.0060138702392578125
0.006014823913574219
0.005986452102661133
0.006025552749633789
0.005995035171508789
0.00599217414855957
0.0070264339447021484
0.005982875823974609
0.00601506233215332
0.005994081497192383
0.00698542594909668
0.006001710891723633
0.0060024261474609375
0.005997419357299805
0.005995988845825195
0.006006717681884766
0.007557392120361328
0.006001472473144531
0.007002830505371094
0.006988525390625
0.006006717681884766
0.004988431930541992
0.006001949310302734
0.006013393402099609
0.0060062408447265625
0.007002353668212891
0.005993366241455078
0.006020069122314453
0.006013393402099609
0.007004261016845703
0.0059964656829833984
0.00598907470703125
0.006013393402099609
0.005995988845825195
0.006000041961669922
0.007001161575317383
0.006000995635986328
0.007001399993896484
0.006002664566040039
0.007001399993896484
0.005993843078613281
0.0060198307037353516
0.006000518798828125
0.0070037841796875
0.007002592086791992
0.005994319915771484
0.0060079097747802734
0.0060002803802490234
0.006001710891723633
0.007001399993896484
0.00601649284362793
0.006020784378051758
0.007001161575317383
0.006002187728881836
0.006831169128417969
0.0060155391693115234
0.006867647171020508
0.0070002079010009766
0.0060045719146728516
0.006909847259521484
0.006020307540893555
0.0060083866119384766
0.00598907470703125
0.007002115249633789
0.007020235061645508
0.006002664566040039
0.007008552551269531
0.006008148193359375
0.006003141403198242
0.006006956100463867
0.00700068473815918
0.007027387619018555
0.005990266799926758
0.005987405776977539
0.0059814453125
0.006014823913574219
0.0060062408447265625
0.005995273590087891
0.005983829498291016
0.007009744644165039
0.00650334358215332
0.004995584487915039
0.005994558334350586
0.005992889404296875
0.006001472473144531
0.006012916564941406
0.005987644195556641
0.006000518798828125
0.0059931278228759766
0.005995512008666992
0.0059969425201416016
0.0059969425201416016
0.0059964656829833984
0.00600743293762207
0.008000612258911133
0.005982637405395508
0.00521087646484375
0.006005764007568359
0.007012844085693359
0.0070133209228515625
0.00601649284362793
0.0069904327392578125
0.006009340286254883
0.0066432952880859375
0.006981611251831055
0.006013393402099609
0.006001710891723633
0.005994558334350586
0.00600123405456543
0.005993843078613281
0.0059893131256103516
0.006013393402099609
0.0059893131256103516
0.005993366241455078
0.00600123405456543
0.006000995635986328
0.005986928939819336
0.006987333297729492
0.006009340286254883
0.007012844085693359
0.005995512008666992
0.006000995635986328
0.005995035171508789
0.006001472473144531
0.006090402603149414
0.005993843078613281
0.0060007572174072266
0.006008625030517578
0.005987882614135742
0.010003089904785156
0.009731054306030273
0.006307840347290039
0.0069866180419921875
0.005980253219604492
0.00600743293762207
0.00598597526550293
0.005993366241455078
0.0060117244720458984
0.006001949310302734
0.006011486053466797
0.006033897399902344
0.005994558334350586
0.006020069122314453
0.007001399993896484
0.005995988845825195
0.00601959228515625
0.0070133209228515625
0.00554203987121582
0.006011009216308594
0.006000995635986328
0.00600123405456543
0.006994962692260742
0.006009101867675781
0.007016181945800781
0.010002613067626953
0.007002115249633789
0.005994558334350586
0.0069849491119384766
0.0070018768310546875
0.005998849868774414
0.005983591079711914
0.006994724273681641
0.00699305534362793
0.006000995635986328
0.005995512008666992
0.00600886344909668
0.006013393402099609
0.006000041961669922
0.0070002079010009766
0.006020545959472656
0.006001472473144531
0.007001161575317383
0.006001949310302734
0.005999088287353516
0.006001949310302734
0.006989717483520508
0.006014347076416016
0.0060002803802490234
0.007002115249633789
0.005998373031616211
0.006056070327758789
0.007999897003173828
0.005998373031616211
0.005995512008666992
0.007110595703125
0.00700068473815918
0.006000995635986328
0.0060155391693115234
0.006002187728881836
0.006000518798828125
0.007002830505371094
0.005994558334350586
0.006000995635986328
0.006021976470947266
0.007003068923950195
0.0060083866119384766
0.006002187728881836
0.006016731262207031
0.0060160160064697266
0.007870674133300781
0.006001710891723633
0.005009174346923828
0.0070040225982666016
0.006012916564941406
0.0060024261474609375
0.007001161575317383
0.007005453109741211
0.0070192813873291016
0.0066492557525634766
0.005986690521240234
0.006000995635986328
0.006001949310302734
0.005982637405395508
0.006014347076416016
0.006989479064941406
0.005995035171508789
0.007832765579223633
0.00600123405456543
0.006001710891723633
0.006001472473144531
0.005994558334350586
0.006001472473144531
0.005982160568237305
0.005982637405395508
0.009001493453979492
0.005816936492919922
0.00600123405456543
0.0060062408447265625
0.006978750228881836
0.006001472473144531
0.007001638412475586
0.006014347076416016
0.006013154983520508
0.006009340286254883
0.005001068115234375
0.007008552551269531
0.006020307540893555
0.0060138702392578125
0.005982637405395508
0.007002115249633789
0.008014917373657227
0.006000041961669922
0.006999969482421875
0.0065762996673583984
0.00700068473815918
0.007002830505371094
0.006001472473144531
0.005989551544189453
0.0059947967529296875
0.006000995635986328
0.005001544952392578
0.006013631820678711
0.006003379821777344
0.006000995635986328
0.00600123405456543
0.006034135818481445
0.0069997310638427734
0.006001710891723633
0.006003379821777344
0.007001399993896484
0.006009340286254883
0.006014347076416016
0.007001638412475586
0.005994558334350586
0.006000995635986328
0.006001472473144531
0.006003856658935547
0.005980014801025391
0.006012916564941406
0.0060007572174072266
0.0060002803802490234
0.006000518798828125
0.006001472473144531
0.0060160160064697266
0.006990909576416016
0.0070209503173828125
0.0059964656829833984
