0.0947265625
0.03485870361328125
0.007001161575317383
0.006988048553466797
0.006597757339477539
0.0065500736236572266
0.005998849868774414
0.005989551544189453
0.0060160160064697266
0.0075037479400634766
0.006010532379150391
0.008013725280761719
0.0059850215911865234
0.006000995635986328
0.006005048751831055
0.0070111751556396484
0.006002902984619141
0.008002996444702148
0.005693197250366211
0.006014823913574219
0.0060024261474609375
0.008014678955078125
0.005986690521240234
0.008009910583496094
0.005995988845825195
0.006999492645263672
0.0059947967529296875
0.007013559341430664
0.006014347076416016
0.006995201110839844
0.007001638412475586
0.007001638412475586
0.006013154983520508
0.035614013671875
0.024990320205688477
0.0070078372955322266
0.03500080108642578
0.005993843078613281
0.005979776382446289
0.006003141403198242
0.005986213684082031
0.007021665573120117
0.008022785186767578
0.006987094879150391
0.007008552551269531
0.0065081119537353516
0.007001638412475586
0.006001710891723633
0.0070459842681884766
0.006068229675292969
0.00700831413269043
0.03300333023071289
0.03400087356567383
0.00700068473815918
0.00606226921081543
0.00599360466003418
0.005018949508666992
0.00606083869934082
0.0060083866119384766
0.007021665573120117
0.0059964656829833984
0.006021022796630859
0.0070078372955322266
0.005995512008666992
0.0059814453125
0.007994890213012695
0.006001472473144531
0.006021022796630859
0.006005048751831055
0.008028745651245117
0.008012771606445312
0.0055332183837890625
0.00650787353515625
0.0070035457611083984
0.005934476852416992
0.005982160568237305
0.006014585494995117
0.007995128631591797
0.006001472473144531
0.007988214492797852
0.006002187728881836
0.006001472473144531
0.00899505615234375
0.005980968475341797
0.007001399993896484
0.006000518798828125
0.006021738052368164
0.007001161575317383
0.007176399230957031
0.007001161575317383
0.034006357192993164
0.007001638412475586
0.007020235061645508
0.03300762176513672
0.0070018768310546875
0.008002281188964844
0.03447556495666504
0.007985591888427734
0.007981538772583008
0.007003068923950195
0.008992910385131836
0.006981849670410156
0.007021427154541016
0.006001472473144531
0.03383445739746094
0.03400778770446777
0.0069887638092041016
0.006981372833251953
0.03399300575256348
0.007014036178588867
0.008997201919555664
0.007021665573120117
0.0329892635345459
0.007437467575073242
0.007016420364379883
0.03400683403015137
0.007001638412475586
0.007001399993896484
0.03503751754760742
0.008912801742553711
0.035700321197509766
0.008035659790039062
0.006558895111083984
0.007788896560668945
0.007021903991699219
0.03489065170288086
0.03453493118286133
0.036139488220214844
0.0070037841796875
0.010001182556152344
0.03651785850524902
0.007004499435424805
0.007000923156738281
0.09825706481933594
