1.7514557838439941
1.8741447925567627
1.6939575672149658
1.8811304569244385
1.6819415092468262
1.6227445602416992
1.6067938804626465
1.763756275177002
1.7989530563354492
1.6142330169677734
1.630612850189209
1.8051464557647705
1.6345906257629395
1.6785905361175537
1.8496465682983398
1.6623709201812744
1.6404190063476562
1.8362665176391602
1.757570505142212
1.618079662322998
1.8491120338439941
1.6318414211273193
1.6090810298919678
1.820500135421753
1.6362924575805664
1.6119904518127441
1.8244545459747314
1.613952875137329
1.5892114639282227
1.8338217735290527
1.7372524738311768
1.7471716403961182
1.6165144443511963
1.757204294204712
1.774963617324829
1.6037201881408691
1.7797770500183105
1.5889897346496582
1.767305850982666
1.5993328094482422
1.7395274639129639
1.7652862071990967
1.574842929840088
1.7551851272583008
1.8153574466705322
1.6034274101257324
1.5869181156158447
1.7456345558166504
1.786956787109375
1.61430025100708
1.5735595226287842
1.7411024570465088
1.8058931827545166
1.6341679096221924
1.582791805267334
1.742142915725708
1.7829415798187256
1.6021208763122559
1.5711669921875
1.7672553062438965
1.81374192237854
1.5998625755310059
1.574138879776001
1.757774829864502
1.804168701171875
1.5996248722076416
1.571401596069336
1.7607355117797852
1.7983808517456055
1.671877384185791
1.59025239944458
1.780104160308838
1.8358547687530518
1.6307909488677979
1.6010067462921143
1.766270637512207
1.7888381481170654
1.610779047012329
1.615546464920044
1.7652387619018555
1.814385175704956
1.625436782836914
1.6228599548339844
1.8117949962615967
1.6116867065429688
1.5892353057861328
1.7990214824676514
1.6902294158935547
1.6396048069000244
1.8058726787567139
1.6234066486358643
1.621232271194458
1.8555550575256348
1.6090683937072754
1.5968005657196045
1.8030996322631836
1.617635726928711
1.6410760879516602
1.7930195331573486
1.5896344184875488
1.6037919521331787
1.7940073013305664
1.6083219051361084
1.5984067916870117
1.8076250553131104
1.5978517532348633
1.621654748916626
1.806551218032837
1.6254854202270508
1.606241226196289
1.7931597232818604
1.625859260559082
1.6037461757659912
1.581709623336792
1.760622501373291
1.7913672924041748
1.5988831520080566
1.8622758388519287
1.6864631175994873
2.019831418991089
1.703155279159546
2.0203089714050293
1.9129071235656738
1.8106951713562012
1.961613655090332
1.8517580032348633
1.6706926822662354
1.6227390766143799
1.7883589267730713
1.806532621383667
1.8010878562927246
1.6643431186676025
1.8795688152313232
1.8911428451538086
