16.86001753807068
15.748574256896973
16.878508806228638
13.557174921035767
19.430317163467407
17.824986457824707
17.111711502075195
19.5845468044281
13.315091371536255
22.954012155532837
13.166921615600586
15.31040358543396
17.045055150985718
18.941977500915527
15.23385739326477
18.93352484703064
16.26231026649475
13.159250974655151
9.38128924369812
9.320341110229492
8.832070112228394
9.607941627502441
8.973073959350586
9.449954509735107
9.598653793334961
9.451133966445923
9.096687078475952
9.262659549713135
10.114994525909424
9.259518146514893
9.154703140258789
9.81003999710083
9.213951349258423
9.260318756103516
9.69686222076416
9.903152465820312
9.435266017913818
10.058194637298584
9.770472288131714
9.507628679275513
9.608458518981934
9.023964405059814
10.108362913131714
9.348923206329346
9.483546733856201
10.251424312591553
9.696714878082275
9.501342296600342
10.250744581222534
10.225799083709717
9.848194122314453
9.517919301986694
10.077552080154419
9.389790296554565
9.595711946487427
10.216055154800415
10.319796562194824
10.228100061416626
10.32142949104309
10.724602699279785
10.570425748825073
9.052391767501831
10.76990032196045
9.55661153793335
10.873787641525269
10.814382314682007
9.724327564239502
9.55261516571045
10.129824876785278
11.46662974357605
8.65775728225708
11.04371428489685
9.268648624420166
10.980167388916016
10.936782836914062
9.816815376281738
10.675859212875366
11.116893768310547
9.101463794708252
