9.582331657409668
8.472307920455933
16.372526168823242
11.166974782943726
8.451001405715942
9.54616665840149
13.546571254730225
14.275116205215454
9.115893602371216
8.60334849357605
17.527231693267822
11.2170090675354
8.798228025436401
9.517752408981323
17.060285568237305
8.855299472808838
14.67559552192688
15.711470365524292
8.485002756118774
8.885147094726562
12.637118816375732
18.054360151290894
10.021531105041504
9.01167893409729
8.790108919143677
8.986992597579956
9.922122955322266
9.054134130477905
9.278720617294312
9.934959888458252
9.509678363800049
9.855441093444824
10.18367624282837
10.529655694961548
10.249358177185059
10.184648752212524
11.423057794570923
10.357309341430664
10.94220757484436
11.311651229858398
10.010460138320923
11.447344541549683
11.267203092575073
11.648439645767212
12.173758268356323
13.012820482254028
11.420016527175903
14.572086334228516
12.054869651794434
12.853633165359497
14.11460280418396
13.26908826828003
15.082720518112183
13.979090929031372
16.052201986312866
13.458731174468994
15.02341890335083
14.076339721679688
16.279703378677368
14.195464372634888
15.810022592544556
17.177643299102783
15.954805374145508
15.763177633285522
14.266557455062866
16.725494146347046
16.707205295562744
17.219503164291382
17.869693279266357
15.683977365493774
17.723098754882812
16.075490474700928
