9.57840371131897
10.878859519958496
10.871772050857544
9.49504804611206
10.548850536346436
10.974880933761597
12.23764705657959
8.722622632980347
11.81758999824524
9.566448211669922
10.467493295669556
11.806403636932373
11.454079866409302
12.548424482345581
11.649009466171265
10.259517431259155
12.608504295349121
10.927760362625122
10.13129186630249
11.04646348953247
14.272359848022461
8.744450807571411
10.34835171699524
10.589523315429688
13.264662265777588
12.290152072906494
10.70762300491333
11.37770962715149
9.331609725952148
9.773211479187012
9.435552597045898
9.928555965423584
9.662951946258545
10.22218632698059
9.675997734069824
9.8108549118042
10.612059116363525
10.077447891235352
10.417412519454956
11.085132837295532
10.455973863601685
10.907734394073486
10.81806993484497
10.286163091659546
10.967182397842407
11.891971111297607
11.188448905944824
10.977715730667114
12.871150970458984
11.640839099884033
13.248676538467407
11.246503591537476
14.86515212059021
12.604233026504517
12.370866537094116
14.117898941040039
12.151663064956665
11.886582612991333
14.752929210662842
14.807775974273682
12.543996334075928
12.348060846328735
15.455900192260742
13.480814456939697
15.285411596298218
14.878512144088745
16.260965824127197
16.72388982772827
16.03226923942566
15.266597032546997
16.660908222198486
17.866025924682617
13.685259103775024
17.055190086364746
18.733407974243164
