7.641650676727295
6.790493965148926
7.037949085235596
7.5543248653411865
7.28797721862793
13.890026330947876
9.421581745147705
9.921993970870972
10.75343656539917
9.575861930847168
9.245620489120483
10.829899072647095
9.1461501121521
8.357551574707031
8.623668909072876
7.940615653991699
8.031893491744995
8.09043025970459
8.134388446807861
7.930350303649902
7.910127639770508
8.387982606887817
7.754626035690308
8.078136682510376
7.797818422317505
8.541902303695679
8.814490795135498
8.522868633270264
8.80426573753357
8.659751892089844
8.244946718215942
8.344953298568726
8.989964246749878
9.353399991989136
9.175493717193604
9.742909669876099
8.996740818023682
9.027789115905762
9.622194766998291
9.271504640579224
9.425932168960571
9.04164457321167
9.354595422744751
8.590942859649658
9.137932538986206
8.938351392745972
8.930218935012817
9.412546634674072
9.149526357650757
9.516868114471436
9.00538682937622
9.732739686965942
9.163118839263916
9.219915628433228
10.00221300125122
9.12334942817688
9.464734315872192
10.068251848220825
9.545092821121216
9.888518333435059
10.783111095428467
9.82168960571289
9.945891380310059
10.180673122406006
10.533830404281616
9.807879209518433
10.983334302902222
9.205113887786865
10.586364030838013
10.673725366592407
10.613283157348633
8.921568870544434
10.878504514694214
11.175366640090942
9.864992141723633
10.548103094100952
11.646888256072998
11.74913477897644
11.812653541564941
12.074771881103516
8.904701948165894
12.233868837356567
9.025492906570435
12.280560493469238
9.22050666809082
13.71172308921814
8.551550149917603
14.060284852981567
8.957687139511108
15.174314737319946
9.042358875274658
8.83137845993042
14.486735105514526
11.583836555480957
