0.0009989738464355469
0.0005147457122802734
0.002001047134399414
0.0010628700256347656
0.0
0.0009992122650146484
0.0059969425201416016
0.0009980201721191406
0.0010006427764892578
0.00099945068359375
0.0009984970092773438
0.0013849735260009766
0.0009925365447998047
0.0020017623901367188
0.0010499954223632812
0.0010001659393310547
0.20964264869689941
0.003460407257080078
0.003000497817993164
0.015999794006347656
0.06679034233093262
0.004046916961669922
0.004781484603881836
0.00500035285949707
0.004999876022338867
0.006054878234863281
0.006001949310302734
0.008000850677490234
0.006001472473144531
0.0060002803802490234
0.006001472473144531
0.005993843078613281
0.00700068473815918
0.05601072311401367
0.0060007572174072266
0.005002498626708984
0.015051126480102539
0.006001710891723633
0.006991147994995117
0.008086681365966797
0.00700068473815918
0.005002260208129883
0.00699925422668457
0.031006336212158203
0.0050008296966552734
0.006003618240356445
0.007082700729370117
0.009999752044677734
0.007002115249633789
0.005527973175048828
0.0071201324462890625
0.017003297805786133
0.08808493614196777
0.10647249221801758
0.1591339111328125
0.17912006378173828
0.025005817413330078
0.0216524600982666
0.007002830505371094
0.008193731307983398
0.016003847122192383
0.006326913833618164
0.007792472839355469
0.0275266170501709
0.015025138854980469
0.015002727508544922
0.008623361587524414
0.007001399993896484
0.00899362564086914
0.10742998123168945
0.02065300941467285
0.011514902114868164
