0.0009992122650146484
0.0
0.0010287761688232422
0.0005223751068115234
0.0
0.0009992122650146484
0.0009996891021728516
0.0019996166229248047
0.0009920597076416016
0.0010001659393310547
0.0009999275207519531
0.002001047134399414
0.001051187515258789
0.0015120506286621094
0.0012040138244628906
0.0020020008087158203
0.0008521080017089844
0.0009992122650146484
0.001992940902709961
0.0009987354278564453
0.0019998550415039062
0.0020189285278320312
0.0019986629486083984
0.0010004043579101562
0.002000570297241211
0.002000570297241211
0.0029993057250976562
0.0020024776458740234
0.0020008087158203125
0.0030007362365722656
0.003000974655151367
0.002001047134399414
0.004988670349121094
0.005171060562133789
0.00500178337097168
0.006001949310302734
0.0053920745849609375
0.006003141403198242
0.006525516510009766
0.006997823715209961
0.006000041961669922
0.005006551742553711
0.003999233245849609
0.007005453109741211
0.0050754547119140625
0.0059931278228759766
0.005998134613037109
0.03902387619018555
0.006001710891723633
0.005112409591674805
0.0059986114501953125
0.0060884952545166016
0.008001327514648438
0.00584864616394043
0.007988452911376953
0.006012916564941406
0.006001949310302734
0.05606579780578613
0.007002592086791992
0.0070035457611083984
0.006032228469848633
0.007002353668212891
0.00799107551574707
0.007506132125854492
0.006985902786254883
0.14711713790893555
0.008000612258911133
0.006043910980224609
0.006513833999633789
0.00800180435180664
0.018006324768066406
0.008644819259643555
0.007494688034057617
0.007003068923950195
0.13365554809570312
0.008005619049072266
0.36537718772888184
0.008984088897705078
0.0073871612548828125
0.00800180435180664
0.007994651794433594
0.017518043518066406
0.007992744445800781
0.00799870491027832
0.00800180435180664
0.007007122039794922
0.01000070571899414
0.011998891830444336
0.00598597526550293
0.012004613876342773
0.008001565933227539
0.008003473281860352
0.01600360870361328
0.007000923156738281
