0.0010025501251220703
0.0
0.0010001659393310547
0.0009980201721191406
0.0010008811950683594
0.0010020732879638672
0.0021190643310546875
0.002993345260620117
0.0017590522766113281
0.002025127410888672
0.000997304916381836
0.003008604049682617
0.002000093460083008
0.0030024051666259766
0.002005338668823242
0.003000974655151367
0.003004312515258789
0.0020160675048828125
0.0019903182983398438
0.0019707679748535156
0.0020012855529785156
0.0009999275207519531
0.0019981861114501953
0.002001047134399414
0.0020012855529785156
0.0030028820037841797
0.0025932788848876953
0.0024085044860839844
0.0030024051666259766
0.0030012130737304688
0.0020008087158203125
0.0022699832916259766
0.001688241958618164
0.0030002593994140625
0.0020029544830322266
0.004004001617431641
0.002750396728515625
0.0024247169494628906
0.002999544143676758
0.0040018558502197266
0.006070613861083984
0.0060002803802490234
0.006002187728881836
0.005308628082275391
0.006002902984619141
0.0050013065338134766
0.004998922348022461
0.005001068115234375
0.012004613876342773
0.006005764007568359
0.006996870040893555
0.005000591278076172
0.004999876022338867
0.009000539779663086
0.006002187728881836
0.0069997310638427734
0.0059964656829833984
0.02400684356689453
0.006215333938598633
0.006002187728881836
0.01900458335876465
0.00494694709777832
0.0114593505859375
0.005944728851318359
0.005575418472290039
0.005002498626708984
0.03698086738586426
0.006000995635986328
0.006003141403198242
0.008033037185668945
0.006166219711303711
0.00751185417175293
0.018002748489379883
0.006620645523071289
0.007999420166015625
0.006986141204833984
0.007002830505371094
0.006624937057495117
0.0069997310638427734
