0.0009996891021728516
0.0010416507720947266
0.0009992122650146484
0.0
0.0
0.0010030269622802734
0.0009989738464355469
0.001001596450805664
0.001001119613647461
0.0010004043579101562
0.0010018348693847656
0.0012049674987792969
0.0009891986846923828
0.0019986629486083984
0.0020012855529785156
0.0010020732879638672
0.0009975433349609375
0.0019958019256591797
0.003996849060058594
0.0030007362365722656
0.003999948501586914
0.005003213882446289
0.1220245361328125
0.0853424072265625
0.0050008296966552734
0.004100322723388672
0.010999917984008789
0.005616188049316406
0.005913972854614258
0.0050067901611328125
0.00500178337097168
0.006001949310302734
0.007000446319580078
0.00498199462890625
0.009002447128295898
0.006002902984619141
0.006970405578613281
0.005478858947753906
0.006000995635986328
0.005509376525878906
0.0060694217681884766
0.004992485046386719
0.00805974006652832
0.006004810333251953
0.005992889404296875
0.009004592895507812
0.0060024261474609375
0.005988597869873047
0.0063397884368896484
0.0070002079010009766
0.007000923156738281
0.025017499923706055
0.007002592086791992
0.0070002079010009766
0.012053489685058594
0.00700831413269043
0.005003690719604492
0.014320135116577148
0.007008552551269531
0.007002830505371094
0.037877559661865234
0.013001441955566406
0.22721147537231445
0.06014823913574219
0.16606664657592773
0.01453852653503418
0.006986379623413086
0.007069587707519531
0.027940750122070312
0.02002406120300293
0.00700068473815918
0.013522148132324219
0.05901026725769043
0.010006427764892578
0.019009828567504883
