9.251830339431763
10.740474700927734
10.679794549942017
9.209705829620361
10.258123636245728
10.814774990081787
11.573705673217773
8.558923959732056
11.662482023239136
9.406434297561646
10.294206619262695
11.531769752502441
11.30722689628601
12.26249384880066
11.340769052505493
10.08379602432251
12.461029529571533
10.63755178451538
9.985665082931519
10.882688522338867
14.063436269760132
8.582643270492554
9.936772108078003
10.215715885162354
13.09192967414856
12.120900869369507
10.444522142410278
11.197069883346558
9.156054973602295
9.591390609741211
9.249011516571045
9.759183645248413
9.484073877334595
10.068092107772827
9.416760206222534
9.635853052139282
10.447166204452515
9.897026300430298
10.249932289123535
10.902806520462036
10.282958030700684
10.75368332862854
10.544978141784668
10.109904527664185
10.794415473937988
11.582894802093506
10.993376731872559
10.789928436279297
12.696533203125
11.470612525939941
13.03046989440918
11.05408239364624
14.647246360778809
12.404457569122314
12.075571298599243
13.964954853057861
11.985945463180542
11.56271481513977
14.565621137619019
14.623366117477417
12.201244354248047
12.036683320999146
14.92094373703003
13.174296855926514
14.755480527877808
14.498701333999634
16.07951545715332
16.51564311981201
15.671539545059204
14.92162299156189
16.492005825042725
17.523865699768066
13.310827255249023
16.846879243850708
18.301999807357788
