0.21133041381835938
0.015740156173706055
0.033106327056884766
0.16834115982055664
0.1672818660736084
0.028638601303100586
0.8963508605957031
0.026010513305664062
0.020003795623779297
0.018636703491210938
0.07001662254333496
0.0262148380279541
0.02651691436767578
0.04930448532104492
0.02886199951171875
0.018001317977905273
0.09615087509155273
0.019231319427490234
0.01855182647705078
0.03653836250305176
0.06701064109802246
0.023016929626464844
0.01707768440246582
0.02653050422668457
0.016003847122192383
0.021024227142333984
0.023983478546142578
0.027498960494995117
0.026547908782958984
0.02251744270324707
0.022008419036865234
0.019901514053344727
0.0200045108795166
0.04103255271911621
0.02462911605834961
0.02700662612915039
0.04722094535827637
0.04056406021118164
0.019591331481933594
0.02553391456604004
0.026718854904174805
0.018663644790649414
0.02600693702697754
0.05365252494812012
0.0190122127532959
0.027534961700439453
0.024387598037719727
0.05168604850769043
0.03508782386779785
0.027031421661376953
0.01700568199157715
0.07282662391662598
0.05000948905944824
0.07007193565368652
0.05164933204650879
0.10315918922424316
0.047185420989990234
0.0249025821685791
0.028287887573242188
0.01803445816040039
0.0275726318359375
0.028260469436645508
0.03174614906311035
0.08095002174377441
0.03400540351867676
0.06306076049804688
0.021244525909423828
0.027385234832763672
0.040255069732666016
0.07802248001098633
0.03802204132080078
0.04401206970214844
