9.250697135925293
8.326602220535278
16.087117671966553
10.85923147201538
8.149025917053223
9.38845419883728
12.348398923873901
14.108538389205933
8.954029083251953
8.454641819000244
17.187203645706177
11.060240745544434
8.637366771697998
9.162766218185425
16.880826950073242
8.704673290252686
14.090063571929932
15.550156116485596
8.338055610656738
8.616624593734741
12.24413013458252
17.86253809928894
9.833740234375
8.852044343948364
8.626801013946533
8.825343132019043
9.728920936584473
8.848769187927246
9.089451789855957
9.768616914749146
9.340784549713135
9.711763143539429
10.006653308868408
10.249979496002197
10.070266485214233
9.976069927215576
11.127187013626099
10.08118724822998
10.78911542892456
11.136371850967407
9.830145597457886
11.284358263015747
11.094480276107788
11.324543476104736
12.008649110794067
12.824564218521118
11.243264198303223
14.237441539764404
11.82878303527832
12.669054985046387
13.945422172546387
12.90731692314148
14.702719926834106
13.540133476257324
15.394887685775757
12.65675687789917
14.700456380844116
13.776544332504272
16.09430241584778
14.039853811264038
15.526028394699097
17.010137796401978
15.749706029891968
15.380251407623291
13.946162223815918
16.370871543884277
16.534363508224487
17.042402744293213
17.61638903617859
15.213704586029053
17.374884366989136
15.798354148864746
