7.417080402374268
6.680384874343872
6.926925897598267
7.320667028427124
7.062772512435913
13.756228923797607
8.938329696655273
9.770846605300903
10.605699300765991
9.360788583755493
9.073487281799316
10.656740188598633
8.992301940917969
8.204801797866821
8.468404769897461
7.7994303703308105
7.902373552322388
7.956923246383667
7.9639892578125
7.7872772216796875
7.766526937484741
8.245370626449585
7.608856916427612
7.931603908538818
7.652277946472168
8.366028785705566
8.659244298934937
8.379355192184448
8.654444932937622
8.501659631729126
8.103936195373535
8.179736137390137
8.832604169845581
9.196271181106567
9.022677898406982
9.58298134803772
8.843710660934448
8.8389732837677
9.442757368087769
9.08805227279663
9.244303226470947
8.896547555923462
9.204631090164185
8.428261041641235
8.98031735420227
8.801986932754517
8.76954984664917
9.155035972595215
8.975555419921875
9.35245156288147
8.869809865951538
9.564085483551025
9.011080265045166
9.0580472946167
9.818706274032593
8.957381010055542
9.292297601699829
9.763490676879883
9.376104593276978
9.711446523666382
10.602399587631226
9.654663801193237
9.780413627624512
10.008476734161377
10.354087114334106
9.438080787658691
10.787714004516602
9.053687572479248
10.444449186325073
10.517723321914673
10.33351755142212
8.746766567230225
10.728010416030884
10.996363401412964
9.478493928909302
10.3813157081604
10.938694477081299
11.57489538192749
11.624131917953491
11.873032808303833
8.741471529006958
11.960092782974243
8.873750448226929
12.100442886352539
9.041584014892578
13.54157304763794
8.38218092918396
13.828984260559082
8.802443027496338
14.927755117416382
8.875897407531738
8.664729595184326
14.226709127426147
11.416225671768188
