0.15255188941955566
0.01517033576965332
0.015020370483398438
0.12543869018554688
0.12463045120239258
0.019503355026245117
0.3525702953338623
0.027004718780517578
0.02373194694519043
0.0380096435546875
0.024993181228637695
0.02941727638244629
0.019634246826171875
0.024019241333007812
0.023521900177001953
0.020250797271728516
0.02252483367919922
0.019005775451660156
0.03218245506286621
0.023013591766357422
0.028534650802612305
0.019024133682250977
0.025505542755126953
0.022020816802978516
0.02201390266418457
0.026004791259765625
0.029006481170654297
0.023075580596923828
0.022098302841186523
0.027108430862426758
0.021024465560913086
0.022676706314086914
0.02403998374938965
0.030013084411621094
0.01812601089477539
0.021965503692626953
0.01799774169921875
0.03209805488586426
0.0250241756439209
0.026894330978393555
0.026012420654296875
0.020004987716674805
0.021459341049194336
0.017592906951904297
0.027556657791137695
0.01799297332763672
0.022522926330566406
0.03517460823059082
0.02727341651916504
0.023007631301879883
0.018525123596191406
0.02189946174621582
0.019997596740722656
0.02249455451965332
0.03302264213562012
0.026247024536132812
0.02654719352722168
0.03352761268615723
0.027542829513549805
0.030018091201782227
0.030059099197387695
0.0324091911315918
0.024051427841186523
0.026303529739379883
0.03344130516052246
0.04502677917480469
0.035010576248168945
0.022027969360351562
0.019512414932250977
0.027698040008544922
0.051061391830444336
0.029346466064453125
0.019001245498657227
0.01900649070739746
0.03823089599609375
0.02203965187072754
0.06096625328063965
0.024027585983276367
0.01927471160888672
0.030611515045166016
0.02355480194091797
0.044449567794799805
0.018005847930908203
0.03303670883178711
0.0260317325592041
0.027522802352905273
0.019030332565307617
0.038765907287597656
0.02855968475341797
0.044584035873413086
0.018903493881225586
0.0290219783782959
0.04355621337890625
0.020659923553466797
