0.7397744655609131
0.022567033767700195
0.03899502754211426
0.1623852252960205
0.6200211048126221
0.05477547645568848
0.37741684913635254
0.0705568790435791
0.025676250457763672
0.03106856346130371
0.01900506019592285
0.046506643295288086
0.02113485336303711
0.058930158615112305
0.08402085304260254
0.03549051284790039
0.04706549644470215
0.029423236846923828
0.018153905868530273
0.029173612594604492
0.01861882209777832
0.0283052921295166
0.0200042724609375
0.02353811264038086
0.031000375747680664
0.018006086349487305
0.022010326385498047
0.01600337028503418
0.024004697799682617
0.025035858154296875
0.03400611877441406
0.017002105712890625
0.024005651473999023
0.025034189224243164
0.02197265625
0.020991086959838867
0.0180051326751709
0.030510663986206055
0.021002531051635742
0.018976688385009766
0.02003931999206543
0.022019624710083008
0.024004220962524414
0.02020430564880371
0.02400803565979004
0.021520137786865234
0.015926122665405273
0.018041372299194336
0.038529396057128906
0.02608633041381836
0.022003173828125
0.01900649070739746
0.01904582977294922
0.03036022186279297
0.024005413055419922
0.017154455184936523
0.02051997184753418
0.033064842224121094
0.025028228759765625
0.025866031646728516
0.0472407341003418
0.024528026580810547
0.050182342529296875
0.02111220359802246
0.02003645896911621
0.025573253631591797
0.0640113353729248
0.028483867645263672
0.023305654525756836
0.022138357162475586
0.016003847122192383
0.023045778274536133
0.032109975814819336
0.03203320503234863
0.018005847930908203
0.018016338348388672
0.024183273315429688
0.019603252410888672
0.017011642456054688
