15.896437406539917
15.594200134277344
16.589889526367188
13.186826944351196
18.41872215270996
17.474148511886597
16.590888261795044
19.274160861968994
13.145823955535889
22.744683265686035
13.009664535522461
15.006784677505493
16.882580995559692
18.60426902770996
14.822012901306152
18.667420148849487
15.981858968734741
12.980341911315918
9.228933572769165
9.150803327560425
8.670675039291382
9.440858364105225
8.801154136657715
9.283674240112305
9.409720420837402
9.31107473373413
8.938896894454956
9.109244585037231
9.932866096496582
9.109723567962646
8.997059345245361
9.671448230743408
9.061315298080444
9.060635089874268
9.547682523727417
9.727979183197021
9.262959480285645
9.885311365127563
9.613755464553833
9.359966278076172
9.449994564056396
8.85803508758545
9.927246332168579
9.189738035202026
9.321698188781738
10.100641012191772
9.534763097763062
9.35806131362915
9.945098876953125
10.036727666854858
9.654375314712524
9.365939855575562
9.925012111663818
9.105749607086182
9.421515941619873
10.05955696105957
10.147645235061646
9.956554889678955
10.153432130813599
10.56149411201477
10.293509244918823
8.89403247833252
10.50092077255249
9.388944864273071
10.717602014541626
10.65568208694458
9.371876955032349
9.375312328338623
9.970235586166382
11.258899450302124
8.497711420059204
10.860962629318237
8.980715036392212
10.796165704727173
10.767695665359497
9.66153335571289
10.512105464935303
10.945199966430664
8.934459686279297
