0.20324492454528809
0.016912221908569336
0.021954059600830078
0.15639328956604004
0.15870094299316406
0.02526116371154785
0.49753379821777344
0.025658607482910156
0.022109508514404297
0.020246028900146484
0.02970266342163086
0.0499119758605957
0.022265195846557617
0.04975438117980957
0.05113863945007324
0.02498793601989746
0.0190126895904541
0.034011125564575195
0.024761676788330078
0.022878408432006836
0.031011104583740234
0.022092580795288086
0.03250932693481445
0.046018362045288086
0.024090290069580078
0.022003889083862305
0.03956747055053711
0.027007102966308594
0.029006004333496094
0.025989532470703125
0.026198148727416992
0.01924610137939453
0.023008108139038086
0.02112102508544922
0.02252054214477539
0.027996540069580078
0.01800990104675293
0.02544260025024414
0.02351856231689453
0.025361299514770508
0.021030187606811523
0.023212909698486328
0.04195857048034668
0.021004438400268555
0.017580032348632812
0.058531761169433594
0.026003122329711914
0.027019023895263672
0.022518396377563477
0.027191162109375
0.03525424003601074
0.020997285842895508
0.04601001739501953
0.021713733673095703
0.04044342041015625
0.01804351806640625
0.026733875274658203
0.05301475524902344
0.025119304656982422
0.019890785217285156
0.04356884956359863
0.03752732276916504
0.04665184020996094
0.03904318809509277
0.05599617958068848
0.0785987377166748
0.029707908630371094
0.030870437622070312
0.06354188919067383
0.057015180587768555
0.026031970977783203
0.06532549858093262
0.05483531951904297
0.03405332565307617
0.09502458572387695
