1.6421363353729248
1.6799311637878418
1.5812697410583496
1.7137930393218994
1.7400686740875244
1.9024975299835205
1.7358529567718506
1.6732418537139893
1.7429847717285156
1.7581441402435303
1.7050189971923828
1.7666332721710205
1.7442355155944824
1.7740652561187744
1.7561008930206299
1.802318811416626
1.7426793575286865
1.8632001876831055
1.8535778522491455
1.8331587314605713
1.750028133392334
1.804513931274414
1.7694602012634277
1.782320499420166
1.7362594604492188
1.8257544040679932
1.8149218559265137
1.7962901592254639
1.7744557857513428
1.8865816593170166
1.7951383590698242
1.80204176902771
1.7702209949493408
1.905867576599121
1.8079862594604492
1.7645771503448486
1.7557263374328613
1.883441686630249
1.8569910526275635
1.81500244140625
1.8202264308929443
1.8417751789093018
1.762840747833252
1.772254228591919
1.7533879280090332
1.9355921745300293
1.7866826057434082
1.7361164093017578
1.7928016185760498
1.9213104248046875
1.8301479816436768
1.786492109298706
1.7533318996429443
1.7944443225860596
1.7816600799560547
1.7766985893249512
1.7457444667816162
1.8214788436889648
1.8127121925354004
1.901883840560913
1.8126227855682373
1.898864507675171
1.7634656429290771
1.7310714721679688
1.7474355697631836
1.780306100845337
1.8349571228027344
1.840956687927246
1.8112397193908691
1.8462438583374023
1.7745628356933594
1.777984380722046
1.7470877170562744
1.8336737155914307
1.7761187553405762
1.769885778427124
1.732151746749878
1.8660788536071777
1.7807302474975586
1.7574222087860107
1.751464605331421
1.800548791885376
1.834275722503662
1.8360705375671387
1.803292989730835
1.9038114547729492
1.8543689250946045
1.7991955280303955
1.8265149593353271
1.907860517501831
1.831949234008789
1.8627970218658447
1.8302481174468994
1.9613358974456787
1.843252182006836
1.8023886680603027
1.8167948722839355
1.8672065734863281
1.857499122619629
1.8141725063323975
1.8117737770080566
1.9166033267974854
1.8600850105285645
1.8520534038543701
1.8162133693695068
1.90494704246521
1.884770154953003
1.8490524291992188
1.7809770107269287
1.8991773128509521
1.8850667476654053
1.8353185653686523
1.7997174263000488
1.8247559070587158
1.830540418624878
1.8574755191802979
1.8369574546813965
1.8707914352416992
1.8092706203460693
1.8242297172546387
1.8247368335723877
1.8690037727355957
1.788747787475586
1.7987768650054932
1.789278268814087
1.9431860446929932
1.7912933826446533
1.8242461681365967
1.7897202968597412
1.8068411350250244
1.8504037857055664
1.8636605739593506
1.8049845695495605
1.8848826885223389
1.9037270545959473
1.8235509395599365
1.7760343551635742
1.853639841079712
1.809436321258545
1.803957223892212
1.799971342086792
1.8119590282440186
1.7870094776153564
1.9146482944488525
1.7996935844421387
1.8237721920013428
1.7856051921844482
1.845496654510498
1.9046306610107422
1.873267650604248
1.9168710708618164
1.8392057418823242
1.8337852954864502
1.8256573677062988
1.794259786605835
1.8399784564971924
1.8109240531921387
1.8424286842346191
1.8405911922454834
1.8274972438812256
1.8209798336029053
1.9178216457366943
1.776627779006958
1.798771619796753
1.8311173915863037
1.8974463939666748
1.8691537380218506
1.8216166496276855
1.777637004852295
1.8492281436920166
1.87300443649292
1.850637674331665
1.885552167892456
1.9856455326080322
1.8889358043670654
1.8097059726715088
1.7885808944702148
1.8100011348724365
1.7739603519439697
1.928748369216919
1.8179349899291992
1.771986722946167
1.7652804851531982
1.849046230316162
1.9475440979003906
1.9083616733551025
1.8688604831695557
1.8803255558013916
1.9696252346038818
1.8150813579559326
1.7482593059539795
1.7828121185302734
1.86590576171875
1.9121055603027344
1.9282658100128174
1.8344101905822754
1.8737719058990479
1.8339900970458984
1.9007399082183838
1.8228209018707275
1.9465081691741943
1.8477437496185303
1.7953879833221436
1.8641178607940674
1.9760315418243408
1.8293943405151367
1.8728306293487549
1.8192217350006104
1.8592250347137451
1.8786160945892334
1.8762805461883545
1.814854383468628
1.8959152698516846
1.8120696544647217
1.846057653427124
1.8506958484649658
1.9548156261444092
1.8667831420898438
1.788100242614746
1.9145562648773193
2.0061213970184326
1.8449251651763916
1.7959609031677246
1.8404541015625
1.8383982181549072
1.8444528579711914
1.8594751358032227
1.8109517097473145
1.9246041774749756
1.8571560382843018
1.9287943840026855
1.806851863861084
1.9041776657104492
1.8944556713104248
1.878702163696289
1.8369040489196777
1.9893646240234375
1.8551313877105713
1.82047700881958
1.8784332275390625
1.867218255996704
1.9336473941802979
