2.0328495502471924
1.7095372676849365
1.7165305614471436
1.6946768760681152
1.856950044631958
1.6431884765625
1.7978153228759766
1.8519062995910645
1.6666209697723389
1.8926548957824707
1.6282732486724854
1.8040337562561035
1.6685831546783447
1.7862639427185059
1.8523468971252441
1.677933692932129
1.8178637027740479
1.8364918231964111
1.7356150150299072
1.7004811763763428
1.8390624523162842
1.8429114818572998
1.736577033996582
1.6257314682006836
1.8340075016021729
1.8436229228973389
1.6892263889312744
1.7373065948486328
1.8291854858398438
1.9465458393096924
1.666365146636963
1.6449668407440186
1.8456635475158691
1.6498770713806152
1.6351826190948486
1.8409249782562256
1.6530020236968994
1.6317896842956543
1.8353724479675293
1.682096004486084
1.6363015174865723
1.8432133197784424
1.652113437652588
1.6350624561309814
1.8382651805877686
1.650155782699585
1.7361207008361816
1.8352789878845215
1.6974971294403076
1.6328098773956299
1.8467566967010498
1.6516897678375244
1.6350255012512207
1.8397693634033203
1.6559109687805176
1.6247224807739258
1.8329854011535645
1.647740364074707
1.6238925457000732
1.845036506652832
1.6585102081298828
1.686023473739624
1.6385290622711182
1.7945666313171387
1.8456699848175049
1.6392865180969238
1.827699899673462
1.6233675479888916
1.8027665615081787
1.5965549945831299
1.7675693035125732
1.8082287311553955
1.611213207244873
1.807157278060913
1.858602523803711
1.6698753833770752
1.6160333156585693
1.7785425186157227
1.8292298316955566
1.6448614597320557
1.6121563911437988
1.789470911026001
1.8333179950714111
1.683417558670044
1.620072603225708
1.7935495376586914
2.034280776977539
1.9025921821594238
1.6460537910461426
1.8366172313690186
1.6558477878570557
1.6332504749298096
1.8353602886199951
1.65799880027771
1.6304082870483398
1.8299334049224854
1.6713266372680664
1.633784294128418
1.9534151554107666
1.6627941131591797
1.6438181400299072
1.8725519180297852
1.67661714553833
1.6328842639923096
1.836529016494751
1.6589412689208984
1.637272834777832
1.860996961593628
1.6567442417144775
1.6452116966247559
1.845740795135498
1.6574161052703857
1.6460480690002441
1.8680088520050049
1.6674375534057617
1.639852523803711
1.857659101486206
1.6728155612945557
1.6773738861083984
1.6092631816864014
1.8131873607635498
1.8169002532958984
1.627396821975708
1.8162918090820312
1.6069235801696777
1.8179137706756592
1.605989694595337
1.7744710445404053
1.8318288326263428
1.615433692932129
1.7981979846954346
1.829334020614624
1.6385233402252197
1.6148412227630615
1.8008081912994385
1.8705308437347412
1.652493953704834
1.630614995956421
1.81282639503479
1.8337109088897705
1.645967960357666
1.636211633682251
1.7949743270874023
1.8566558361053467
1.6883461475372314
1.6296582221984863
1.845506191253662
1.6440002918243408
1.6366386413574219
1.855294942855835
1.6700506210327148
1.6633245944976807
1.8665156364440918
1.6828508377075195
1.6407313346862793
1.8470218181610107
1.6559138298034668
1.6397583484649658
1.8613700866699219
1.6806509494781494
1.6288414001464844
1.8599746227264404
1.6706936359405518
1.6389796733856201
1.8472249507904053
1.672698974609375
1.66282057762146
1.8692710399627686
1.652139663696289
1.6335277557373047
1.9591014385223389
1.675539493560791
1.6662359237670898
1.8375194072723389
1.6828343868255615
1.6531040668487549
1.626694917678833
1.7914469242095947
1.8123455047607422
1.6426939964294434
1.8190922737121582
1.64202880859375
1.8119077682495117
1.624908685684204
1.7744662761688232
1.8065516948699951
1.6147208213806152
1.8053646087646484
1.8857507705688477
1.6566612720489502
1.622847557067871
1.7946052551269531
1.8657526969909668
1.6439883708953857
1.619896650314331
1.7890818119049072
1.8593299388885498
1.6555991172790527
1.6221702098846436
1.8175878524780273
1.862426519393921
1.687582015991211
1.6328456401824951
1.868363857269287
1.6975231170654297
1.6532015800476074
1.8546876907348633
1.6622874736785889
1.6402249336242676
1.8512446880340576
1.6838316917419434
1.635119915008545
1.8470745086669922
1.6683170795440674
1.64432954788208
1.8549599647521973
1.6591062545776367
1.6405854225158691
1.8521230220794678
1.6906185150146484
1.6346700191497803
1.8519952297210693
1.6541883945465088
1.6452901363372803
1.8648993968963623
1.653684139251709
1.6593668460845947
1.8467066287994385
1.6754250526428223
1.6463091373443604
1.857717752456665
1.6702377796173096
1.6745529174804688
1.6149437427520752
1.7792115211486816
1.833728551864624
1.6273627281188965
1.8302359580993652
1.634634017944336
1.840010404586792
1.6418251991271973
1.7949750423431396
1.839188575744629
1.6204419136047363
1.8212056159973145
1.853538990020752
1.6517584323883057
1.6279687881469727
1.8084626197814941
1.8529410362243652
1.6693644523620605
1.6280288696289062
1.8037934303283691
1.8576550483703613
1.6632933616638184
1.6243376731872559
1.8109183311462402
1.854970932006836
1.6678369045257568
1.6619534492492676
1.8554964065551758
1.6742300987243652
1.6421525478363037
1.9066941738128662
1.6673083305358887
1.6502621173858643
1.8598711490631104
1.6794908046722412
1.6434221267700195
1.8543155193328857
1.6670403480529785
1.668245553970337
1.8761045932769775
1.66078782081604
1.6624805927276611
1.856208086013794
1.6665539741516113
1.6604180335998535
1.855954885482788
1.6704561710357666
1.64933180809021
1.844860553741455
1.670036792755127
1.64347505569458
1.8546457290649414
1.663374423980713
1.6391501426696777
1.8547348976135254
1.6704208850860596
1.6700425148010254
1.6497738361358643
1.7971858978271484
1.8553495407104492
1.6346561908721924
1.8196098804473877
1.6237695217132568
1.811033010482788
1.616790771484375
1.7893428802490234
1.814911127090454
1.642563819885254
1.8005166053771973
1.8561654090881348
1.652085542678833
1.6256663799285889
1.809324026107788
1.8472895622253418
1.6582527160644531
1.7174320220947266
1.8275306224822998
1.853203535079956
1.6583478450775146
1.6287105083465576
1.819169521331787
1.8581287860870361
1.6603336334228516
1.6475913524627686
1.8555967807769775
1.6918861865997314
1.6512079238891602
1.858363151550293
1.7172021865844727
1.6407158374786377
1.863011360168457
1.6708958148956299
1.6469688415527344
1.8838379383087158
1.6937849521636963
1.6713714599609375
1.8613455295562744
1.6579604148864746
1.658562421798706
1.8581843376159668
1.677954912185669
1.6686451435089111
1.8660640716552734
1.670048475265503
1.64607834815979
1.8561885356903076
1.6986994743347168
1.649381160736084
1.8545341491699219
1.6747667789459229
1.641594648361206
1.8766553401947021
1.676591396331787
1.6698267459869385
1.632918357849121
1.7929346561431885
1.8510377407073975
1.6394531726837158
1.8352301120758057
1.6314783096313477
1.831089973449707
1.641319990158081
1.7846097946166992
1.8201799392700195
1.6451382637023926
1.8137319087982178
1.845644235610962
1.673326015472412
1.6332449913024902
1.8203668594360352
1.8617503643035889
1.6873018741607666
1.6371815204620361
1.8152308464050293
1.8554213047027588
1.674544095993042
1.6671738624572754
1.8464813232421875
1.8954386711120605
1.7119946479797363
1.6943912506103516
1.8852100372314453
1.6747639179229736
1.6757586002349854
1.8784945011138916
1.6761987209320068
1.6634821891784668
1.878448247909546
1.678715705871582
1.668346643447876
1.8918449878692627
1.6801180839538574
1.6585209369659424
1.8778221607208252
1.6738669872283936
1.6556940078735352
1.8875348567962646
1.7207977771759033
1.6867084503173828
1.881084680557251
1.697955846786499
1.6650581359863281
1.871962308883667
1.7210421562194824
1.6628739833831787
1.8573157787322998
1.6730952262878418
1.6649565696716309
1.891235589981079
1.7092077732086182
1.6943817138671875
1.63446044921875
1.813779354095459
1.8783073425292969
1.6812312602996826
1.6335804462432861
1.8192939758300781
1.8632850646972656
1.6797380447387695
1.6504735946655273
1.8142218589782715
1.904707431793213
1.6973075866699219
1.639697551727295
1.8295607566833496
1.8633015155792236
1.663928508758545
1.6566245555877686
1.841780662536621
1.8906991481781006
1.6920278072357178
1.656972885131836
1.8337805271148682
1.899906873703003
1.688054084777832
1.6712777614593506
1.8348605632781982
1.8813304901123047
1.7026562690734863
1.6601719856262207
1.8884084224700928
1.725154161453247
1.6831693649291992
1.8774893283843994
1.693831205368042
1.66292405128479
1.8875832557678223
1.695340633392334
1.6654858589172363
1.8982362747192383
1.6921930313110352
1.6925971508026123
1.8745133876800537
1.7108654975891113
1.7097816467285156
2.0926713943481445
1.842482089996338
1.695202350616455
1.9315998554229736
1.7123737335205078
1.7425897121429443
1.9341423511505127
1.7231836318969727
1.7291631698608398
1.9406988620758057
1.7296555042266846
1.7122182846069336
1.9003875255584717
1.759533405303955
1.7371418476104736
1.7010672092437744
1.8843371868133545
1.9479570388793945
1.743455410003662
1.6800706386566162
1.9106512069702148
1.9529154300689697
1.7440502643585205
1.6797561645507812
1.9232757091522217
1.949383020401001
1.722043514251709
1.712571620941162
1.8873693943023682
1.9823484420776367
1.691497564315796
1.654902696609497
1.827239751815796
1.9686346054077148
1.702509880065918
1.7201898097991943
1.832059383392334
1.8716850280761719
1.7090208530426025
1.699510097503662
1.9583156108856201
1.9152276515960693
1.7742509841918945
1.681204080581665
1.8937902450561523
1.751033067703247
1.7980399131774902
1.95401930809021
1.7822301387786865
1.7410449981689453
1.9994661808013916
1.7742464542388916
1.7144200801849365
1.9682905673980713
1.8097858428955078
1.753108263015747
2.002985954284668
1.7021689414978027
1.6833114624023438
1.8843107223510742
1.7076361179351807
1.6676123142242432
1.8849141597747803
1.7278721332550049
1.733919382095337
1.978039264678955
1.7326080799102783
1.7359485626220703
