2.009443521499634
1.7230980396270752
1.676300048828125
1.89107346534729
1.6801209449768066
1.6531636714935303
1.8788630962371826
1.681560754776001
1.6503257751464844
1.6197965145111084
1.7950656414031982
1.8361783027648926
1.6548895835876465
1.8290340900421143
1.6379547119140625
1.8263497352600098
1.6536059379577637
1.7983219623565674
1.83536696434021
1.699789047241211
1.8734347820281982
1.8661777973175049
1.6567533016204834
1.662703514099121
1.8602709770202637
1.8814737796783447
1.6762495040893555
1.6849210262298584
1.8353629112243652
1.9691665172576904
1.730879783630371
1.6820285320281982
1.882096767425537
1.9655094146728516
1.7754826545715332
1.6720826625823975
1.960031509399414
1.7014129161834717
1.7325093746185303
1.899904727935791
1.7189927101135254
1.6873397827148438
1.8907651901245117
1.7466866970062256
1.6926400661468506
1.8991241455078125
1.7196977138519287
1.7216975688934326
1.9417178630828857
1.7931575775146484
1.685455560684204
1.976816177368164
1.7395648956298828
1.6814587116241455
1.947885274887085
1.787614345550537
1.684788703918457
1.8849880695343018
1.703596830368042
1.672663927078247
1.9316432476043701
1.8086237907409668
1.7884166240692139
1.9773943424224854
1.6985368728637695
1.6825408935546875
1.6679456233978271
1.8400750160217285
1.8791699409484863
1.7356483936309814
1.663797378540039
1.8381967544555664
1.9370954036712646
1.72385573387146
1.6568667888641357
1.9044029712677002
1.909214735031128
1.6965148448944092
1.6914160251617432
1.8380885124206543
1.9277980327606201
1.7150352001190186
1.6544344425201416
1.8679697513580322
1.8922357559204102
1.8732001781463623
1.876192331314087
1.9167141914367676
1.916259765625
1.6924335956573486
1.7385811805725098
1.9211292266845703
1.9553258419036865
1.720318078994751
1.774235725402832
2.012280225753784
1.7436211109161377
1.7307398319244385
1.9470059871673584
1.7480592727661133
1.6861355304718018
1.900068759918213
1.7646393775939941
1.6851270198822021
1.9111552238464355
1.7521371841430664
1.743682861328125
1.9499223232269287
1.737480878829956
1.728088617324829
2.007553815841675
1.7146275043487549
1.7527146339416504
1.9760515689849854
1.7623534202575684
1.7897319793701172
2.142717123031616
1.7874736785888672
1.786116600036621
2.0092382431030273
1.7627649307250977
1.7657976150512695
1.9504568576812744
1.7568795680999756
1.7136645317077637
1.688326358795166
1.8625271320343018
1.970651626586914
1.7470152378082275
1.6761963367462158
1.8571453094482422
1.9005420207977295
1.7299654483795166
1.6844820976257324
1.907289981842041
1.9586739540100098
1.7071855068206787
1.707721471786499
1.920670986175537
2.0222182273864746
1.753648042678833
1.7531700134277344
1.8683443069458008
1.9566898345947266
1.7690906524658203
1.692354679107666
1.890364646911621
2.037018299102783
1.7648780345916748
1.827423334121704
1.9402415752410889
1.9549875259399414
1.9191315174102783
1.7801382541656494
2.041126012802124
1.7550697326660156
1.7829868793487549
1.9826030731201172
1.747725486755371
1.8377890586853027
1.9654316902160645
1.7173843383789062
1.7252459526062012
1.9298436641693115
1.7206461429595947
1.6986732482910156
1.9064409732818604
1.7866220474243164
1.8468685150146484
1.9469428062438965
1.7217726707458496
1.7236251831054688
1.9995396137237549
1.7491791248321533
1.7901177406311035
1.9966700077056885
1.759810447692871
1.7368922233581543
1.9844920635223389
1.82252836227417
1.8080384731292725
1.9744219779968262
1.8162448406219482
1.7847304344177246
1.7254798412322998
1.877272129058838
1.9463574886322021
1.7260217666625977
1.6996738910675049
1.9007947444915771
1.9718108177185059
1.7170147895812988
1.682997703552246
1.915391206741333
1.9618871212005615
1.8298530578613281
1.738849401473999
1.9060859680175781
1.988478183746338
1.7316052913665771
1.6870641708374023
1.91593599319458
2.005181074142456
1.7266099452972412
1.6915783882141113
1.863020896911621
1.9325282573699951
1.7177643775939941
1.6940891742706299
1.8853039741516113
1.954911231994629
1.7619433403015137
1.7937910556793213
2.129530191421509
1.974907398223877
1.8045873641967773
1.9687504768371582
1.7651951313018799
1.7323317527770996
2.0073890686035156
1.7740635871887207
1.74411940574646
1.9622421264648438
1.7436978816986084
1.7473835945129395
2.205052375793457
1.7679975032806396
1.7451448440551758
2.057121753692627
1.8670845031738281
1.8371942043304443
2.011906862258911
1.828481912612915
1.8031256198883057
2.0069258213043213
1.7746031284332275
1.772648811340332
2.097804546356201
1.776594877243042
1.8156325817108154
2.0989561080932617
1.8809597492218018
1.8164732456207275
1.7647552490234375
2.0573480129241943
2.079401969909668
1.9747066497802734
1.8032047748565674
1.9205596446990967
2.114631175994873
1.8220970630645752
1.7464675903320312
1.890735387802124
1.9358229637145996
1.7472786903381348
1.7703232765197754
1.955228567123413
1.9462568759918213
1.7920117378234863
1.714005947113037
1.886085033416748
1.9603581428527832
1.766277551651001
1.723395586013794
1.901902198791504
1.9784371852874756
1.763075590133667
1.7273921966552734
1.9870195388793945
2.1264493465423584
1.839646816253662
1.755115270614624
1.9679880142211914
1.7709906101226807
1.7162284851074219
2.0097737312316895
1.7854857444763184
1.774435043334961
1.9793744087219238
1.7920308113098145
1.729431390762329
1.9962875843048096
1.7512097358703613
1.7406482696533203
1.9718530178070068
1.7618203163146973
1.7412748336791992
1.9384992122650146
1.8086357116699219
1.7760279178619385
1.9860646724700928
1.8143055438995361
1.7778286933898926
1.9553053379058838
1.7555711269378662
1.7430295944213867
1.947763204574585
1.7788820266723633
1.749082088470459
1.973022222518921
1.762054681777954
1.7322309017181396
1.7316486835479736
1.893644094467163
1.9360556602478027
1.7269229888916016
1.7233452796936035
1.9237797260284424
1.9698717594146729
1.7768018245697021
1.704054594039917
1.9171721935272217
1.9652109146118164
1.7906322479248047
1.728846549987793
1.894665002822876
1.9412436485290527
1.7429287433624268
1.7048921585083008
1.9032130241394043
1.9452345371246338
1.7914526462554932
1.7139651775360107
2.020364999771118
2.028754472732544
1.7994940280914307
1.7784755229949951
1.9747672080993652
1.7332510948181152
1.9378387928009033
1.7409393787384033
2.044076442718506
1.8669533729553223
1.996166467666626
1.7205522060394287
1.9142968654632568
1.7243897914886475
1.9243707656860352
1.7508838176727295
1.7108070850372314
1.8701529502868652
1.9420595169067383
1.7244834899902344
1.7129554748535156
1.8822541236877441
1.9441132545471191
1.726672649383545
1.747300148010254
1.9619407653808594
1.958590030670166
1.7484939098358154
1.7400093078613281
2.2380785942077637
2.587419033050537
2.4490420818328857
1.8405277729034424
2.146167516708374
1.9008243083953857
2.154435396194458
2.029815673828125
2.1937103271484375
1.8866360187530518
2.1813089847564697
1.8574273586273193
1.8126590251922607
1.9517834186553955
2.0597965717315674
1.8504657745361328
1.840270757675171
2.14790415763855
2.0615029335021973
1.7593064308166504
1.7103371620178223
1.9417285919189453
2.0193371772766113
1.9309155941009521
1.7955546379089355
1.937814712524414
1.7503643035888672
2.043052911758423
1.8293228149414062
1.9449551105499268
1.7254388332366943
1.932772159576416
1.7264983654022217
1.969933032989502
1.7376430034637451
2.0168657302856445
1.7638301849365234
1.7320401668548584
1.9648830890655518
2.010211706161499
1.8400530815124512
1.797480821609497
1.984370470046997
2.10689115524292
1.7930047512054443
1.716160535812378
1.9374990463256836
1.9507005214691162
1.8147978782653809
1.762343406677246
1.9757633209228516
1.7767484188079834
1.944793462753296
1.7852380275726318
2.0112955570220947
1.8749761581420898
1.9457142353057861
1.7412002086639404
1.9347901344299316
1.7484254837036133
1.9466350078582764
1.767225980758667
1.715019941329956
1.9042510986328125
1.9606013298034668
1.7564263343811035
1.7403225898742676
1.9376254081726074
1.9400882720947266
1.7752997875213623
1.7118055820465088
1.8963677883148193
1.9630894660949707
1.7744684219360352
1.7565701007843018
1.9520823955535889
1.7870557308197021
2.0047903060913086
1.7600059509277344
1.9352760314941406
1.7337594032287598
2.0268571376800537
1.7698633670806885
1.9729182720184326
1.790348768234253
2.0534422397613525
1.8676881790161133
1.8259282112121582
2.044198751449585
2.051708698272705
1.8324363231658936
1.835921287536621
2.025888681411743
2.0000126361846924
1.7673122882843018
1.7154674530029297
1.9175710678100586
1.982527494430542
1.7882609367370605
1.7604296207427979
1.981623888015747
1.8189897537231445
2.0295097827911377
1.826852560043335
2.0079569816589355
1.8543972969055176
2.050302028656006
1.7851605415344238
1.9579148292541504
1.771557331085205
1.9850890636444092
1.7648141384124756
1.7499704360961914
1.919701337814331
2.041252613067627
1.7685341835021973
1.8164746761322021
1.9633729457855225
2.083036184310913
1.8502907752990723
1.7760467529296875
2.033815383911133
2.0073773860931396
1.801948070526123
1.7308330535888672
1.9348678588867188
1.7437586784362793
1.9558086395263672
1.7514379024505615
1.9768569469451904
1.782890796661377
1.9816458225250244
1.808309555053711
2.081080198287964
1.7588715553283691
