1.9119043350219727
1.8430674076080322
1.8465604782104492
1.8295745849609375
1.790168046951294
1.8875346183776855
1.842061996459961
1.9593505859375
1.8679704666137695
1.8591344356536865
1.7987606525421143
1.8698725700378418
1.996427059173584
2.0120086669921875
2.168189287185669
1.989126443862915
1.892331838607788
1.9080941677093506
2.1889233589172363
1.887092113494873
1.8577616214752197
1.8737335205078125
2.117924690246582
2.0316083431243896
1.8272192478179932
1.986833095550537
2.1466968059539795
1.8893983364105225
1.940924882888794
1.980647325515747
1.8888189792633057
1.9843668937683105
1.8683381080627441
2.090214490890503
2.216350555419922
3.305989980697632
2.047079563140869
2.168940305709839
2.0987114906311035
2.3806512355804443
2.022439956665039
2.0084939002990723
2.0782248973846436
2.0092549324035645
1.8750197887420654
1.8051629066467285
1.8749279975891113
1.8491184711456299
1.8254742622375488
1.7871801853179932
1.9396545886993408
1.816793441772461
1.7998082637786865
1.8087444305419922
1.848634958267212
1.8680427074432373
1.8363490104675293
1.8084895610809326
1.888199806213379
1.8281595706939697
1.838254690170288
1.8053033351898193
1.8719019889831543
1.841362714767456
1.825876235961914
1.7975468635559082
1.9442744255065918
1.8125929832458496
1.7956321239471436
1.8186492919921875
1.8311443328857422
1.8988304138183594
1.8278939723968506
1.8907747268676758
1.8901035785675049
2.0540595054626465
2.1445915699005127
2.0116019248962402
2.029085636138916
2.019595146179199
1.9426264762878418
1.830582857131958
1.959265947341919
1.8269541263580322
1.809114694595337
1.8123199939727783
1.9006597995758057
1.950092077255249
1.9180831909179688
1.9058730602264404
1.9628207683563232
1.8962113857269287
1.9106543064117432
1.8615550994873047
1.9289026260375977
1.8790645599365234
1.8592100143432617
1.8082506656646729
2.026405096054077
1.8907244205474854
1.8467400074005127
1.8230793476104736
1.8615996837615967
1.8893463611602783
1.8550260066986084
1.8338971138000488
1.9009594917297363
1.8482089042663574
1.9014575481414795
1.8946728706359863
1.8988337516784668
1.8534162044525146
1.843292474746704
1.8524651527404785
2.064701795578003
1.8451097011566162
1.8469960689544678
1.8713555335998535
1.8777821063995361
1.9415435791015625
1.9260826110839844
1.9555959701538086
1.8983635902404785
1.8567736148834229
1.8659229278564453
1.857802152633667
1.9758918285369873
1.9325437545776367
1.8438782691955566
1.8217570781707764
2.004624366760254
1.874640941619873
1.815312147140503
1.8358221054077148
1.8842322826385498
1.899381160736084
1.9409193992614746
1.9165899753570557
2.0040974617004395
1.8565864562988281
1.860243797302246
1.8226478099822998
1.8901596069335938
1.8531360626220703
1.8367743492126465
1.8163011074066162
1.995701551437378
1.9241929054260254
1.851374864578247
1.863466739654541
1.8794806003570557
1.897028923034668
1.8623416423797607
1.8267512321472168
1.8973593711853027
1.8558402061462402
1.8621490001678467
1.8197057247161865
1.8791556358337402
1.9722990989685059
1.9298503398895264
1.8547425270080566
1.9508659839630127
1.8479340076446533
1.8342032432556152
1.8379018306732178
1.8972878456115723
1.9079570770263672
1.885568618774414
1.8871612548828125
2.009277582168579
1.8722596168518066
1.859457015991211
1.861924171447754
1.897172212600708
1.8815300464630127
1.8559703826904297
1.9436492919921875
1.9950745105743408
1.9648537635803223
1.8247036933898926
1.8195524215698242
1.864659070968628
1.9065511226654053
1.865403652191162
1.838010549545288
1.909430742263794
1.8899469375610352
1.9086222648620605
1.8722825050354004
1.8868746757507324
1.9518420696258545
1.903980016708374
1.8526644706726074
1.9907684326171875
1.9677598476409912
1.837677240371704
1.8501746654510498
1.88260817527771
1.9643521308898926
1.892498254776001
1.8545072078704834
1.9441657066345215
1.946779489517212
1.8684618473052979
1.901620626449585
1.9473795890808105
1.8946502208709717
1.924356460571289
1.9016883373260498
1.9550509452819824
1.8715193271636963
1.8705863952636719
1.830991506576538
1.9287958145141602
1.9643561840057373
1.9431142807006836
1.9004137516021729
1.946307897567749
1.9846432209014893
1.9280142784118652
1.843782901763916
1.9317471981048584
1.893317461013794
1.900681495666504
1.8547306060791016
1.974200963973999
1.8808515071868896
1.8619513511657715
1.8424675464630127
1.8710448741912842
1.928954839706421
1.8835110664367676
1.8437552452087402
1.9336304664611816
1.8791565895080566
1.856001377105713
1.8639917373657227
1.9209895133972168
1.8713526725769043
1.8641853332519531
1.8236503601074219
1.9597053527832031
1.8384733200073242
1.8295063972473145
1.905637264251709
1.8840692043304443
1.903740644454956
1.8725378513336182
1.8534815311431885
1.9110965728759766
1.886157751083374
1.8779172897338867
1.856269121170044
1.9130043983459473
1.877051830291748
1.852637529373169
1.8270277976989746
1.9782752990722656
1.8636424541473389
1.8128931522369385
1.8352253437042236
1.8995790481567383
1.9338068962097168
1.8647253513336182
1.861541748046875
1.9404749870300293
1.88187575340271
1.8648629188537598
1.851027250289917
1.9199609756469727
1.8772430419921875
1.8582382202148438
1.8298346996307373
1.9789884090423584
1.855032205581665
1.8178660869598389
1.8467013835906982
1.8803308010101318
1.9186391830444336
1.8750507831573486
1.844571590423584
1.9070069789886475
1.8718390464782715
1.868828296661377
1.8506481647491455
1.9016163349151611
1.869959831237793
1.8822722434997559
1.841322898864746
1.9832682609558105
1.8609035015106201
1.8304595947265625
1.8442356586456299
1.8826146125793457
1.9252533912658691
1.8723108768463135
1.8613696098327637
1.9510197639465332
1.8885080814361572
1.878629446029663
1.8442063331604004
1.917207956314087
1.8737633228302002
1.8577427864074707
1.8439316749572754
1.9936833381652832
1.8687498569488525
1.8379881381988525
1.8375329971313477
1.8980684280395508
1.919602870941162
1.8692755699157715
1.8453152179718018
1.9292778968811035
1.8815815448760986
1.8867857456207275
1.857391119003296
1.9144070148468018
1.879033088684082
1.9043138027191162
1.8198680877685547
1.9894323348999023
1.8632164001464844
1.8248565196990967
1.830418586730957
1.8899965286254883
1.9211337566375732
1.8778774738311768
1.8523383140563965
1.9429292678833008
1.8875110149383545
1.8832833766937256
1.8545708656311035
1.9178903102874756
1.8807346820831299
1.8681600093841553
1.8776674270629883
2.0612292289733887
1.9001939296722412
1.8381738662719727
1.8487093448638916
1.9048712253570557
1.9859435558319092
1.8868052959442139
1.8504722118377686
1.9649949073791504
1.923292875289917
1.8838822841644287
1.898303747177124
1.9573910236358643
1.9083755016326904
1.8723273277282715
1.8639171123504639
2.002828359603882
1.8736469745635986
1.8403725624084473
1.9136440753936768
1.8985135555267334
1.95345139503479
1.9092204570770264
1.8724291324615479
1.9494259357452393
1.899822473526001
1.8869380950927734
1.912116527557373
1.9319984912872314
1.884669542312622
1.870539665222168
1.9160022735595703
2.1441400051116943
2.032789945602417
1.968299388885498
1.9112205505371094
2.010934591293335
1.9373164176940918
1.887826681137085
1.8628737926483154
1.9305109977722168
1.884361982345581
1.8956804275512695
1.8818843364715576
1.9401469230651855
1.88997483253479
1.9255306720733643
1.907973051071167
2.0456604957580566
1.887319803237915
1.8702161312103271
1.9613218307495117
1.9387729167938232
2.026555299758911
1.9470090866088867
1.9815821647644043
2.0242090225219727
1.9442667961120605
1.974768877029419
1.8894529342651367
1.9592726230621338
1.8965263366699219
1.887235164642334
1.8620431423187256
2.0036327838897705
1.8868143558502197
1.8484117984771729
1.873528003692627
1.9232425689697266
1.9547595977783203
1.9018590450286865
1.9330651760101318
2.034230947494507
1.974130392074585
1.9538593292236328
1.931776762008667
2.010202646255493
1.978557825088501
2.0637407302856445
1.9789044857025146
1.923447847366333
1.9011650085449219
2.0593321323394775
1.929291009902954
1.9082670211791992
1.921769380569458
1.963590145111084
2.0069739818573
1.9598093032836914
1.970160722732544
2.0956192016601562
2.010963201522827
2.0072693824768066
1.9111485481262207
2.0107922554016113
1.9727237224578857
1.9872753620147705
1.9581553936004639
1.9616236686706543
1.9756436347961426
2.0654149055480957
2.03670072555542
1.876082181930542
1.8687503337860107
1.9347336292266846
1.9595026969909668
1.9108240604400635
1.8872621059417725
1.960637092590332
1.9043126106262207
1.9171786308288574
1.88521146774292
1.9410028457641602
2.016519546508789
2.025986909866333
1.953683614730835
2.0071637630462646
1.9180102348327637
2.0322155952453613
1.8871979713439941
1.8725025653839111
1.883913516998291
1.9581263065338135
1.9689910411834717
1.9728529453277588
1.9942874908447266
2.0304157733917236
1.9464609622955322
1.948317289352417
1.909597396850586
1.9693350791931152
2.025508165359497
2.0371787548065186
