0.000985860824584961
0.0010008811950683594
0.0009982585906982422
0.0010004043579101562
0.0010001659393310547
0.0010013580322265625
0.0010073184967041016
0.0009989738464355469
0.0010008811950683594
0.0009999275207519531
0.0019867420196533203
0.0010046958923339844
0.0010154247283935547
0.002000570297241211
0.0016360282897949219
0.0014328956604003906
0.0020089149475097656
0.0010075569152832031
0.001999378204345703
0.0010001659393310547
0.0009982585906982422
0.0010068416595458984
0.0020067691802978516
0.001993417739868164
0.00200653076171875
0.003001689910888672
0.0019991397857666016
0.0030002593994140625
0.003008127212524414
0.0020003318786621094
0.0030012130737304688
0.003000497817993164
0.003000497817993164
0.004983186721801758
0.002999544143676758
0.006001710891723633
0.008002042770385742
0.005994081497192383
0.006002664566040039
0.006001710891723633
0.006001949310302734
0.0055103302001953125
0.00644683837890625
0.007008790969848633
0.00599360466003418
0.0065267086029052734
0.005982160568237305
0.006095409393310547
0.007001638412475586
0.006994962692260742
0.00698399543762207
0.006002902984619141
0.00600433349609375
0.006604194641113281
0.007000446319580078
0.007001638412475586
0.008001089096069336
0.006981849670410156
0.00700831413269043
0.00798654556274414
0.007001399993896484
0.00800323486328125
0.007993698120117188
0.008003711700439453
0.007011890411376953
0.00855398178100586
0.009000778198242188
0.008008003234863281
0.009002208709716797
0.00800943374633789
0.00799417495727539
0.009001493453979492
0.007994890213012695
0.008999824523925781
0.007982254028320312
0.010003328323364258
0.008003473281860352
0.009002923965454102
0.009002685546875
0.010005950927734375
0.025666236877441406
0.010001420974731445
0.009994268417358398
0.009993791580200195
0.008991241455078125
0.01000356674194336
0.008994817733764648
0.009997367858886719
0.011002779006958008
0.010016202926635742
0.011908769607543945
0.011001110076904297
0.010987997055053711
0.011707067489624023
0.011060953140258789
0.01024484634399414
0.012876510620117188
0.01100468635559082
0.010509729385375977
0.010246992111206055
0.010996103286743164
0.011983156204223633
0.01098489761352539
0.013011932373046875
0.013002395629882812
0.011995553970336914
0.013011932373046875
0.012022018432617188
0.012005090713500977
0.013515710830688477
0.013983011245727539
0.013992786407470703
0.013991117477416992
0.015000581741333008
0.014011383056640625
0.013992547988891602
0.014994144439697266
0.014998435974121094
0.014847040176391602
0.015003204345703125
0.014913082122802734
0.014014959335327148
0.01598978042602539
0.015093803405761719
0.016003847122192383
0.016003131866455078
0.014803409576416016
0.015992403030395508
0.015004396438598633
0.014989852905273438
0.01562047004699707
0.014723539352416992
0.01498866081237793
0.014003753662109375
0.015983104705810547
0.014662027359008789
0.01600360870361328
0.014983415603637695
0.01499176025390625
0.016004562377929688
0.014995098114013672
0.014003753662109375
0.0150146484375
0.015995264053344727
0.01555323600769043
0.015996932983398438
0.016003847122192383
0.015995502471923828
0.01563405990600586
0.01700425148010254
0.0159912109375
0.01899242401123047
0.015571117401123047
0.015990257263183594
0.016111135482788086
0.019596099853515625
0.016989946365356445
0.01699972152709961
0.018004655838012695
0.018988370895385742
0.019002914428710938
0.016078472137451172
0.017010211944580078
0.01798725128173828
0.017985820770263672
0.01952981948852539
0.018012523651123047
0.020146608352661133
0.018990516662597656
0.02100372314453125
0.01801323890686035
0.01959228515625
0.018990039825439453
0.01961207389831543
0.018050193786621094
0.018987417221069336
0.019004106521606445
0.020008087158203125
0.01900625228881836
0.020388364791870117
0.019225597381591797
0.019020557403564453
0.02000260353088379
0.020009517669677734
0.020997047424316406
0.01900625228881836
0.019985437393188477
0.0200192928314209
0.020531892776489258
0.020006418228149414
0.020035505294799805
0.020990610122680664
0.02052903175354004
0.02201557159423828
0.02100372314453125
0.02055978775024414
0.020575284957885742
0.021533489227294922
0.021134614944458008
0.020998239517211914
0.022078275680541992
0.02310490608215332
0.02198624610900879
0.020984411239624023
0.022004127502441406
0.024544715881347656
0.02198505401611328
0.02199840545654297
0.02400946617126465
0.022529125213623047
0.021253108978271484
0.023555517196655273
0.022572994232177734
0.022019624710083008
0.022909879684448242
0.023005008697509766
0.023554325103759766
0.023992300033569336
0.024997711181640625
0.031005382537841797
0.023395538330078125
0.025540828704833984
0.023036718368530273
0.02399158477783203
0.025005340576171875
0.022991418838500977
0.025066375732421875
0.0249941349029541
0.027988195419311523
0.02501368522644043
0.023554325103759766
0.024179697036743164
0.024321317672729492
0.024998188018798828
0.0239870548248291
0.025008440017700195
0.024030208587646484
0.024802446365356445
0.02501511573791504
0.02601003646850586
0.025020360946655273
0.027677297592163086
0.025998353958129883
0.024997949600219727
0.026005029678344727
0.02599048614501953
0.025386333465576172
0.02561473846435547
0.025991439819335938
0.025994300842285156
0.027013063430786133
0.0269927978515625
0.027005434036254883
0.027008056640625
0.027997732162475586
0.02699899673461914
0.026416301727294922
0.027138471603393555
0.02800726890563965
0.02800893783569336
0.027004480361938477
0.0260009765625
0.02699756622314453
0.027583599090576172
0.02763962745666504
0.026999950408935547
0.027997732162475586
0.02801513671875
0.02851581573486328
0.029665708541870117
0.028006315231323242
0.027994632720947266
0.0290067195892334
0.029004573822021484
0.027992963790893555
0.029000520706176758
0.028007030487060547
0.029006481170654297
0.029986143112182617
0.032744407653808594
0.02998661994934082
0.028998374938964844
0.029006004333496094
0.029000282287597656
0.029005050659179688
0.02954864501953125
0.02999734878540039
0.030005455017089844
0.031017065048217773
0.03101658821105957
0.030991792678833008
0.030999183654785156
0.031998634338378906
0.030009984970092773
0.031008243560791016
0.030882596969604492
0.03095722198486328
0.03200197219848633
0.031014442443847656
0.0319972038269043
0.03113555908203125
0.03199625015258789
0.032001495361328125
0.03277301788330078
0.03299975395202637
0.032090187072753906
0.034004926681518555
0.03100895881652832
0.03156328201293945
0.031208276748657227
0.03361821174621582
0.034008026123046875
0.03300762176513672
0.0321354866027832
0.03398728370666504
0.032007455825805664
0.03351855278015137
0.03301548957824707
0.033006906509399414
0.03200578689575195
0.03500556945800781
0.03399038314819336
0.03600883483886719
0.03399348258972168
0.03453850746154785
0.032648563385009766
0.035001277923583984
0.03499484062194824
0.03501558303833008
0.034512996673583984
0.03499603271484375
0.0350031852722168
0.03460192680358887
0.03700065612792969
0.03601527214050293
0.03700661659240723
0.036009788513183594
0.03601431846618652
0.03600883483886719
0.03701043128967285
0.03501558303833008
0.03501152992248535
0.03600740432739258
0.03500056266784668
0.039530038833618164
0.03600144386291504
0.03601431846618652
0.03560614585876465
0.03519630432128906
0.03601551055908203
0.03662610054016113
0.03505563735961914
0.0350034236907959
0.035993337631225586
0.03736257553100586
0.03673601150512695
0.03702092170715332
0.03799557685852051
0.03851723670959473
0.03718924522399902
0.03724527359008789
0.03802323341369629
0.039612531661987305
0.03702068328857422
0.03810882568359375
0.04758930206298828
0.04418301582336426
0.043997764587402344
0.04314422607421875
0.04299163818359375
0.04409193992614746
0.045320749282836914
0.045151472091674805
0.04600858688354492
0.04555964469909668
0.044259071350097656
0.04300117492675781
0.04431271553039551
0.04372763633728027
0.044998884201049805
0.04401350021362305
0.04500436782836914
0.04747128486633301
0.04658389091491699
0.04500746726989746
0.050065040588378906
0.04700589179992676
0.045816659927368164
0.05094146728515625
0.04669809341430664
0.044753313064575195
0.04724431037902832
0.0470271110534668
0.047010183334350586
0.04956865310668945
0.047063350677490234
0.04453468322753906
0.04601025581359863
0.049010276794433594
0.0480039119720459
0.048011064529418945
0.04801034927368164
0.0470118522644043
0.0470280647277832
0.045900821685791016
0.04659247398376465
0.048017024993896484
0.04870247840881348
0.04799246788024902
0.052109479904174805
0.050008535385131836
0.05001115798950195
0.04901242256164551
0.0490870475769043
0.0485692024230957
0.049591779708862305
0.05199146270751953
0.05787348747253418
0.05055093765258789
0.04881000518798828
0.05001473426818848
0.04957747459411621
0.05376458168029785
0.048615217208862305
0.049997806549072266
0.050011634826660156
0.049991607666015625
0.052068471908569336
0.05201101303100586
0.05101156234741211
0.05312514305114746
0.052002906799316406
0.05101132392883301
0.05199837684631348
0.05648541450500488
0.05611586570739746
0.05100369453430176
0.05200386047363281
0.05199456214904785
0.052179813385009766
0.052008628845214844
0.051996469497680664
0.05200672149658203
0.05645585060119629
0.05209803581237793
0.052007436752319336
0.053030967712402344
0.052991628646850586
0.052617788314819336
0.052002906799316406
0.05300426483154297
0.05301213264465332
0.05901312828063965
0.06000876426696777
0.052999258041381836
0.05927872657775879
0.05259537696838379
0.05601143836975098
0.055090904235839844
0.054583072662353516
0.05402708053588867
0.05501055717468262
0.059027671813964844
0.055330753326416016
0.05501198768615723
0.05512809753417969
0.05765962600708008
0.0570063591003418
0.05537533760070801
0.05702400207519531
0.06200814247131348
