0.0
0.001001119613647461
0.0010025501251220703
0.0009989738464355469
0.0009999275207519531
0.001001596450805664
0.001062631607055664
0.0019998550415039062
0.0009999275207519531
0.001001596450805664
0.000988006591796875
0.002000093460083008
0.0010013580322265625
0.0020003318786621094
0.001990795135498047
0.0010025501251220703
0.0010066032409667969
0.002005338668823242
0.0009942054748535156
0.0019991397857666016
0.0019998550415039062
0.0009999275207519531
0.002007007598876953
0.002000093460083008
0.0009996891021728516
0.0010044574737548828
0.0009989738464355469
0.001993417739868164
0.0020020008087158203
0.002995729446411133
0.0020275115966796875
0.0020017623901367188
0.0009922981262207031
0.001997709274291992
0.0020003318786621094
0.0019979476928710938
0.004999876022338867
0.003993511199951172
0.004992961883544922
0.004994630813598633
0.004992246627807617
0.005055904388427734
0.005001544952392578
0.004993915557861328
0.004008054733276367
0.004006862640380859
0.003998517990112305
0.004000663757324219
0.0050220489501953125
0.00499272346496582
0.007000923156738281
0.007002115249633789
0.008017301559448242
0.008996009826660156
0.008005857467651367
0.008008241653442383
0.007996320724487305
0.007915258407592773
0.008006572723388672
0.008000373840332031
0.008002519607543945
0.010001182556152344
0.009006977081298828
0.00900125503540039
0.010132074356079102
0.009996414184570312
0.010008811950683594
0.010994672775268555
0.010002613067626953
0.011234760284423828
0.011011362075805664
0.011997699737548828
0.012005329132080078
0.013016462326049805
0.01199030876159668
0.013003110885620117
0.012994527816772461
0.0130157470703125
0.011988401412963867
0.013996124267578125
0.015002965927124023
0.013003349304199219
0.013988494873046875
0.013574361801147461
0.013713836669921875
0.014001607894897461
0.013996362686157227
0.013006925582885742
0.013995885848999023
0.014139413833618164
0.015001535415649414
0.015004873275756836
0.01400303840637207
0.016002893447875977
0.01600790023803711
0.015998125076293945
0.013019800186157227
0.014003515243530273
0.016004562377929688
0.014004707336425781
0.013560295104980469
0.015005826950073242
0.014004945755004883
0.015013933181762695
0.013995647430419922
0.014996767044067383
0.014990091323852539
0.01600360870361328
0.01659250259399414
0.014996767044067383
0.016011476516723633
0.015814781188964844
0.01600360870361328
0.016587257385253906
0.016997098922729492
0.016003847122192383
0.017004728317260742
0.017549753189086914
0.018093347549438477
0.017019271850585938
0.01701068878173828
0.019495248794555664
0.018991947174072266
0.01800370216369629
0.017002105712890625
0.01800394058227539
0.01800394058227539
0.018530845642089844
0.019004344940185547
0.019997835159301758
0.01900458335876465
0.020030736923217773
0.02001023292541504
0.021004915237426758
0.019007444381713867
0.021020889282226562
0.020003795623779297
0.020003318786621094
0.021003007888793945
0.024008989334106445
0.021004915237426758
0.02200460433959961
0.023007631301879883
0.019992351531982422
0.021004199981689453
0.021004199981689453
0.022002458572387695
0.02167654037475586
0.021591901779174805
0.023966312408447266
0.02188849449157715
0.023010730743408203
0.025005340576171875
0.022674083709716797
0.0230252742767334
0.02353501319885254
0.023000717163085938
0.02352166175842285
0.025008201599121094
0.023648738861083984
0.023009777069091797
0.022998332977294922
0.023988008499145508
0.023013830184936523
0.024539947509765625
0.023997783660888672
0.02455925941467285
0.02400350570678711
0.02499866485595703
0.024004459381103516
0.02500438690185547
0.027019023895263672
0.02500438690185547
0.026006221771240234
0.024025678634643555
0.029006004333496094
0.02400660514831543
0.02501201629638672
0.026019573211669922
0.028012990951538086
0.027007341384887695
0.026012897491455078
0.028006792068481445
0.027021408081054688
0.027005672454833984
0.026486635208129883
0.027994871139526367
0.026626110076904297
0.028006553649902344
0.02800774574279785
0.02800607681274414
0.028105497360229492
0.027750492095947266
0.027004718780517578
0.0290071964263916
0.032013654708862305
0.029007911682128906
0.030008792877197266
0.02801799774169922
0.028722286224365234
0.03200244903564453
0.03355765342712402
0.029558181762695312
0.02902984619140625
0.031007051467895508
0.03157234191894531
0.02903294563293457
0.029018878936767578
0.031005382537841797
0.031006813049316406
0.033013343811035156
0.031007051467895508
0.03422284126281738
0.03393745422363281
0.032010555267333984
0.030925989151000977
0.037009477615356445
0.031001806259155273
0.04401826858520508
0.04500937461853027
0.044011831283569336
0.04500770568847656
0.04400968551635742
0.04309248924255371
0.045005083084106445
0.04700517654418945
0.04357647895812988
0.04700922966003418
0.04680442810058594
0.04700946807861328
0.04501008987426758
0.046540021896362305
0.05201125144958496
0.04655313491821289
0.03252863883972168
0.03399348258972168
0.034003496170043945
0.03597235679626465
0.03702354431152344
0.03955221176147461
0.03501081466674805
0.03700613975524902
0.034006595611572266
0.03500795364379883
0.03615593910217285
0.034711360931396484
0.03500866889953613
0.03500938415527344
0.03644609451293945
0.03640556335449219
0.03700733184814453
0.03504204750061035
0.03499341011047363
0.038535118103027344
0.03552818298339844
0.036644697189331055
0.04000997543334961
0.03900885581970215
0.03600811958312988
0.037023067474365234
0.03626132011413574
0.037009239196777344
0.04453754425048828
0.03700852394104004
0.05001258850097656
0.04933643341064453
0.05168342590332031
0.04999971389770508
0.05784869194030762
0.057080984115600586
0.05406594276428223
0.05001091957092285
0.052532196044921875
0.05251812934875488
0.0515744686126709
0.052928924560546875
0.0545496940612793
0.05101132392883301
0.05456972122192383
0.04017806053161621
0.03800702095031738
0.05454707145690918
0.05360698699951172
0.05410575866699219
0.06003093719482422
0.03955197334289551
0.040155887603759766
0.04104256629943848
0.04199719429016113
0.0420224666595459
0.0420072078704834
0.04174923896789551
0.045001983642578125
0.04201149940490723
0.0464169979095459
0.04200887680053711
0.0420079231262207
0.044059038162231445
0.04351353645324707
0.045024871826171875
0.043016910552978516
0.042572021484375
0.049010515213012695
0.04300713539123535
0.04407477378845215
0.04333090782165527
0.045368194580078125
0.04500985145568848
0.046536922454833984
0.046011924743652344
0.04425692558288574
0.04405975341796875
0.044002532958984375
0.04655098915100098
0.04704093933105469
0.0467381477355957
0.04700946807861328
0.05408811569213867
0.04567456245422363
0.0600130558013916
0.046608924865722656
0.07060098648071289
0.04713177680969238
0.05952000617980957
0.06059527397155762
0.07355809211730957
0.06359219551086426
0.04654669761657715
0.04701066017150879
0.04901003837585449
0.048012495040893555
0.057024478912353516
0.04855513572692871
0.049010515213012695
0.04740548133850098
0.048029422760009766
0.04700827598571777
0.04718422889709473
0.049570322036743164
0.047936201095581055
0.04784226417541504
0.04904294013977051
0.0469973087310791
0.04901123046875
0.050005197525024414
0.049030303955078125
0.04805803298950195
0.0510103702545166
0.05301260948181152
0.05001211166381836
0.05100059509277344
0.05200934410095215
0.054010868072509766
0.13302874565124512
0.05651402473449707
0.057497262954711914
0.05939126014709473
0.05301785469055176
0.05390310287475586
0.07156229019165039
0.0670926570892334
0.07102012634277344
0.06839799880981445
0.06409144401550293
0.06622099876403809
0.05101919174194336
0.057677268981933594
0.06502461433410645
0.0567779541015625
0.0762186050415039
0.06411218643188477
0.051615238189697266
0.05429959297180176
0.05348849296569824
0.05505514144897461
0.057005882263183594
0.06345176696777344
0.05408477783203125
0.055214643478393555
0.055013418197631836
0.05372166633605957
0.05500459671020508
0.055257558822631836
0.05401730537414551
0.05797171592712402
0.05740523338317871
0.05560588836669922
0.057761430740356445
0.0548703670501709
0.05601215362548828
0.05701017379760742
0.062021493911743164
0.05706357955932617
0.0600132942199707
0.05844712257385254
0.058998823165893555
0.05700826644897461
0.061020612716674805
0.05983853340148926
0.05808424949645996
0.06603479385375977
0.06226396560668945
0.07100224494934082
0.0570073127746582
0.07114958763122559
0.05703091621398926
0.07353663444519043
0.07100296020507812
0.07021737098693848
0.0720975399017334
0.07206559181213379
0.07124686241149902
0.07102203369140625
0.0700221061706543
0.05614876747131348
0.056592702865600586
0.07199668884277344
0.07103347778320312
0.07302093505859375
0.07100367546081543
0.058023691177368164
0.07612037658691406
0.061640024185180664
0.05978107452392578
0.07201504707336426
0.07459497451782227
0.07506918907165527
0.0781247615814209
0.07601428031921387
0.06101346015930176
0.07201528549194336
0.07500648498535156
0.060997724533081055
0.07802486419677734
0.07701635360717773
0.07512187957763672
0.06201910972595215
0.07594537734985352
0.08214592933654785
0.07890725135803223
0.07001352310180664
0.08157038688659668
0.0796048641204834
0.08301830291748047
0.07601666450500488
0.08196425437927246
0.07501006126403809
0.0750277042388916
0.07763195037841797
0.08015918731689453
0.07601666450500488
0.07924962043762207
0.0870201587677002
0.08022856712341309
0.08062005043029785
0.08307075500488281
0.08101987838745117
0.11258053779602051
0.08080601692199707
0.07790684700012207
0.08002448081970215
0.0813438892364502
0.08002066612243652
0.07821273803710938
0.08003783226013184
0.07936549186706543
0.08101725578308105
0.07901906967163086
0.08203744888305664
0.08202409744262695
0.08353424072265625
0.09053850173950195
0.08448219299316406
0.08502793312072754
0.08200597763061523
0.08611607551574707
0.06601238250732422
0.0689551830291748
0.0692284107208252
0.06816959381103516
0.07071208953857422
0.06855964660644531
0.06902623176574707
0.07202601432800293
0.0771937370300293
0.07908272743225098
0.07102584838867188
