0.0029859542846679688
0.002986907958984375
0.0029935836791992188
0.0029981136322021484
0.003993511199951172
0.002567768096923828
0.002994537353515625
0.0030090808868408203
0.0029954910278320312
0.003993034362792969
0.002988576889038086
0.0029997825622558594
0.0029871463775634766
0.003989458084106445
0.004000186920166016
0.0040073394775390625
0.003994941711425781
0.002988576889038086
0.003998517990112305
0.0040018558502197266
0.003992795944213867
0.004014730453491211
0.003016948699951172
0.0040013790130615234
0.003998279571533203
0.004050493240356445
0.004000186920166016
0.003997087478637695
0.0040132999420166016
0.0040013790130615234
0.004000425338745117
0.0049932003021240234
0.004002809524536133
0.004229068756103516
0.004000425338745117
0.004992008209228516
0.00500178337097168
0.004993438720703125
0.004000425338745117
0.00399327278137207
0.004998922348022461
0.0035500526428222656
0.0030007362365722656
0.0029985904693603516
0.0039937496185302734
0.004007577896118164
0.0040018558502197266
0.0040132999420166016
0.004995822906494141
0.0039861202239990234
0.005016803741455078
0.004021406173706055
0.003993034362792969
0.004995107650756836
0.004005908966064453
0.004995584487915039
0.0049877166748046875
0.004000186920166016
0.005001068115234375
0.0050008296966552734
0.004987239837646484
0.005547761917114258
0.005005359649658203
0.005986928939819336
0.004982948303222656
0.004987239837646484
0.0050144195556640625
0.005995988845825195
0.0050029754638671875
0.00600123405456543
0.007001161575317383
0.005002498626708984
0.0049953460693359375
0.005987405776977539
0.0060083866119384766
0.00600123405456543
0.0049932003021240234
0.005995750427246094
0.005992412567138672
0.005993366241455078
0.006000041961669922
0.005982160568237305
0.005001544952392578
0.005989551544189453
0.00600123405456543
0.006002187728881836
0.006000995635986328
0.0059814453125
0.005988359451293945
0.0060040950775146484
0.005994081497192383
0.005999565124511719
0.007001638412475586
0.007001638412475586
0.005993843078613281
0.006994485855102539
0.005981922149658203
0.006983757019042969
0.006993770599365234
0.0059986114501953125
0.006001949310302734
0.006014347076416016
0.005998373031616211
0.007001399993896484
0.005990028381347656
0.0059964656829833984
0.0060007572174072266
0.0070035457611083984
0.006983041763305664
0.007001399993896484
0.007665395736694336
0.008188009262084961
0.006995677947998047
0.005987882614135742
0.00601506233215332
0.004987478256225586
0.005982160568237305
0.004998922348022461
0.005000114440917969
0.0050201416015625
0.004998922348022461
0.0070035457611083984
0.006000041961669922
0.005001068115234375
0.005313396453857422
0.005045413970947266
0.005989789962768555
0.0050144195556640625
0.007008790969848633
0.007002115249633789
0.0070035457611083984
0.008985519409179688
0.007004261016845703
0.007998943328857422
0.006192207336425781
0.0069828033447265625
0.0070188045501708984
0.008002519607543945
0.006000518798828125
0.005011081695556641
0.005993843078613281
0.006987333297729492
0.007215261459350586
0.008003473281860352
0.008002281188964844
0.007010459899902344
0.008002758026123047
0.008000850677490234
0.006983518600463867
0.006999015808105469
0.00500035285949707
0.006006717681884766
0.007004737854003906
0.007586002349853516
0.00804281234741211
0.008009910583496094
0.007981538772583008
0.008003473281860352
0.008174896240234375
0.009002923965454102
0.0069866180419921875
0.007988452911376953
0.008008956909179688
0.00800180435180664
0.008013725280761719
0.008013010025024414
0.008000850677490234
0.005995512008666992
0.007021903991699219
0.007020473480224609
0.00700068473815918
0.006013631820678711
0.007002115249633789
0.0070111751556396484
0.006012916564941406
0.005994081497192383
0.00600886344909668
0.0069887638092041016
0.007013082504272461
0.007002353668212891
0.0060002803802490234
0.006996631622314453
0.0070037841796875
0.0070209503173828125
0.007001161575317383
0.008010387420654297
0.007002592086791992
0.007144927978515625
0.006982564926147461
0.007007598876953125
0.006996631622314453
0.008013725280761719
0.006994962692260742
0.00801706314086914
0.007994651794433594
0.00800180435180664
0.0070078372955322266
0.008013010025024414
0.009016275405883789
0.008002281188964844
0.00899958610534668
0.009021520614624023
0.008022069931030273
0.008017778396606445
0.00900125503540039
0.008002519607543945
0.007994651794433594
0.008006095886230469
0.007996797561645508
0.009015321731567383
0.00899505615234375
0.00802922248840332
0.011565208435058594
0.009001970291137695
0.009002208709716797
0.009531736373901367
0.009009122848510742
0.009020805358886719
0.00904703140258789
0.010010480880737305
0.008987903594970703
0.00899648666381836
0.010021448135375977
0.009001493453979492
0.009000539779663086
0.008981943130493164
0.011015892028808594
0.00899505615234375
0.010001420974731445
0.00998687744140625
0.010001182556152344
0.01001739501953125
0.010039567947387695
0.01100778579711914
0.010003328323364258
0.009990453720092773
0.010021209716796875
0.010009527206420898
0.011055946350097656
0.011947870254516602
0.01200246810913086
0.011014223098754883
