0.002992868423461914
0.0029993057250976562
0.0040018558502197266
0.003002166748046875
0.003000497817993164
0.0030012130737304688
0.003002166748046875
0.004004001617431641
0.00500035285949707
0.004014015197753906
0.002988576889038086
0.004000425338745117
0.004000425338745117
0.0049839019775390625
0.003999948501586914
0.004000663757324219
0.003989696502685547
0.004003047943115234
0.004998445510864258
0.003998994827270508
0.003994464874267578
0.004004478454589844
0.0050013065338134766
0.0045397281646728516
0.004988193511962891
0.003981113433837891
0.005003213882446289
0.003998994827270508
0.004000186920166016
0.004000425338745117
0.005021095275878906
0.004990100860595703
0.005000591278076172
0.005005836486816406
0.004994630813598633
0.003987312316894531
0.0050008296966552734
0.004992246627807617
0.00500178337097168
0.005010843276977539
0.004995584487915039
0.005021095275878906
0.004990100860595703
0.004994630813598633
0.005007505416870117
0.0055615901947021484
0.006012439727783203
0.0053980350494384766
0.005993843078613281
0.00499415397644043
0.006404876708984375
0.0049953460693359375
0.004994392395019531
0.00500798225402832
0.004987001419067383
0.004994392395019531
0.005988597869873047
0.005002498626708984
0.006987094879150391
0.005990743637084961
0.006002187728881836
0.006001472473144531
0.006022214889526367
0.006008148193359375
0.006000995635986328
0.00600123405456543
0.007001638412475586
0.005987644195556641
0.00600123405456543
0.006020784378051758
0.007002115249633789
0.006990671157836914
0.0070018768310546875
0.007012605667114258
0.006015300750732422
0.006563425064086914
0.006572246551513672
0.006989479064941406
0.006002187728881836
0.006987571716308594
0.00600123405456543
0.007001161575317383
0.006987333297729492
0.006715297698974609
0.0070078372955322266
0.006993532180786133
0.00699615478515625
0.008000850677490234
0.006993293762207031
0.007007122039794922
0.007001399993896484
0.006001949310302734
0.007009744644165039
0.006002187728881836
0.006988048553466797
0.0070078372955322266
0.007003068923950195
0.007002353668212891
0.0071849822998046875
0.006995201110839844
0.007659912109375
0.006996631622314453
0.007989168167114258
0.006994485855102539
0.008000850677490234
0.00799417495727539
0.007988691329956055
0.00799703598022461
0.007993221282958984
0.008000612258911133
0.008002042770385742
0.008008956909179688
0.007999420166015625
0.008019447326660156
0.00901031494140625
0.007988452911376953
0.009002208709716797
0.009631633758544922
0.007988214492797852
0.007988691329956055
0.008989095687866211
0.009006261825561523
0.009000778198242188
0.008994102478027344
0.008027791976928711
0.009008169174194336
0.00900888442993164
0.010017633438110352
0.009035348892211914
0.009010791778564453
0.009002447128295898
0.008990287780761719
0.00899648666381836
0.009006738662719727
0.010004520416259766
0.008996248245239258
0.009001970291137695
0.009995460510253906
0.009014129638671875
0.00999140739440918
0.009999752044677734
0.009996175765991211
0.009993553161621094
0.010006189346313477
0.009995698928833008
0.010008573532104492
0.010830879211425781
0.009007453918457031
0.010007858276367188
0.010001897811889648
0.01100921630859375
0.01102137565612793
0.011003494262695312
0.011017084121704102
0.010996103286743164
0.011014223098754883
0.009997844696044922
0.010995864868164062
0.009996175765991211
0.010000467300415039
0.010005474090576172
0.011937141418457031
0.010998249053955078
0.010995626449584961
0.010985136032104492
0.011003494262695312
0.011002779006958008
0.01100921630859375
0.010995864868164062
0.010973453521728516
0.011002540588378906
0.011006832122802734
0.01202392578125
0.012003183364868164
0.012006521224975586
0.014168500900268555
0.012015104293823242
0.012084007263183594
0.012009382247924805
0.011005163192749023
0.012002229690551758
0.011600017547607422
0.01300191879272461
0.014003276824951172
0.011993646621704102
0.01099848747253418
0.011996269226074219
0.012009382247924805
0.012005805969238281
0.012015819549560547
0.01395106315612793
0.013016462326049805
0.012009143829345703
0.013009786605834961
0.011999845504760742
0.012987852096557617
0.012996196746826172
0.01300954818725586
0.013023853302001953
0.013002634048461914
0.013020992279052734
0.013003349304199219
0.012994766235351562
0.014069557189941406
0.014004707336425781
0.013115406036376953
0.01299905776977539
0.012998580932617188
0.013002872467041016
0.014005899429321289
0.013213634490966797
0.013004064559936523
0.013991594314575195
0.014009475708007812
0.01366424560546875
0.01352834701538086
0.014002084732055664
0.01399540901184082
0.014015913009643555
0.015003681182861328
0.015002250671386719
0.015004396438598633
0.015008687973022461
0.01636815071105957
0.014989137649536133
0.014046430587768555
0.014991283416748047
0.015034675598144531
0.015007257461547852
0.016002416610717773
0.01500248908996582
0.015014886856079102
0.01599597930908203
0.015027761459350586
0.01600933074951172
0.016004085540771484
0.016002178192138672
0.015999317169189453
0.016003847122192383
0.016364097595214844
0.015540361404418945
0.017015695571899414
0.01601123809814453
0.016007661819458008
0.01600790023803711
0.015995025634765625
0.01600360870361328
0.01800394058227539
0.01599860191345215
0.016216278076171875
0.017003297805786133
0.01700448989868164
0.016004323959350586
0.016022682189941406
0.016002416610717773
0.01600790023803711
0.01599597930908203
0.01700139045715332
0.01599597930908203
0.017016887664794922
0.0160067081451416
0.01555490493774414
0.016996145248413086
0.017126083374023438
0.017002344131469727
0.015996217727661133
0.017003774642944336
0.01900172233581543
0.01799774169921875
0.017996549606323242
0.016997098922729492
0.018002986907958984
0.017992258071899414
0.017003297805786133
0.01800990104675293
0.01798844337463379
0.018013477325439453
0.0170290470123291
0.017003774642944336
0.01901078224182129
0.016999006271362305
0.0170135498046875
0.019003868103027344
0.018010616302490234
0.017002582550048828
0.01703357696533203
0.017989158630371094
0.018030405044555664
0.017299890518188477
0.017004013061523438
0.016997098922729492
0.0180056095123291
0.018001556396484375
0.017018795013427734
0.01701068878173828
0.017004013061523438
0.017003297805786133
0.017997026443481445
0.016997337341308594
0.017030954360961914
0.01800394058227539
0.017001867294311523
0.016994714736938477
0.01701068878173828
0.01801013946533203
0.01793050765991211
0.018010616302490234
0.019020795822143555
0.019008636474609375
0.019005537033081055
0.01800370216369629
0.018004655838012695
0.018024682998657227
0.01852869987487793
0.01799297332763672
0.017997264862060547
0.017997026443481445
0.01799798011779785
0.01906418800354004
0.018010854721069336
0.01799154281616211
0.019286155700683594
0.0189974308013916
0.018989086151123047
0.018993139266967773
0.019591331481933594
0.01799178123474121
0.01801776885986328
0.01999950408935547
0.018993139266967773
0.019004344940185547
0.01969766616821289
0.019140958786010742
0.02000880241394043
0.020017623901367188
0.02199864387512207
0.019004344940185547
0.02068805694580078
0.021001577377319336
0.018993139266967773
0.02002263069152832
0.02000713348388672
0.02100515365600586
0.020012617111206055
0.020011186599731445
0.020005226135253906
0.020009279251098633
0.020998477935791016
0.021999120712280273
0.021012544631958008
0.0211031436920166
0.021063566207885742
0.02001810073852539
0.02003788948059082
0.020592451095581055
0.021004199981689453
0.02030181884765625
0.020998001098632812
0.021004199981689453
0.020004749298095703
0.020997047424316406
0.0220186710357666
0.023068666458129883
0.022998332977294922
0.021999120712280273
0.02401900291442871
0.026010751724243164
0.022992849349975586
0.023011445999145508
0.023012638092041016
0.02407670021057129
0.02400493621826172
0.024010896682739258
0.024239778518676758
0.024016141891479492
0.025012493133544922
0.023998022079467773
0.0230104923248291
0.023612499237060547
0.02456951141357422
0.025994062423706055
0.026004314422607422
0.026111125946044922
0.024990081787109375
0.025009632110595703
0.025000572204589844
0.026012659072875977
0.025028705596923828
0.024011850357055664
0.024988412857055664
0.025188922882080078
0.025992155075073242
0.027625322341918945
0.026012897491455078
0.02600383758544922
0.02899909019470215
0.02800607681274414
0.026012182235717773
0.026358604431152344
0.025951385498046875
0.027005672454833984
0.026540517807006836
0.02599930763244629
0.027012348175048828
0.02801203727722168
0.026004552841186523
0.026012182235717773
0.026997804641723633
0.025998830795288086
0.026044607162475586
0.02701854705810547
0.026007890701293945
0.02702045440673828
0.02699565887451172
0.02700519561767578
0.027573823928833008
0.026999711990356445
0.026549100875854492
0.02599358558654785
0.0265657901763916
0.026997804641723633
0.026021718978881836
0.02615523338317871
0.0269930362701416
0.02700519561767578
0.0267941951751709
0.02805638313293457
0.028993606567382812
0.03126335144042969
0.03199934959411621
0.030013084411621094
0.031007051467895508
0.028012990951538086
0.02895522117614746
0.029993772506713867
0.030992984771728516
0.032480478286743164
0.03201913833618164
0.03198528289794922
0.0310211181640625
0.032007455825805664
0.030005931854248047
0.031057119369506836
0.030005693435668945
0.03100728988647461
0.029999494552612305
0.0310208797454834
0.030004024505615234
0.03200960159301758
0.030006885528564453
0.028991222381591797
0.030091047286987305
0.029005050659179688
0.029999732971191406
0.031013011932373047
0.03299379348754883
0.03200674057006836
0.03208041191101074
0.030012845993041992
0.032568931579589844
0.03027200698852539
0.031006813049316406
0.031920433044433594
0.03200674057006836
0.03314924240112305
0.02900552749633789
0.031009674072265625
0.02999281883239746
0.031009435653686523
0.029096364974975586
0.030013561248779297
0.03354048728942871
0.029578685760498047
0.0330653190612793
0.028681039810180664
0.03100895881652832
0.040328264236450195
0.029218196868896484
0.030541419982910156
0.031000614166259766
0.0290377140045166
0.03300929069519043
0.03200793266296387
0.03501176834106445
0.031000375747680664
0.02901291847229004
0.03023982048034668
0.03224778175354004
0.03354144096374512
0.029911279678344727
0.031530141830444336
0.03200674057006836
0.029990196228027344
0.03212475776672363
0.03389334678649902
0.031995534896850586
0.03533530235290527
0.031009435653686523
0.032993316650390625
0.031007051467895508
0.03300070762634277
0.033687591552734375
0.034006357192993164
0.03500652313232422
0.03127861022949219
0.03253293037414551
0.03452897071838379
0.031000614166259766
0.034012794494628906
0.030086994171142578
0.03306436538696289
0.033007144927978516
0.03401327133178711
0.03454399108886719
0.032552480697631836
0.033580780029296875
