1.8783268928527832
1.677525281906128
1.6312885284423828
1.84507417678833
1.6351244449615479
1.6081523895263672
1.8336544036865234
1.6355490684509277
1.605292797088623
1.5755677223205566
1.7500674724578857
1.7911620140075684
1.609877347946167
1.7840163707733154
1.5919480323791504
1.7813372611999512
1.6075949668884277
1.7532591819763184
1.7883625030517578
1.6527814865112305
1.8022193908691406
1.8211541175842285
1.6107361316680908
1.6156940460205078
1.8142600059509277
1.8334546089172363
1.629234790802002
1.6393427848815918
1.7883508205413818
1.88913893699646
1.679715871810913
1.6360111236572266
1.8330779075622559
1.9154984951019287
1.7284727096557617
1.6228606700897217
1.9070210456848145
1.6513104438781738
1.6835126876831055
1.8491857051849365
1.6694209575653076
1.633955955505371
1.8397464752197266
1.6946749687194824
1.642092227935791
1.8501131534576416
1.6706798076629639
1.6710457801818848
1.8706068992614746
1.741150140762329
1.6329848766326904
1.922806739807129
1.6869275569915771
1.626265048980713
1.8898694515228271
1.7119438648223877
1.6317768096923828
1.8326468467712402
1.6505842208862305
1.6186518669128418
1.8766281604766846
1.7516124248504639
1.7334165573120117
1.9193744659423828
1.6441845893859863
1.6275274753570557
1.6128854751586914
1.7840700149536133
1.8231635093688965
1.6788041591644287
1.6077888011932373
1.7784650325775146
1.8780794143676758
1.662827730178833
1.5970356464385986
1.845388650894165
1.851459264755249
1.638441801071167
1.6347813606262207
1.7790820598602295
1.8641688823699951
1.6570398807525635
1.5964348316192627
1.808391809463501
1.831702470779419
1.8121862411499023
1.8161907196044922
1.854708194732666
1.856259822845459
1.6332757472991943
1.676055908203125
1.860309362411499
1.8933064937591553
1.6563115119934082
1.7079873085021973
1.9432780742645264
1.6825931072235107
1.670701503753662
1.885197639465332
1.6854565143585205
1.6275174617767334
1.8390581607818604
1.705625295639038
1.6260483264923096
1.8517186641693115
1.6911370754241943
1.683650016784668
1.8873462677001953
1.6758699417114258
1.6670620441436768
1.9455451965332031
1.652970314025879
1.6866989135742188
1.9124538898468018
1.6943325996398926
1.724482536315918
2.079155683517456
1.7229278087615967
1.7205204963684082
1.9460065364837646
1.6990993022918701
1.7007100582122803
1.8834476470947266
1.690732717514038
1.6520607471466064
1.6233112812042236
1.7975115776062012
1.904679536819458
1.6792125701904297
1.6091804504394531
1.7935771942138672
1.8344619274139404
1.6639516353607178
1.617460012435913
1.842651128768921
1.891442060470581
1.6411709785461426
1.6420745849609375
1.8516566753387451
1.9496746063232422
1.684631586074829
1.6841583251953125
1.7963311672210693
1.8901305198669434
1.7020761966705322
1.624338150024414
1.8223543167114258
1.968334436416626
1.696260929107666
1.7564427852630615
1.8703413009643555
1.8849642276763916
1.8361117839813232
1.7110555171966553
1.970090627670288
1.6855239868164062
1.7134144306182861
1.9110565185546875
1.674717664718628
1.767411470413208
1.8934118747711182
1.647831678390503
1.6560990810394287
1.8598053455352783
1.6510894298553467
1.629683494567871
1.8357906341552734
1.7150683403015137
1.7758543491363525
1.874925136566162
1.6512153148651123
1.6505300998687744
1.9295284748077393
1.6781642436981201
1.7198741436004639
1.9211046695709229
1.6832187175750732
1.6645140647888184
1.9114744663238525
1.7484016418457031
1.7330195903778076
1.90240478515625
1.7422409057617188
1.7116999626159668
1.651463508605957
1.8047816753387451
1.8728091716766357
1.6533987522125244
1.6246557235717773
1.8261890411376953
1.8982353210449219
1.641909122467041
1.6102373600006104
1.8393747806549072
1.8877086639404297
1.7488257884979248
1.6648268699645996
1.829066276550293
1.9134550094604492
1.6572291851043701
1.6090593338012695
1.8313796520233154
1.929624080657959
1.6485648155212402
1.6135597229003906
1.78641939163208
1.8568286895751953
1.6437411308288574
1.6150712966918945
1.8082797527313232
1.8738858699798584
1.6853280067443848
1.7105002403259277
2.0434978008270264
1.8898932933807373
1.7276215553283691
1.882716178894043
1.68818998336792
1.64072847366333
1.9148144721984863
1.684049367904663
1.653099536895752
1.87321138381958
1.6540329456329346
1.6561436653137207
2.1110332012176514
1.6784024238586426
1.6511304378509521
1.9603686332702637
1.7695531845092773
1.7464439868927002
1.916290283203125
1.724332332611084
1.7105627059936523
1.9253716468811035
1.6950547695159912
1.684913158416748
2.0108208656311035
1.6935741901397705
1.7240736484527588
2.016273021697998
1.7908101081848145
1.7352702617645264
1.6787376403808594
1.961177110671997
1.992704153060913
1.8916852474212646
1.722179651260376
1.8352453708648682
2.0266318321228027
1.731062889099121
1.665820598602295
1.8087191581726074
1.8512709140777588
1.6631593704223633
1.6861274242401123
1.8692052364349365
1.8600084781646729
1.7104125022888184
1.6299858093261719
1.804197072982788
1.8763396739959717
1.6745834350585938
1.6396489143371582
1.8048925399780273
1.8825881481170654
1.6647887229919434
1.6317975521087646
1.8786168098449707
2.012803792953491
1.7315623760223389
1.6570875644683838
1.8684453964233398
1.6729004383087158
1.6186332702636719
1.9118216037750244
1.6829383373260498
1.6767940521240234
1.8767199516296387
1.70527982711792
1.643819808959961
1.894728660583496
1.6525843143463135
1.6405324935913086
1.86380934715271
1.6762561798095703
1.6548206806182861
1.8513867855072021
1.7186203002929688
1.6880078315734863
1.8980646133422852
1.7246644496917725
1.6848092079162598
1.8667798042297363
1.6634042263031006
1.6534850597381592
1.8607304096221924
1.6872937679290771
1.658996820449829
1.8828012943267822
1.6720330715179443
1.643648386001587
1.634626865386963
1.8046236038208008
1.8459651470184326
1.6385467052459717
1.6314311027526855
1.8317608833312988
1.8773298263549805
1.6843080520629883
1.6137380599975586
1.8249924182891846
1.874190092086792
1.698070764541626
1.634695291519165
1.8009228706359863
1.8489861488342285
1.6428251266479492
1.6132078170776367
1.7959790229797363
1.852588176727295
1.6738405227661133
1.6202118396759033
1.9142663478851318
1.9231278896331787
1.6792926788330078
1.6672122478485107
1.877213954925537
1.6412370204925537
1.8428175449371338
1.6459085941314697
1.9320471286773682
1.7714056968688965
1.900144100189209
1.626016616821289
1.8212685585021973
1.630460500717163
1.8306975364685059
1.6542932987213135
1.616567611694336
1.7756328582763672
1.8480000495910645
1.6314611434936523
1.618135929107666
1.7861757278442383
1.8480219841003418
1.6325466632843018
1.6492798328399658
1.857919692993164
1.8625741004943848
1.6524887084960938
1.6409995555877686
2.13749098777771
2.3658175468444824
2.342923164367676
1.7365849018096924
2.036264181137085
1.7981228828430176
2.052525520324707
1.9062409400939941
2.0795273780822754
1.7630324363708496
2.0597331523895264
1.7451376914978027
1.6985971927642822
1.8551304340362549
1.954108715057373
1.7373483180999756
1.7374968528747559
2.021608352661133
1.9503958225250244
1.659677505493164
1.6090736389160156
1.8392326831817627
1.916733741760254
1.8268654346466064
1.6840989589691162
1.83762526512146
1.6461381912231445
1.9313273429870605
1.7286756038665771
1.8419313430786133
1.6251773834228516
1.8337445259094238
1.6214611530303955
1.8668022155761719
1.6360280513763428
1.9119300842285156
1.6609296798706055
1.6280179023742676
1.8578598499298096
1.9011800289154053
1.7329835891723633
1.6893129348754883
1.8763675689697266
1.9984405040740967
1.689328908920288
1.6041316986083984
1.8310596942901611
1.8446171283721924
1.6992051601409912
1.652062177658081
1.8587498664855957
1.6720614433288574
1.8280677795410156
1.6811964511871338
1.8889949321746826
1.7470955848693848
1.829467535018921
1.6240921020507812
1.8167080879211426
1.6295206546783447
1.8296070098876953
1.6490612030029297
1.6108546257019043
1.8006513118743896
1.8425743579864502
1.6384127140045166
1.6222732067108154
1.820600986480713
1.8324711322784424
1.6526024341583252
1.603149652481079
1.7901966571807861
1.8460566997528076
1.6518373489379883
1.6345012187957764
1.8259353637695312
1.6630382537841797
1.897779941558838
1.6399736404418945
1.813256025314331
1.6247532367706299
1.9008228778839111
1.6467700004577637
1.8517708778381348
1.6813170909881592
1.930619239807129
1.7360172271728516
1.695141315460205
1.9251749515533447
1.923121452331543
1.7057645320892334
1.7048907279968262
1.9032988548278809
1.869452953338623
1.6462905406951904
1.593752145767212
1.792952060699463
1.8532960414886475
1.6664044857025146
1.6323864459991455
1.8465886116027832
1.6901774406433105
1.9008848667144775
1.6947658061981201
1.878868579864502
1.6862897872924805
1.9204316139221191
1.6604113578796387
1.8309834003448486
1.6432092189788818
1.8570516109466553
1.6395859718322754
1.622929573059082
1.7922465801239014
1.9141395092010498
1.6424922943115234
1.6810798645019531
1.8343400955200195
1.9504969120025635
1.7107264995574951
1.6452982425689697
1.9012129306793213
1.8793613910675049
1.6700875759124756
1.618818759918213
1.8178937435150146
1.6245474815368652
1.8394482135772705
1.6326475143432617
1.8582963943481445
1.6662755012512207
1.861654281616211
1.6801037788391113
1.9549851417541504
1.6412789821624756
