0.10253524780273438
0.00700831413269043
0.005999326705932617
0.006001949310302734
0.005007743835449219
0.005997657775878906
0.0060007572174072266
0.007003068923950195
0.02700662612915039
0.005054950714111328
0.008015155792236328
0.026204347610473633
0.025577068328857422
0.0070149898529052734
0.030776023864746094
0.009001731872558594
0.005995035171508789
0.007013797760009766
0.010010242462158203
0.009013175964355469
0.008017539978027344
0.0060214996337890625
0.006001710891723633
0.00600123405456543
0.005989551544189453
0.03214311599731445
0.0270078182220459
0.0059967041015625
0.0059816837310791016
0.0059964656829833984
0.00800180435180664
0.007006406784057617
0.00799560546875
0.006995201110839844
0.00600123405456543
0.00800776481628418
0.008991479873657227
0.005990505218505859
0.009002685546875
0.006992340087890625
0.0059893131256103516
0.0065958499908447266
0.0069828033447265625
0.00899505615234375
0.006009578704833984
0.0055124759674072266
0.010099411010742188
0.006989240646362305
0.006002187728881836
0.015011072158813477
0.008002042770385742
0.0050201416015625
0.005982160568237305
0.0070095062255859375
0.008005619049072266
0.0060079097747802734
0.006995677947998047
0.00801849365234375
0.0069811344146728516
0.03121161460876465
0.029987573623657227
0.029005050659179688
0.007000446319580078
0.01000213623046875
0.007016420364379883
0.00800180435180664
0.007994651794433594
0.026019573211669922
0.007020711898803711
0.0265350341796875
0.008546113967895508
0.008024454116821289
0.006001949310302734
0.028012990951538086
0.008006572723388672
0.007011890411376953
0.005983829498291016
0.006987571716308594
0.025005102157592773
0.027006864547729492
0.009001731872558594
0.008994340896606445
0.008001327514648438
0.008011102676391602
0.007006645202636719
0.016004562377929688
0.007002830505371094
0.007001638412475586
0.0060024261474609375
0.02700519561767578
0.007988214492797852
0.008002996444702148
0.008002281188964844
0.033086538314819336
0.008002042770385742
0.027675867080688477
0.007001161575317383
0.006994485855102539
0.005995273590087891
0.005995512008666992
0.006003379821777344
0.006007194519042969
0.0070035457611083984
0.0270078182220459
0.008002758026123047
0.007993221282958984
0.02599811553955078
0.008021116256713867
0.02500629425048828
0.008000612258911133
0.01450347900390625
0.008983135223388672
0.027005672454833984
0.007996082305908203
0.006026029586791992
0.009014368057250977
0.008985042572021484
0.007013559341430664
0.007000446319580078
0.007001399993896484
0.005995035171508789
0.006001472473144531
0.006989002227783203
0.005509376525878906
0.007046937942504883
0.007826089859008789
0.006003141403198242
0.027278423309326172
0.006999492645263672
0.006001710891723633
0.007860898971557617
0.008919954299926758
0.00803232192993164
0.008001089096069336
0.00700068473815918
0.005989551544189453
0.006001472473144531
0.007001638412475586
0.008015871047973633
0.0076444149017333984
0.006996631622314453
0.007000446319580078
0.0069963932037353516
0.006001472473144531
0.006001949310302734
0.005998134613037109
0.008511781692504883
0.0070018768310546875
0.005994558334350586
0.007999897003173828
0.027019977569580078
0.008019208908081055
0.027601242065429688
0.006536722183227539
0.007001638412475586
0.007999420166015625
0.00601649284362793
0.0065996646881103516
0.006005048751831055
0.0070536136627197266
0.0059833526611328125
0.005999326705932617
0.007008552551269531
0.006507396697998047
0.008014202117919922
0.006013154983520508
0.009014129638671875
0.0059967041015625
0.0060214996337890625
0.006021022796630859
0.04032778739929199
0.014011859893798828
0.04140353202819824
0.043227434158325195
0.00700831413269043
0.00699615478515625
0.03866863250732422
0.035019874572753906
0.006020545959472656
0.040990352630615234
0.03801918029785156
0.04091763496398926
0.0059871673583984375
0.038008689880371094
0.026996612548828125
0.052002906799316406
0.005548238754272461
0.03700089454650879
0.0400090217590332
0.03874945640563965
0.006991147994995117
0.013561487197875977
0.04375743865966797
0.041704654693603516
0.04300689697265625
0.045998334884643555
0.03400254249572754
0.03388810157775879
0.0069942474365234375
0.006001949310302734
0.009001493453979492
0.006014347076416016
0.008015155792236328
0.038542747497558594
0.042009830474853516
0.009002208709716797
0.0360260009765625
0.035008907318115234
0.0350031852722168
0.04308271408081055
0.027007102966308594
0.02524709701538086
0.04100441932678223
0.0060160160064697266
0.028006315231323242
0.00800180435180664
0.04199028015136719
0.03537440299987793
0.006993532180786133
0.008670806884765625
0.016137123107910156
0.04299187660217285
0.03505706787109375
0.0328211784362793
0.03500771522521973
0.008008480072021484
0.04200100898742676
0.008002996444702148
0.04403400421142578
0.0070037841796875
0.007002353668212891
0.007015705108642578
0.03999638557434082
0.0249936580657959
0.041997671127319336
0.015000104904174805
0.025964736938476562
0.0262298583984375
0.03456687927246094
0.04201459884643555
0.04149985313415527
0.0972280502319336
