1.505603313446045
1.6339268684387207
1.5362601280212402
1.6667819023132324
1.6950583457946777
1.8556628227233887
1.6908495426177979
1.6262233257293701
1.6759693622589111
1.7120840549468994
1.6580016613006592
1.6994197368621826
1.678652286529541
1.7260525226593018
1.683316946029663
1.750309705734253
1.694681167602539
1.8141751289367676
1.8015649318695068
1.7821540832519531
1.6981902122497559
1.754500150680542
1.7204532623291016
1.7333247661590576
1.6882379055023193
1.7501163482666016
1.7439043521881104
1.742736577987671
1.7258691787719727
1.8379058837890625
1.7430968284606934
1.7510416507720947
1.718672752380371
1.8533387184143066
1.759035587310791
1.7123401165008545
1.7041995525360107
1.8344495296478271
1.805466651916504
1.762007474899292
1.7702348232269287
1.7926561832427979
1.7148489952087402
1.71925687789917
1.7051544189453125
1.8869361877441406
1.7333691120147705
1.6865763664245605
1.7427146434783936
1.864189863204956
1.7785024642944336
1.7384614944458008
1.7036514282226562
1.7448134422302246
1.730644702911377
1.7284011840820312
1.695744514465332
1.769467830657959
1.762721300125122
1.825662612915039
1.7390167713165283
1.825289249420166
1.7094364166259766
1.677032232284546
1.6974234580993652
1.7282869815826416
1.7818868160247803
1.7669401168823242
1.759225845336914
1.7756927013397217
1.7210066318511963
1.7263429164886475
1.6970877647399902
1.7605233192443848
1.7231128215789795
1.7188737392425537
1.6821603775024414
1.815077781677246
1.711129903793335
1.6843304634094238
1.6963860988616943
1.7475438117980957
1.7788448333740234
1.7805335521697998
1.750274896621704
1.8402538299560547
1.8023571968078613
1.7455799579620361
1.772514820098877
1.8358416557312012
1.7779443264007568
1.807723045349121
1.7752342224121094
1.882239818572998
1.791260004043579
1.7297098636627197
1.7657577991485596
1.8132076263427734
1.805967092514038
1.7631604671478271
1.759232997894287
1.8655719757080078
1.8060619831085205
1.7779576778411865
1.7636229991912842
1.851940393447876
1.8111937046051025
1.7950196266174316
1.7049732208251953
1.8446433544158936
1.8184242248535156
1.774139165878296
1.727720022201538
1.7717502117156982
1.779453992843628
1.8034694194793701
1.7809641361236572
1.8197824954986572
1.7567203044891357
1.7696473598480225
1.7737462520599365
1.8169844150543213
1.7371652126312256
1.7482593059539795
1.7382276058197021
1.8915245532989502
1.7412891387939453
1.7489616870880127
1.7357027530670166
1.7548353672027588
1.7965457439422607
1.8045454025268555
1.7504231929779053
1.8298158645629883
1.8461735248565674
1.7725579738616943
1.723024606704712
1.7966268062591553
1.7554237842559814
1.7517316341400146
1.7474734783172607
1.7589476108551025
1.7332208156585693
1.8606417179107666
1.746680498123169
1.7680613994598389
1.7300808429718018
1.787968635559082
1.8516316413879395
1.8172500133514404
1.8438479900360107
1.7861087322235107
1.7601726055145264
1.7720627784729004
1.740208625793457
1.7829632759094238
1.7578654289245605
1.788578748703003
1.7849235534667969
1.7713747024536133
1.7659862041473389
1.863806962966919
1.722142219543457
1.7442538738250732
1.7760980129241943
1.8433122634887695
1.8131427764892578
1.7676043510437012
1.7239341735839844
1.7981977462768555
1.7856597900390625
1.7896044254302979
1.7981443405151367
1.8954119682312012
1.833597183227539
1.7567131519317627
1.703911304473877
1.729240894317627
1.722794771194458
1.8407397270202637
1.73177170753479
1.685509204864502
1.7116994857788086
1.7640080451965332
1.8715369701385498
1.806349754333496
1.8137564659118652
1.7947475910186768
1.8836193084716797
1.7303926944732666
1.6952645778656006
1.7222402095794678
1.7735655307769775
1.8232076168060303
1.8371915817260742
1.741389274597168
1.7922255992889404
1.7525651454925537
1.8445501327514648
1.7688069343566895
1.887911081314087
1.7916090488433838
1.7393567562103271
1.776555061340332
1.8840110301971436
1.7703807353973389
1.7899603843688965
1.7371976375579834
1.769178867340088
1.7885277271270752
1.7982563972473145
1.741039514541626
1.794342041015625
1.758033275604248
1.7700402736663818
1.794159173965454
1.8652276992797852
1.7823975086212158
1.7329950332641602
1.8557593822479248
1.9398760795593262
1.7539100646972656
1.7049129009246826
1.7592058181762695
1.754392385482788
1.788355827331543
1.7674474716186523
1.7529375553131104
1.8310225009918213
1.7955832481384277
1.8717780113220215
1.7498226165771484
1.8143248558044434
1.8184385299682617
1.7875967025756836
1.771899938583374
1.909209966659546
1.7769031524658203
1.735851764678955
1.7839784622192383
1.7746131420135498
1.7864556312561035
