1.783346176147461
1.7940685749053955
1.7985498905181885
1.7823679447174072
1.7441377639770508
1.825911045074463
1.794044017791748
1.904606819152832
1.81882643699646
1.8110828399658203
1.751727819442749
1.8218307495117188
1.940678358078003
1.964461088180542
2.1142001152038574
1.938858985900879
1.843782901763916
1.8604927062988281
2.1370468139648438
1.837080717086792
1.8093316555023193
1.825120449066162
2.0573019981384277
1.9785873889923096
1.778635025024414
1.9316046237945557
2.091160535812378
1.8397769927978516
1.890833854675293
1.9319186210632324
1.8378033638000488
1.9252564907073975
1.8183269500732422
2.017756938934326
2.1613402366638184
3.237966299057007
1.9927914142608643
2.1149356365203857
2.019503355026245
2.3176379203796387
1.9674289226531982
1.9513914585113525
2.023094415664673
1.952662467956543
1.821319580078125
1.7508699893951416
1.8229222297668457
1.7964789867401123
1.7724049091339111
1.7321746349334717
1.8856480121612549
1.7607777118682861
1.7438697814941406
1.750119924545288
1.7936205863952637
1.8130195140838623
1.7806541919708252
1.75447678565979
1.8351879119873047
1.7720873355865479
1.7842481136322021
1.7507026195526123
1.817894458770752
1.7873692512512207
1.7708585262298584
1.7406284809112549
1.8882625102996826
1.7565841674804688
1.7386407852172852
1.7628114223480225
1.7755553722381592
1.8428254127502441
1.772895336151123
1.8310837745666504
1.8361122608184814
1.9920432567596436
2.083817720413208
1.9525952339172363
1.9700698852539062
1.9590771198272705
1.860271692276001
1.7734184265136719
1.9012682437896729
1.769033432006836
1.7510993480682373
1.7543056011199951
1.840646505355835
1.8920762538909912
1.8573765754699707
1.8458447456359863
1.9029011726379395
1.8362107276916504
1.8486378192901611
1.8000106811523438
1.8702819347381592
1.8193304538726807
1.7967705726623535
1.7502307891845703
1.9681732654571533
1.8325872421264648
1.7877414226531982
1.7629368305206299
1.802497386932373
1.8292973041534424
1.7940199375152588
1.7738964557647705
1.839937448501587
1.7881083488464355
1.8354480266571045
1.8305845260620117
1.8368268013000488
1.7918362617492676
1.782963752746582
1.7744479179382324
2.003674030303955
1.7838740348815918
1.7854254245758057
1.8087000846862793
1.8139233589172363
1.8765289783477783
1.8596677780151367
1.8928465843200684
1.83536958694458
1.7936627864837646
1.797907829284668
1.793790340423584
1.9120752811431885
1.8689768314361572
1.7821414470672607
1.756761074066162
1.9389915466308594
1.8108994960784912
1.7523167133331299
1.773813247680664
1.8212342262268066
1.8381409645080566
1.8767988681793213
1.8530240058898926
1.9385554790496826
1.793579339981079
1.7961483001708984
1.7600891590118408
1.8281528949737549
1.790038824081421
1.7742173671722412
1.7530889511108398
1.932199239730835
1.8561785221099854
1.7855980396270752
1.7954661846160889
1.8164784908294678
1.8301000595092773
1.7997562885284424
1.764153242111206
1.8349342346191406
1.7883384227752686
1.7961475849151611
1.755683422088623
1.8136091232299805
1.903581142425537
1.8618361949920654
1.790236234664917
1.885848045349121
1.7819316387176514
1.7681965827941895
1.7693533897399902
1.8317248821258545
1.8407611846923828
1.818037748336792
1.8156111240386963
1.942305326461792
1.8050775527954102
1.793449878692627
1.7945811748504639
1.8311107158660889
1.8155279159545898
1.7899625301361084
1.8726303577423096
1.9260482788085938
1.896848201751709
1.7574727535247803
1.7515342235565186
1.7971017360687256
1.838531732559204
1.7983884811401367
1.7689955234527588
1.8421788215637207
1.81992506980896
1.8410797119140625
1.8052740097045898
1.819288730621338
1.8808403015136719
1.8344402313232422
1.7825791835784912
1.923755168914795
1.8961687088012695
1.769606351852417
1.779672622680664
1.8148834705352783
1.897343635559082
1.8243913650512695
1.7799241542816162
1.874152660369873
1.8787846565246582
1.7963404655456543
1.8297874927520752
1.8743791580200195
1.823652744293213
1.853123426437378
1.8255233764648438
1.884655237197876
1.8009533882141113
1.7984771728515625
1.7616357803344727
1.8568551540374756
1.8943781852722168
1.8707280158996582
1.8293747901916504
1.8732020854949951
1.9026265144348145
1.8562960624694824
1.7702162265777588
1.8615989685058594
1.819685459136963
1.8260705471038818
1.7830290794372559
1.901132345199585
1.8070240020751953
1.7829384803771973
1.770916223526001
1.7988989353179932
1.8567583560943604
1.8106107711791992
1.7707462310791016
1.862563133239746
1.8051302433013916
1.7829663753509521
1.7913570404052734
1.8469722270965576
1.7973170280456543
1.791318655014038
1.746962070465088
1.8866968154907227
1.7643563747406006
1.7544968128204346
1.8326363563537598
1.8104233741760254
1.8301217555999756
1.7996153831481934
1.7804574966430664
1.837404489517212
1.8110685348510742
1.8018879890441895
1.7812833786010742
1.833979606628418
1.801915168762207
1.7762162685394287
1.7518792152404785
1.8997387886047363
1.7866079807281494
1.738884449005127
1.761488676071167
1.825606346130371
1.8586742877960205
1.7895524501800537
1.7875237464904785
1.863788366317749
1.8058502674102783
1.7866384983062744
1.7742881774902344
1.8449249267578125
1.801238775253296
1.7806274890899658
1.7508277893066406
1.9029700756072998
1.7758934497833252
1.7398459911346436
1.7696988582611084
1.8022265434265137
1.838890552520752
1.797053575515747
1.7675626277923584
1.827996015548706
1.7958292961120605
1.7931208610534668
1.7728540897369385
1.8225109577178955
1.7919421195983887
1.8032453060150146
1.7587532997131348
1.903653621673584
1.782177448272705
1.750450611114502
1.7664222717285156
1.8026096820831299
1.8463757038116455
1.7944376468658447
1.7813537120819092
1.8730006217956543
1.805037021636963
1.795480489730835
1.7651746273040771
1.8371899127960205
1.7914066314697266
1.7777385711669922
1.7626056671142578
1.913053035736084
1.7877299785614014
1.7592263221740723
1.7582242488861084
1.8177857398986816
1.8385915756225586
1.7862434387207031
1.7650415897369385
1.8472743034362793
1.8015813827514648
1.802250623703003
1.7758138179779053
1.832383394241333
1.7984733581542969
1.8211719989776611
1.7388677597045898
1.9044127464294434
1.780606985092163
1.7412927150726318
1.7496628761291504
1.8069968223571777
1.8349018096923828
1.7938511371612549
1.7677936553955078
1.8599095344543457
1.8045084476470947
1.8010821342468262
1.770359754562378
1.8338565826416016
1.7947170734405518
1.7841403484344482
1.7926409244537354
1.9762184619903564
1.8146171569824219
1.7539842128753662
1.7646918296813965
1.8208730220794678
1.9029450416564941
1.7992279529571533
1.7655391693115234
1.8809571266174316
1.8386659622192383
1.800642728805542
1.8116986751556396
1.8714838027954102
1.8232858180999756
1.7883074283599854
1.7789065837860107
1.9170024394989014
1.7868998050689697
1.7503442764282227
1.8256375789642334
1.8122448921203613
1.8687646389007568
1.8249526023864746
1.7858061790466309
1.861741065979004
1.8122339248657227
1.800811529159546
1.8165171146392822
1.8387911319732666
1.7934165000915527
1.7792682647705078
1.8249878883361816
2.049020290374756
1.938443660736084
1.8731310367584229
1.813199758529663
1.9109594821929932
1.8440546989440918
1.7968199253082275
1.7693901062011719
1.8377296924591064
1.791672706604004
1.8026373386383057
1.788870096206665
1.8438239097595215
1.7943649291992188
1.832510232925415
1.8095812797546387
1.948636531829834
1.7920494079589844
1.7697138786315918
1.8650496006011963
1.844986915588379
1.9307615756988525
1.8509693145751953
1.8800177574157715
1.9256367683410645
1.8481552600860596
1.8812239170074463
1.7958872318267822
1.8608675003051758
1.801518440246582
1.7892131805419922
1.7643933296203613
1.9076111316680908
1.7917442321777344
1.7544872760772705
1.7779242992401123
1.8268601894378662
1.8558015823364258
1.8058362007141113
1.828949213027954
1.9332082271575928
1.8731083869934082
1.8563201427459717
1.8339552879333496
1.9126224517822266
1.8781101703643799
1.9617242813110352
1.8663756847381592
1.8238842487335205
1.8013315200805664
1.9602875709533691
1.8312444686889648
1.8044836521148682
1.8245418071746826
1.86490797996521
1.9099664688110352
1.8608012199401855
1.8670799732208252
1.9935855865478516
1.9099414348602295
1.9026134014129639
1.810126781463623
1.9100823402404785
1.867699146270752
1.8752379417419434
1.8520290851593018
1.8626022338867188
1.8756382465362549
1.964409351348877
1.9364895820617676
1.774785041809082
1.7696726322174072
1.8352446556091309
1.8550324440002441
1.8087701797485352
1.7872371673583984
1.8586103916168213
1.8037614822387695
1.8155503273010254
1.784210205078125
1.83943510055542
1.9124977588653564
1.9136784076690674
1.8416247367858887
1.906153678894043
1.8107640743255615
1.9306232929229736
1.7826647758483887
1.769876480102539
1.781325101852417
1.8560967445373535
1.86680006980896
1.8639311790466309
1.8873291015625
1.9278357028961182
1.8417296409606934
1.8405137062072754
1.8045735359191895
1.8656623363494873
1.9164719581604004
1.9241914749145508
