0.09810829162597656
0.007002353668212891
0.006014823913574219
0.005995035171508789
0.0070018768310546875
0.006994724273681641
0.006008148193359375
0.006002187728881836
0.005999088287353516
0.00600123405456543
0.005995035171508789
0.006007671356201172
0.005997896194458008
0.00600886344909668
0.006008625030517578
0.006002902984619141
0.007002115249633789
0.006008148193359375
0.007996082305908203
0.0060002803802490234
0.03220844268798828
0.0060155391693115234
0.006008148193359375
0.007001161575317383
0.007002353668212891
0.008002281188964844
0.0070095062255859375
0.005995035171508789
0.0060155391693115234
0.039008140563964844
0.00702214241027832
0.0060024261474609375
0.008003950119018555
0.0070002079010009766
0.006002664566040039
0.006997108459472656
0.007002592086791992
0.007014751434326172
0.005994081497192383
0.006001472473144531
0.0069904327392578125
0.00700831413269043
0.007002115249633789
0.007005453109741211
0.006993770599365234
0.005997419357299805
0.006002187728881836
0.007013559341430664
0.026035308837890625
0.007011890411376953
0.007008075714111328
0.0069980621337890625
0.005999326705932617
0.006000518798828125
0.007003068923950195
0.02701425552368164
0.006013393402099609
0.006000518798828125
0.006002187728881836
0.006000995635986328
0.006001472473144531
0.007007598876953125
0.0069828033447265625
0.010015726089477539
0.0060214996337890625
0.006002187728881836
0.006023406982421875
0.007001399993896484
0.005995512008666992
0.0060024261474609375
0.006002187728881836
0.007001161575317383
0.006001710891723633
0.008000373840332031
0.005831003189086914
0.007002115249633789
0.006001710891723633
0.006005287170410156
0.005996227264404297
0.006995439529418945
0.0070018768310546875
0.006000995635986328
0.005995035171508789
0.0070078372955322266
0.006024360656738281
0.007001638412475586
0.007008075714111328
0.007005453109741211
0.006998300552368164
0.006010532379150391
0.006523609161376953
0.006001710891723633
0.007002353668212891
0.006007671356201172
0.009009599685668945
0.00699305534362793
0.007002830505371094
0.006996870040893555
0.005773305892944336
0.006994009017944336
0.0060138702392578125
0.007002115249633789
0.005999088287353516
0.006014585494995117
0.006480693817138672
0.005985260009765625
0.006033658981323242
0.0069997310638427734
0.006002664566040039
0.006000518798828125
0.0060024261474609375
0.007001638412475586
0.006995439529418945
0.008003711700439453
0.006000995635986328
0.006897926330566406
0.005562543869018555
0.006995677947998047
0.0070002079010009766
0.005658864974975586
0.007001399993896484
0.006006479263305664
0.005995512008666992
0.006015777587890625
0.006000995635986328
0.0070056915283203125
0.007004261016845703
0.007014751434326172
0.008001565933227539
0.006001472473144531
0.006001472473144531
0.006020545959472656
0.0060117244720458984
0.007003307342529297
0.007002830505371094
0.006997585296630859
0.006999969482421875
0.00599980354309082
0.007001399993896484
0.006003618240356445
0.0070040225982666016
0.006000995635986328
0.007000923156738281
0.006006717681884766
0.006999492645263672
0.006001472473144531
0.007002830505371094
0.007001638412475586
0.007002353668212891
0.006999015808105469
0.006998777389526367
0.0070149898529052734
0.008001327514648438
0.0072021484375
0.006995201110839844
0.007002353668212891
0.007001399993896484
0.007002115249633789
0.005995988845825195
0.006000518798828125
0.005999565124511719
0.0060062408447265625
0.0060024261474609375
0.006014585494995117
0.006006717681884766
0.006755352020263672
0.006996631622314453
0.007000923156738281
0.007000923156738281
0.007003307342529297
0.006543874740600586
0.005990028381347656
0.006001472473144531
0.006000041961669922
0.0069882869720458984
0.0060083866119384766
0.009003162384033203
0.00600433349609375
0.0059969425201416016
0.006015300750732422
0.0060007572174072266
0.006002187728881836
0.005987882614135742
0.0070018768310546875
0.007001161575317383
0.0070078372955322266
0.006001949310302734
0.007002592086791992
0.006000995635986328
0.006590843200683594
0.00699615478515625
0.00699305534362793
0.00600123405456543
0.00599980354309082
0.006007194519042969
0.0070040225982666016
0.005995988845825195
0.006002902984619141
0.007008075714111328
0.0060160160064697266
0.006002664566040039
0.005995035171508789
0.007002830505371094
0.0070037841796875
0.007003307342529297
0.005995512008666992
0.007000923156738281
0.00600743293762207
0.0070018768310546875
0.006013393402099609
0.006014585494995117
0.006017208099365234
0.007001161575317383
0.007999658584594727
0.0070056915283203125
0.007018089294433594
0.008001565933227539
0.0059964656829833984
0.006989240646362305
0.006002187728881836
0.006007194519042969
0.006003141403198242
0.006000995635986328
0.006568193435668945
0.006661653518676758
0.007005929946899414
0.006003379821777344
0.0069959163665771484
0.007001638412475586
0.0070040225982666016
0.00609278678894043
0.006003141403198242
0.006580829620361328
0.006001949310302734
0.008010387420654297
0.0060024261474609375
0.0092926025390625
0.007003068923950195
0.006002664566040039
0.00799560546875
0.0069904327392578125
0.007012844085693359
0.005994319915771484
0.009001493453979492
0.010000228881835938
0.006003141403198242
0.007002353668212891
0.006001472473144531
0.007000923156738281
0.008002519607543945
0.0070149898529052734
0.006540775299072266
0.006006002426147461
0.00700831413269043
0.006001949310302734
0.007002115249633789
0.00600123405456543
0.007002115249633789
0.0060002803802490234
0.0069887638092041016
0.00600743293762207
0.006000041961669922
0.007799863815307617
0.006999969482421875
0.006996631622314453
0.007001638412475586
0.007002830505371094
0.00600123405456543
0.009001016616821289
0.008003711700439453
0.014017343521118164
0.007001638412475586
0.007008552551269531
0.0060024261474609375
0.006002187728881836
0.00600123405456543
0.006001710891723633
0.006000518798828125
0.005991458892822266
0.005564451217651367
0.00601959228515625
0.007002115249633789
0.006001472473144531
0.006000995635986328
0.00600123405456543
0.0059947967529296875
0.006036043167114258
0.00603032112121582
0.007001399993896484
0.0069963932037353516
0.006983041763305664
0.007014036178588867
0.007001161575317383
0.0060062408447265625
0.00600743293762207
0.006020307540893555
0.006000995635986328
0.0070002079010009766
0.006999969482421875
0.0055389404296875
0.006989955902099609
0.005989551544189453
0.006000995635986328
0.006000995635986328
0.0070018768310546875
0.006008148193359375
0.006000518798828125
0.00700688362121582
0.006991147994995117
0.005995273590087891
0.007000923156738281
0.00691533088684082
0.0069980621337890625
0.006001472473144531
0.006003141403198242
0.0060007572174072266
0.00700831413269043
0.007012844085693359
0.005994558334350586
0.006910085678100586
0.0070078372955322266
0.0070035457611083984
0.0069882869720458984
0.0060160160064697266
0.006013631820678711
0.0060002803802490234
0.00799560546875
0.008008956909179688
0.006002187728881836
0.006007671356201172
0.0060100555419921875
0.007992982864379883
0.0059947967529296875
0.006000995635986328
0.007024288177490234
0.005986928939819336
0.006020307540893555
0.0070018768310546875
0.006000995635986328
0.0070035457611083984
0.0059964656829833984
0.006008148193359375
0.006002187728881836
0.006013393402099609
0.006994485855102539
0.006006479263305664
0.006000995635986328
0.006000518798828125
0.007998943328857422
0.007002353668212891
0.0060024261474609375
0.00598907470703125
0.00599980354309082
0.01200246810913086
0.006531953811645508
0.006990194320678711
0.0056307315826416016
0.0060160160064697266
0.0060160160064697266
0.0060024261474609375
0.006994009017944336
0.00999903678894043
0.007636308670043945
0.006602764129638672
0.00600123405456543
0.006632328033447266
0.005999565124511719
0.00800776481628418
0.007000923156738281
0.0073926448822021484
0.0060002803802490234
0.006339550018310547
0.00606846809387207
0.007004737854003906
0.007000446319580078
0.005995035171508789
0.007003307342529297
0.0070018768310546875
0.007003068923950195
0.008005142211914062
0.005999565124511719
0.006995439529418945
0.006001472473144531
0.0060100555419921875
0.005995512008666992
0.005996227264404297
0.007014036178588867
0.006878376007080078
0.005999326705932617
0.0070002079010009766
0.008002042770385742
0.007000923156738281
0.007004499435424805
0.006007194519042969
0.007002830505371094
0.007437467575073242
0.006664752960205078
0.0070171356201171875
0.006001472473144531
0.0070018768310546875
0.0060040950775146484
0.007009029388427734
0.006001949310302734
0.008014440536499023
0.005994319915771484
0.006988525390625
0.006497859954833984
0.006577968597412109
0.006000995635986328
0.006002664566040039
0.005995035171508789
0.007002353668212891
0.00600886344909668
0.007570028305053711
0.007002353668212891
0.006009101867675781
0.007002592086791992
0.007000923156738281
0.00599360466003418
0.006013393402099609
0.005998849868774414
0.007002592086791992
0.006003141403198242
0.005994558334350586
0.006009340286254883
0.006002664566040039
0.005995273590087891
0.006999492645263672
0.00700068473815918
0.0060007572174072266
0.006997823715209961
0.006996870040893555
0.005999326705932617
0.007000923156738281
0.006506919860839844
0.006015300750732422
0.007001399993896484
0.006995439529418945
0.0069997310638427734
0.007673978805541992
0.006000518798828125
0.0069997310638427734
0.007042407989501953
0.0060007572174072266
0.007008075714111328
0.006010293960571289
0.006008625030517578
0.007035732269287109
0.006008148193359375
0.0069768428802490234
0.006419181823730469
0.006997346878051758
0.006012916564941406
0.006014823913574219
0.0059947967529296875
0.007006406784057617
0.005998373031616211
0.007990121841430664
0.007107973098754883
0.006994962692260742
0.008007526397705078
0.0060024261474609375
0.006006002426147461
0.006013393402099609
0.007002830505371094
0.00699925422668457
0.006100893020629883
0.005995512008666992
0.006999969482421875
0.006001472473144531
0.006994962692260742
0.007002592086791992
0.0069122314453125
0.006575107574462891
0.005994558334350586
0.00600743293762207
0.006005048751831055
0.007015705108642578
0.006992816925048828
0.0060024261474609375
0.007001161575317383
0.008007049560546875
0.00700688362121582
0.0062408447265625
0.006000518798828125
0.0070040225982666016
0.005995273590087891
