0.10007524490356445
0.007008552551269531
0.010002374649047852
0.029621124267578125
0.006002664566040039
0.00900411605834961
0.007623195648193359
0.008000612258911133
0.02801370620727539
0.00800180435180664
0.005996227264404297
0.006014347076416016
0.009001731872558594
0.006002187728881836
0.007003307342529297
0.033005714416503906
0.007003068923950195
0.007999181747436523
0.008007287979125977
0.008002758026123047
0.008000373840332031
0.007002592086791992
0.03202629089355469
0.008002281188964844
0.007996559143066406
0.008001565933227539
0.009514093399047852
0.008001327514648438
0.009000778198242188
0.005999565124511719
0.006002187728881836
0.007001161575317383
0.0059964656829833984
0.0060079097747802734
0.0060024261474609375
0.006008625030517578
0.006120443344116211
0.00600123405456543
0.006014823913574219
0.0066051483154296875
0.0070002079010009766
0.00600743293762207
0.0060122013092041016
0.005987644195556641
0.006009578704833984
0.005995988845825195
0.005995273590087891
0.005997657775878906
0.00799107551574707
0.009988546371459961
0.00900721549987793
0.009020328521728516
0.009999990463256836
0.007994651794433594
0.007017850875854492
0.006016731262207031
0.0060155391693115234
0.006002187728881836
0.007015705108642578
0.006558418273925781
0.006015300750732422
0.006001472473144531
0.0279996395111084
0.03124713897705078
0.009001970291137695
0.030453205108642578
0.006988525390625
0.005999088287353516
0.006011962890625
0.0070154666900634766
0.005987644195556641
0.005998373031616211
0.0060575008392333984
0.030603408813476562
0.031006813049316406
0.03046560287475586
0.009002447128295898
0.009001493453979492
0.00802302360534668
0.008008956909179688
0.008020162582397461
0.008000612258911133
0.010013341903686523
0.00801229476928711
0.009008646011352539
0.009012699127197266
0.008011102676391602
0.01500248908996582
0.0070018768310546875
0.006995677947998047
0.0059947967529296875
0.006543874740600586
0.006000995635986328
0.00800180435180664
0.009013652801513672
0.006557464599609375
0.028005361557006836
0.008996009826660156
0.008002042770385742
0.008005857467651367
0.010002851486206055
0.006000518798828125
0.006994724273681641
0.015002727508544922
0.008994340896606445
0.007988691329956055
0.009008407592773438
0.026999235153198242
0.009008169174194336
0.006008148193359375
0.009002923965454102
0.009009838104248047
0.007987499237060547
0.006000041961669922
0.015003204345703125
0.00700688362121582
0.005999565124511719
0.015002965927124023
0.00800013542175293
0.007990837097167969
0.02700638771057129
0.006997108459472656
0.006001472473144531
0.0060024261474609375
0.00802755355834961
0.008999824523925781
0.006001710891723633
0.005995273590087891
0.005996227264404297
0.006995201110839844
0.013996362686157227
0.006994485855102539
0.007995128631591797
0.008000850677490234
0.006000041961669922
0.028012514114379883
0.006983757019042969
0.014997005462646484
0.027039289474487305
0.006009340286254883
0.015001773834228516
0.007007598876953125
0.00600123405456543
0.006008148193359375
0.006114482879638672
0.006984710693359375
0.009020805358886719
0.008011579513549805
0.009008169174194336
0.010013818740844727
0.009007930755615234
0.028039216995239258
0.029007673263549805
0.008008480072021484
0.007998228073120117
0.007990598678588867
0.007994651794433594
0.008001565933227539
0.009996414184570312
0.027005434036254883
0.007007598876953125
0.013981819152832031
0.010995626449584961
0.007550716400146484
0.008991479873657227
0.027573585510253906
0.026999711990356445
0.031008005142211914
0.007015228271484375
0.0070073604583740234
0.03500795364379883
0.0070018768310546875
0.030039072036743164
0.005988121032714844
0.009002208709716797
0.009995460510253906
0.02660846710205078
0.007010459899902344
0.006001949310302734
0.027018308639526367
0.01102137565612793
0.0291292667388916
0.006008148193359375
0.008937358856201172
0.00699615478515625
0.006990671157836914
0.006006717681884766
0.006186246871948242
0.006000995635986328
0.00800323486328125
0.009002208709716797
0.0069963932037353516
0.02700638771057129
0.0060083866119384766
0.007995843887329102
0.009002208709716797
0.026579856872558594
0.008002042770385742
0.006015777587890625
0.031013011932373047
0.007017612457275391
0.028993606567382812
0.007567167282104492
0.027052640914916992
0.00699162483215332
0.013053655624389648
0.008013248443603516
0.007009267807006836
0.007001638412475586
0.005996227264404297
0.02601146697998047
0.0069959163665771484
0.006001710891723633
0.01000833511352539
0.006997346878051758
0.007989168167114258
0.006001472473144531
0.010002374649047852
0.008002042770385742
0.027019739151000977
0.0060007572174072266
0.006002187728881836
0.007994890213012695
0.0060024261474609375
0.007991790771484375
0.006020784378051758
0.029010295867919922
0.006007194519042969
0.015002965927124023
0.014998197555541992
0.009000301361083984
0.015011072158813477
0.02900528907775879
0.006026268005371094
0.007147312164306641
0.0060024261474609375
0.006012439727783203
0.007021903991699219
0.006002664566040039
0.0280001163482666
0.008990287780761719
0.00808095932006836
0.027018070220947266
0.008002042770385742
0.028271198272705078
0.007995843887329102
0.010021686553955078
0.009004592895507812
0.008001565933227539
0.008995532989501953
0.010001897811889648
0.00800180435180664
0.009001970291137695
0.007986783981323242
0.0070018768310546875
0.00898885726928711
0.008002758026123047
0.006026506423950195
0.005986452102661133
0.00600743293762207
0.007002353668212891
0.00600886344909668
0.007002115249633789
0.015284538269042969
0.008002281188964844
0.008033275604248047
0.008013248443603516
0.0060045719146728516
0.00700831413269043
0.00801396369934082
0.006020069122314453
0.03099226951599121
0.031006574630737305
0.005995273590087891
0.02601337432861328
0.006999969482421875
0.009001493453979492
0.008002042770385742
0.008989095687866211
0.007003068923950195
0.010009288787841797
0.007000923156738281
0.006011962890625
0.0070018768310546875
0.00901484489440918
0.007002115249633789
0.006009340286254883
0.006094455718994141
0.00800180435180664
0.026999711990356445
0.0279996395111084
0.027018070220947266
0.006007194519042969
0.007071495056152344
0.006002187728881836
0.006987094879150391
0.0069997310638427734
0.00600123405456543
0.006996631622314453
0.008002042770385742
0.028008222579956055
0.009000778198242188
0.008147001266479492
0.008995532989501953
0.006006717681884766
0.00800180435180664
0.008992195129394531
0.007001638412475586
0.006999969482421875
0.02704453468322754
0.00799560546875
0.006995677947998047
0.014670848846435547
0.010014772415161133
0.00600123405456543
0.009994983673095703
0.006013154983520508
0.00600123405456543
0.03101372718811035
0.00800180435180664
0.00800013542175293
0.02800583839416504
0.008015155792236328
0.008000373840332031
0.006000518798828125
0.009012222290039062
0.026012659072875977
0.006003141403198242
0.006007194519042969
0.01400303840637207
0.006006479263305664
0.006995201110839844
0.005995988845825195
0.014998912811279297
0.027003049850463867
0.005998849868774414
0.008996963500976562
0.007013797760009766
0.006002902984619141
0.026616334915161133
0.006001710891723633
0.006001472473144531
0.007000923156738281
0.008002281188964844
0.0070078372955322266
0.005994319915771484
0.0070078372955322266
0.008001565933227539
0.015006542205810547
0.014003753662109375
0.007008075714111328
0.0059969425201416016
0.007998943328857422
0.01501607894897461
0.008008241653442383
0.007021427154541016
0.006008148193359375
0.007001399993896484
0.015011787414550781
0.00899648666381836
0.026081323623657227
0.006000995635986328
0.007002353668212891
0.0060155391693115234
0.031001806259155273
0.008001565933227539
0.008028507232666016
0.009003877639770508
0.026055574417114258
0.036008596420288086
0.03500843048095703
0.03600811958312988
0.04301095008850098
0.04302191734313965
0.033003807067871094
0.005995512008666992
0.03200793266296387
0.014996528625488281
0.00800323486328125
0.009010553359985352
0.014998912811279297
0.008001565933227539
0.015020370483398438
0.028006792068481445
0.008998394012451172
0.007014751434326172
0.0060122013092041016
0.009012937545776367
0.008014917373657227
0.014005899429321289
0.026996612548828125
0.0359954833984375
0.007977724075317383
0.03600335121154785
0.008009195327758789
0.007992267608642578
0.015003204345703125
0.006003141403198242
0.006007194519042969
0.008936882019042969
0.009009122848510742
0.027085542678833008
0.031006813049316406
0.027019023895263672
0.0059986114501953125
0.007014274597167969
0.0275423526763916
0.027018308639526367
0.008003473281860352
0.014003753662109375
0.016002655029296875
0.0070002079010009766
0.006001710891723633
0.007019996643066406
0.043242454528808594
0.03101205825805664
0.009000778198242188
0.00700068473815918
0.00800180435180664
0.008014678955078125
0.017997264862060547
0.039269208908081055
0.038010597229003906
0.026548385620117188
0.03701448440551758
0.03600025177001953
0.026050567626953125
0.026013612747192383
0.0319979190826416
0.007002592086791992
0.006002187728881836
0.006003856658935547
0.006000995635986328
0.014983654022216797
0.026999235153198242
0.03101348876953125
0.00900125503540039
0.006003618240356445
0.009008646011352539
0.006994485855102539
0.007002115249633789
0.008996725082397461
0.027063846588134766
0.01000833511352539
0.03637194633483887
0.008013248443603516
0.030013322830200195
0.03600931167602539
0.007002830505371094
0.027007102966308594
0.0270082950592041
0.03300809860229492
0.008002758026123047
0.04400181770324707
0.009545326232910156
0.006014585494995117
0.008524656295776367
0.03601694107055664
0.03601646423339844
0.009001970291137695
0.007955312728881836
0.007001399993896484
0.02704143524169922
0.03262019157409668
0.009002208709716797
0.00800323486328125
0.009005069732666016
0.0069963932037353516
0.007002830505371094
0.014997005462646484
0.008018732070922852
0.008008718490600586
0.017610788345336914
0.010006427764892578
0.008067131042480469
0.031006574630737305
0.006701946258544922
0.008002281188964844
0.006001710891723633
0.008020162582397461
0.00599217414855957
0.0069921016693115234
0.010004043579101562
0.009002208709716797
0.008008718490600586
0.007987737655639648
0.029012680053710938
0.009003877639770508
0.007760286331176758
0.007999658584594727
0.006462812423706055
0.006015300750732422
0.03153824806213379
0.026046276092529297
0.0370023250579834
0.006000995635986328
0.028005599975585938
0.035654544830322266
0.036837100982666016
0.026005268096923828
0.037003278732299805
0.03701043128967285
0.027542829513549805
0.03604769706726074
0.03702354431152344
0.006636381149291992
0.0070002079010009766
0.006003856658935547
0.008001565933227539
0.006243467330932617
0.0060062408447265625
0.0070035457611083984
0.00601506233215332
0.03898310661315918
0.008002042770385742
0.009010791778564453
