0.09356474876403809
0.005986213684082031
0.006020784378051758
0.0059888362884521484
0.006009578704833984
0.009301424026489258
0.005993366241455078
0.007773637771606445
0.006535053253173828
0.0070018768310546875
0.005992889404296875
0.006021976470947266
0.008000373840332031
0.006002187728881836
0.006872415542602539
0.0069844722747802734
0.0060083866119384766
0.006020545959472656
0.007144927978515625
0.006002187728881836
0.005986452102661133
0.0070269107818603516
0.010064125061035156
0.008017301559448242
0.007031917572021484
0.007831811904907227
0.00722813606262207
0.0060040950775146484
0.006029367446899414
0.0056915283203125
0.007002353668212891
0.0060999393463134766
0.006000995635986328
0.008002042770385742
0.0069997310638427734
0.009002923965454102
0.006015777587890625
0.006008148193359375
0.009989738464355469
0.009001970291137695
0.006001710891723633
0.006001472473144531
0.006009817123413086
0.006007671356201172
0.0065555572509765625
0.007000446319580078
0.006001710891723633
0.005995035171508789
0.00600123405456543
0.006000995635986328
0.00600123405456543
0.0070111751556396484
0.0062444210052490234
0.007020473480224609
0.006001472473144531
0.006001949310302734
0.0060541629791259766
0.006020784378051758
0.0050106048583984375
0.006075859069824219
0.006013393402099609
0.0060024261474609375
0.006012439727783203
0.005990266799926758
0.006018638610839844
0.0059931278228759766
0.006015777587890625
0.00600886344909668
0.0070002079010009766
0.007009744644165039
0.007019758224487305
0.006005764007568359
0.005986452102661133
0.00699305534362793
0.0059947967529296875
0.007000923156738281
0.008573293685913086
0.0060079097747802734
0.007004976272583008
0.007507801055908203
0.006014108657836914
0.005576133728027344
0.006994485855102539
0.006020307540893555
0.007000446319580078
0.006001710891723633
0.008009910583496094
0.007000923156738281
0.00600433349609375
0.0070018768310546875
0.007001638412475586
0.006989479064941406
0.007008790969848633
0.00714564323425293
0.007001161575317383
0.006006956100463867
0.007000923156738281
0.0059871673583984375
0.0060083866119384766
0.006001949310302734
0.005999088287353516
0.00800180435180664
0.00699615478515625
0.005982160568237305
0.006994962692260742
0.007003068923950195
0.0060024261474609375
0.006001472473144531
0.008993387222290039
0.006991386413574219
0.0070018768310546875
0.006029367446899414
0.006835460662841797
0.008002758026123047
0.005980968475341797
0.006845235824584961
0.006002902984619141
0.006000041961669922
0.0060160160064697266
0.006008625030517578
0.0070018768310546875
0.006535053253173828
0.005995273590087891
0.007000923156738281
0.006015777587890625
0.005998373031616211
0.007001638412475586
0.0060024261474609375
0.005985736846923828
0.0069866180419921875
0.006000995635986328
0.006021022796630859
0.007000446319580078
0.005982398986816406
0.0059871673583984375
0.004994630813598633
0.00720524787902832
0.006001472473144531
0.007001638412475586
0.00599360466003418
0.006787776947021484
0.0070018768310546875
0.00501251220703125
0.005995273590087891
0.006987571716308594
0.006020069122314453
0.006013631820678711
0.007008790969848633
0.006478786468505859
0.005992412567138672
0.006001710891723633
0.006314992904663086
0.00601959228515625
0.006422519683837891
0.006106853485107422
0.006850242614746094
0.005988597869873047
0.005995512008666992
0.006539583206176758
0.006000995635986328
0.00599980354309082
0.006020069122314453
0.006998777389526367
0.0069882869720458984
0.005995035171508789
0.005994081497192383
0.006000995635986328
0.00552678108215332
0.006003141403198242
0.007001399993896484
0.006000518798828125
0.005514860153198242
0.006009340286254883
0.006002902984619141
0.0060007572174072266
0.005988121032714844
0.006013631820678711
0.006001472473144531
0.00800466537475586
0.006007671356201172
0.006001472473144531
0.005986928939819336
0.006003856658935547
0.00700831413269043
0.006021261215209961
0.0069980621337890625
0.00598907470703125
0.00599980354309082
0.0059814453125
0.006013631820678711
0.00615692138671875
0.006988525390625
0.006981372833251953
0.006020069122314453
0.0050144195556640625
0.006009340286254883
0.006041049957275391
0.00598597526550293
0.00598907470703125
0.006006479263305664
0.006020069122314453
0.0065765380859375
0.005994558334350586
0.0059816837310791016
0.006017446517944336
0.006500959396362305
0.0069866180419921875
0.006983280181884766
0.0065004825592041016
0.006988048553466797
0.006982326507568359
0.005987882614135742
0.006995439529418945
0.006021022796630859
0.006892681121826172
0.006018161773681641
0.006009817123413086
0.006002187728881836
0.007107257843017578
0.0050067901611328125
0.0060083866119384766
0.006001949310302734
0.006013393402099609
0.006520986557006836
0.006001710891723633
0.006001710891723633
0.006001472473144531
0.007015705108642578
0.0060002803802490234
0.005523204803466797
0.006994724273681641
0.006694316864013672
0.006324052810668945
0.007013797760009766
0.006008625030517578
0.006002187728881836
0.0060083866119384766
0.006008148193359375
0.006012439727783203
0.006005525588989258
0.0060329437255859375
0.005983829498291016
0.006000995635986328
0.005993843078613281
0.006994724273681641
0.0059947967529296875
0.00700068473815918
0.00600123405456543
0.006000995635986328
0.00600123405456543
0.00599980354309082
0.007014036178588867
0.0059986114501953125
0.006962776184082031
0.007002830505371094
0.005984067916870117
0.006001710891723633
0.006986141204833984
0.006994962692260742
0.006011962890625
0.006002902984619141
0.005986928939819336
0.005958080291748047
0.0055391788482666016
0.0060007572174072266
0.006001472473144531
0.006002187728881836
0.0060002803802490234
0.006018877029418945
0.006002187728881836
0.0060272216796875
0.006001710891723633
0.006006479263305664
0.005994558334350586
0.006020545959472656
0.006010532379150391
0.00702357292175293
0.0060002803802490234
0.007021427154541016
0.006013631820678711
0.005995988845825195
0.007002592086791992
0.006999492645263672
0.006007194519042969
0.005712270736694336
0.006006717681884766
0.006001949310302734
0.0070018768310546875
0.006000518798828125
0.006552219390869141
0.006001949310302734
0.007021188735961914
0.006013393402099609
0.006000995635986328
0.007007122039794922
0.00587153434753418
0.005732059478759766
0.006996870040893555
0.0059871673583984375
0.00657963752746582
0.00598907470703125
0.006021022796630859
0.006001472473144531
0.005982398986816406
0.006001472473144531
0.006989479064941406
0.005995035171508789
0.006000518798828125
0.006018400192260742
0.006033420562744141
0.006094932556152344
0.005994319915771484
0.007015228271484375
0.005993366241455078
0.005993843078613281
0.00598907470703125
0.005994319915771484
0.005564212799072266
0.007002115249633789
0.00600886344909668
0.006013393402099609
0.005995988845825195
0.0070037841796875
0.0070133209228515625
0.0060062408447265625
0.006039857864379883
0.00598907470703125
0.006006717681884766
0.0070018768310546875
0.0060214996337890625
0.00601959228515625
0.006983280181884766
0.006021022796630859
0.0065402984619140625
0.006001949310302734
0.00600886344909668
0.005998134613037109
0.006001949310302734
0.007012844085693359
0.006989240646362305
0.006135463714599609
0.0060079097747802734
0.006001472473144531
0.0069887638092041016
0.005995512008666992
0.006380558013916016
0.005994558334350586
0.007012367248535156
0.005953073501586914
0.00601959228515625
0.006123065948486328
0.006999015808105469
0.006002187728881836
0.0060007572174072266
0.006000995635986328
0.006997108459472656
0.007013082504272461
0.006987571716308594
0.006001472473144531
0.00600123405456543
0.006018400192260742
0.006014108657836914
0.00598907470703125
0.006016254425048828
0.0060007572174072266
0.006007194519042969
0.006014823913574219
0.005830049514770508
0.006001710891723633
0.006008148193359375
0.006008625030517578
0.007019758224487305
0.0070133209228515625
0.007009267807006836
0.007001161575317383
0.006006479263305664
0.005994081497192383
0.0070002079010009766
0.007033109664916992
0.006128072738647461
0.00700688362121582
0.007001161575317383
0.006027698516845703
0.007021188735961914
0.006007671356201172
0.005596160888671875
0.007012844085693359
0.007058620452880859
0.006995201110839844
0.00599980354309082
0.0060155391693115234
0.00600123405456543
0.007001399993896484
0.007004261016845703
0.006009101867675781
0.007001161575317383
0.0059931278228759766
0.0060062408447265625
0.0068206787109375
0.005994558334350586
0.00600433349609375
0.006628751754760742
0.007001161575317383
0.006001949310302734
0.006001949310302734
0.006021738052368164
0.005593299865722656
0.007002115249633789
0.007001638412475586
0.005995750427246094
0.007003068923950195
0.006020069122314453
0.007001638412475586
0.005995035171508789
0.006019115447998047
0.006001710891723633
0.006995439529418945
0.00599980354309082
0.005999088287353516
0.007004737854003906
0.006015777587890625
0.006013154983520508
0.007015705108642578
0.005020856857299805
0.0059969425201416016
0.005986690521240234
0.006989717483520508
0.006001472473144531
0.006028175354003906
0.006002187728881836
0.006665468215942383
0.006002187728881836
0.006687641143798828
0.007003307342529297
0.006985902786254883
0.007000446319580078
0.007015705108642578
0.005999088287353516
0.005995988845825195
0.006012678146362305
0.006041288375854492
0.006000518798828125
0.005494832992553711
0.005991697311401367
0.007034778594970703
0.006002902984619141
0.006000995635986328
0.006016731262207031
0.007001399993896484
0.0060007572174072266
0.0070133209228515625
0.0070002079010009766
0.007994413375854492
0.007033586502075195
0.005987405776977539
0.006010770797729492
0.005996227264404297
0.00600123405456543
0.005526065826416016
0.007008552551269531
0.006001949310302734
0.006002187728881836
0.0060024261474609375
0.006000041961669922
0.0060062408447265625
0.006020784378051758
0.006001472473144531
0.007008790969848633
0.006010293960571289
0.0060007572174072266
0.0060160160064697266
