1.9017388820648193
1.663527488708496
1.667520523071289
1.6270477771759033
1.805938482284546
1.5951733589172363
1.7497859001159668
1.8048949241638184
1.5986056327819824
1.845644235610962
1.5832757949829102
1.7586109638214111
1.6205720901489258
1.73972749710083
1.8063364028930664
1.6065640449523926
1.771845817565918
1.7893457412719727
1.684605360031128
1.6514708995819092
1.7910609245300293
1.796297311782837
1.6645352840423584
1.5771825313568115
1.7870073318481445
1.7966065406799316
1.637706995010376
1.6892955303192139
1.780174732208252
1.9005358219146729
1.6207222938537598
1.597952127456665
1.7976529598236084
1.602830171585083
1.5861754417419434
1.794921636581421
1.605879306793213
1.5857727527618408
1.7887821197509766
1.6344187259674072
1.5896341800689697
1.7971363067626953
1.6061031818389893
1.5870592594146729
1.7912461757659912
1.6015937328338623
1.6885387897491455
1.7876307964324951
1.6489450931549072
1.5816500186920166
1.79679274559021
1.5996758937835693
1.5854284763336182
1.7897582054138184
1.607835054397583
1.577711820602417
1.785381555557251
1.6007285118103027
1.5758814811706543
1.7974653244018555
1.6114847660064697
1.6380128860473633
1.5699377059936523
1.7223103046417236
1.795658826828003
1.567321538925171
1.7776885032653809
1.5763664245605469
1.7547581195831299
1.548086404800415
1.719571590423584
1.756216287612915
1.5635859966278076
1.7335405349731445
1.7855861186981201
1.597327470779419
1.5650227069854736
1.7265431880950928
1.7801649570465088
1.5947301387786865
1.5623095035552979
1.739461898803711
1.7792997360229492
1.6326889991760254
1.5670619010925293
1.7419109344482422
1.9842603206634521
1.8435664176940918
1.5970497131347656
1.7875943183898926
1.6078383922576904
1.5846970081329346
1.786327838897705
1.6069931983947754
1.5783982276916504
1.7798290252685547
1.600316047668457
1.582765817642212
1.9025824069976807
1.6112399101257324
1.590991735458374
1.8245532512664795
1.6266191005706787
1.5743165016174316
1.7845170497894287
1.6069366931915283
1.585261344909668
1.7889869213104248
1.6047329902648926
1.5952003002166748
1.7924716472625732
1.605337142944336
1.5935184955596924
1.8180031776428223
1.6084239482879639
1.589843511581421
1.8076503276824951
1.6115937232971191
1.6263768672943115
1.5582647323608398
1.7421834468841553
1.7648892402648926
1.5753848552703857
1.7658121585845947
1.5548021793365479
1.7638895511627197
1.5549776554107666
1.7229206562042236
1.781789779663086
1.5624151229858398
1.738610029220581
1.7753221988677979
1.586524248123169
1.5628397464752197
1.748795986175537
1.7979555130004883
1.600501537322998
1.5700366497039795
1.7407164573669434
1.782698392868042
1.58595609664917
1.5842127799987793
1.7439825534820557
1.8056385517120361
1.6368510723114014
1.57658052444458
1.7902894020080566
1.5899851322174072
1.5826261043548584
1.7992770671844482
1.614032506942749
1.586235523223877
1.7904853820800781
1.6288316249847412
1.5867083072662354
1.792438268661499
1.6013436317443848
1.585759162902832
1.8047888278961182
1.6066343784332275
1.5758254528045654
1.797508955001831
1.6136856079101562
1.5834136009216309
1.7912254333496094
1.5990869998931885
1.5858087539672852
1.7912533283233643
1.598109483718872
1.5802769660949707
1.8768384456634521
1.6215338706970215
1.5871069431304932
1.7845208644866943
1.626265525817871
1.5909323692321777
1.552081823348999
1.737135410308838
1.7593333721160889
1.5696654319763184
1.7590794563293457
1.565230131149292
1.7559032440185547
1.5667133331298828
1.719456434249878
1.7525513172149658
1.5607037544250488
1.752178430557251
1.8317382335662842
1.5996413230895996
1.564880609512329
1.740373134613037
1.7907354831695557
1.5900397300720215
1.558882474899292
1.7320728302001953
1.7847437858581543
1.5995864868164062
1.567136526107788
1.7375710010528564
1.8063573837280273
1.6075632572174072
1.577275037765503
1.7921993732452393
1.64052414894104
1.5904877185821533
1.7976760864257812
1.607469081878662
1.583223819732666
1.7962427139282227
1.6074564456939697
1.5801196098327637
1.7910616397857666
1.6090002059936523
1.5886425971984863
1.7968637943267822
1.6030933856964111
1.5815720558166504
1.7951033115386963
1.6135873794555664
1.578658103942871
1.7949814796447754
1.5970606803894043
1.5862505435943604
1.8058974742889404
1.59657883644104
1.5782139301300049
1.7906568050384521
1.608424186706543
1.5802953243255615
1.7977101802825928
1.6052093505859375
1.5945367813110352
1.5558524131774902
1.721252202987671
1.7761690616607666
1.569345235824585
1.771911382675171
1.5776207447052002
1.7604851722717285
1.5802290439605713
1.734316110610962
1.7591700553894043
1.560434341430664
1.7419469356536865
1.793980360031128
1.5897369384765625
1.565953016281128
1.7483313083648682
1.7921454906463623
1.6072478294372559
1.5676546096801758
1.7427780628204346
1.794672966003418
1.604285478591919
1.5633344650268555
1.7515442371368408
1.7947790622711182
1.6072697639465332
1.6039345264434814
1.7954812049865723
1.616497278213501
1.583153247833252
1.8382606506347656
1.6032991409301758
1.589216947555542
1.7988462448120117
1.615468978881836
1.5834145545959473
1.7933018207550049
1.6079208850860596
1.5842273235321045
1.7910737991333008
1.6027801036834717
1.5834486484527588
1.7952029705047607
1.6045262813568115
1.5983896255493164
1.793929100036621
1.6080889701843262
1.5853102207183838
1.7862889766693115
1.6090242862701416
1.5834524631500244
1.7916309833526611
1.6021785736083984
1.5791361331939697
1.7954635620117188
1.6091234683990479
1.5890305042266846
1.568690538406372
1.7171638011932373
1.7923393249511719
1.5736618041992188
1.7606096267700195
1.5637290477752686
1.751002550125122
1.556769847869873
1.7283358573913574
1.7538831233978271
1.5615229606628418
1.7385163307189941
1.7950093746185303
1.590071201324463
1.5656414031982422
1.7463760375976562
1.7842717170715332
1.594245195388794
1.6542479991912842
1.7454724311828613
1.7861888408660889
1.5973398685455322
1.559438705444336
1.7540884017944336
1.7971277236938477
1.5958588123321533
1.5865797996520996
1.794597864151001
1.602797508239746
1.5891931056976318
1.795356273651123
1.6337032318115234
1.578695297241211
1.8000051975250244
1.6096327304840088
1.5803186893463135
1.8027827739715576
1.63224458694458
1.6063625812530518
1.7923405170440674
1.596731424331665
1.595243215560913
1.7960104942321777
1.6077721118927002
1.5850141048431396
1.8000319004058838
1.6050338745117188
1.582373857498169
1.7911736965179443
1.6160764694213867
1.5877928733825684
1.792987585067749
1.6107525825500488
1.5785868167877197
1.8141183853149414
1.614577054977417
1.6068048477172852
1.5689036846160889
1.718930721282959
1.7800281047821045
1.5758030414581299
1.7731499671936035
1.5674407482147217
1.7590065002441406
1.5757133960723877
1.7210595607757568
1.7573633193969727
1.5811307430267334
1.7416858673095703
1.7806410789489746
1.5903229713439941
1.569230079650879
1.7532885074615479
1.7967283725738525
1.5982587337493896
1.5691664218902588
1.7441773414611816
1.7874021530151367
1.5893983840942383
1.5721526145935059
1.751371145248413
1.800417423248291
1.608985185623169
1.590402603149414
1.791189193725586
1.60774827003479
1.5831594467163086
1.8034892082214355
1.608567237854004
1.593888282775879
1.802448034286499
1.6089906692504883
1.5921423435211182
1.8028309345245361
1.6094281673431396
1.5914926528930664
1.8102302551269531
1.6037673950195312
1.5876655578613281
1.8108837604522705
1.631606101989746
1.587697982788086
1.8071322441101074
1.600229024887085
1.5920348167419434
1.7992563247680664
1.6414639949798584
1.5948586463928223
1.7889211177825928
1.6021482944488525
1.5929343700408936
1.800605297088623
1.6162004470825195
1.604813814163208
1.5638742446899414
1.7427561283111572
1.7897510528564453
1.5922133922576904
1.5634477138519287
1.7422449588775635
1.7841277122497559
1.6087210178375244
1.5813615322113037
1.7431166172027588
1.7978925704956055
1.6007122993469238
1.567687749862671
1.7590010166168213
1.7922914028167725
1.593339443206787
1.575613021850586
1.7392659187316895
1.7855327129364014
1.601933240890503
1.5569446086883545
1.7339026927947998
1.80873703956604
1.5970401763916016
1.5714032649993896
1.7538354396820068
1.8069038391113281
1.629638671875
1.5881609916687012
1.8064403533935547
1.6325607299804688
1.584153652191162
1.8009169101715088
1.618818998336792
1.5858800411224365
1.8135666847229004
1.6201605796813965
1.5894732475280762
1.8050916194915771
1.615586280822754
1.5876588821411133
1.7984964847564697
1.6138241291046143
1.605771780014038
2.015650987625122
1.7484610080718994
1.604189395904541
1.8324809074401855
1.6373560428619385
1.63157320022583
1.8575820922851562
1.649153709411621
1.651561975479126
1.8356177806854248
1.626631736755371
1.6336429119110107
1.8258094787597656
1.683992862701416
1.6411266326904297
1.6004316806793213
1.8021039962768555
1.8719401359558105
1.6663050651550293
1.6070616245269775
1.8356332778930664
1.8717153072357178
1.6680307388305664
1.5982120037078857
1.83707857131958
1.8643052577972412
1.6492993831634521
1.6135499477386475
1.802605390548706
1.908045768737793
1.6179537773132324
1.5788547992706299
1.7545874118804932
1.88838791847229
1.6244914531707764
1.6391675472259521
1.7570416927337646
1.7965638637542725
1.6127243041992188
1.6210975646972656
1.8760008811950684
1.8402576446533203
1.6990132331848145
1.6061890125274658
1.7952287197113037
1.655846357345581
1.690030813217163
1.8782727718353271
1.6788794994354248
1.6372125148773193
1.8929893970489502
1.6802253723144531
1.6075055599212646
1.8595845699310303
1.7112257480621338
1.6440436840057373
1.8986759185791016
1.6259770393371582
1.6007723808288574
1.8112542629241943
1.6276328563690186
1.5938262939453125
1.8097686767578125
1.6468513011932373
1.6578888893127441
1.8658785820007324
1.6559956073760986
1.656358003616333
