8.603283643722534
7.945391893386841
8.476972103118896
8.265139818191528
8.017794847488403
8.488584995269775
8.172724962234497
7.9821953773498535
8.65822148323059
8.214453935623169
9.902185440063477
8.932499885559082
10.172290802001953
10.483075141906738
10.645076751708984
10.543211221694946
10.315666437149048
10.909448146820068
9.67841100692749
9.445152044296265
11.384267330169678
11.373032808303833
7.665032386779785
11.816564321517944
11.967702388763428
11.699652671813965
10.20807433128357
9.958682775497437
11.137338638305664
9.932945013046265
11.984434843063354
12.332718849182129
9.457917213439941
13.807820796966553
8.812342166900635
13.712489366531372
9.275864601135254
13.44761061668396
9.581084251403809
10.33297610282898
11.627523183822632
11.330102682113647
11.451637029647827
8.539743900299072
12.554639339447021
10.689168214797974
10.98558235168457
9.344604253768921
12.270400762557983
8.34047532081604
9.763718128204346
12.02278995513916
11.71987795829773
11.69419240951538
10.224733829498291
10.03790283203125
10.979110479354858
12.736335277557373
8.511699676513672
11.766128301620483
12.719783067703247
9.477596044540405
10.065618753433228
10.956445932388306
11.53928804397583
9.701457738876343
11.02967357635498
10.609065771102905
11.67708444595337
9.483243703842163
10.344074487686157
9.388144731521606
10.402323246002197
9.763062953948975
9.68162488937378
9.295320510864258
10.973986864089966
10.899354934692383
10.045601606369019
12.123950958251953
10.636266231536865
10.32237720489502
11.200214624404907
11.967753171920776
11.139506578445435
9.41446328163147
12.431191205978394
