12.76391863822937
9.551923274993896
12.858178853988647
11.332669258117676
10.547208070755005
13.158409118652344
8.909902572631836
9.10004186630249
10.75275707244873
9.652520895004272
11.197956562042236
9.412261247634888
10.388575553894043
11.27973484992981
9.305891036987305
10.402517080307007
11.442867040634155
10.698275804519653
11.968886852264404
10.763030529022217
10.535172462463379
10.963905334472656
10.411192178726196
10.351435422897339
11.312559366226196
10.676742553710938
10.30742883682251
11.542701482772827
9.969862222671509
11.162479877471924
11.465891361236572
11.670295715332031
11.096210241317749
11.026148319244385
10.482714653015137
11.365647554397583
11.1918044090271
12.702323913574219
9.306678771972656
9.733638048171997
12.749399185180664
12.875595331192017
10.88919448852539
13.265353679656982
10.645230293273926
10.8460533618927
12.905635595321655
13.438329219818115
10.268162727355957
11.304382085800171
12.885568380355835
13.762761354446411
9.306179523468018
13.524168491363525
9.123323440551758
13.464446783065796
11.877408504486084
13.153977394104004
13.908836841583252
14.292736291885376
11.021727323532104
12.990230798721313
15.730837345123291
10.434892416000366
9.541913270950317
9.308937788009644
7.739460468292236
9.425483226776123
8.652352094650269
10.320351839065552
8.959434270858765
9.398557662963867
7.469967842102051
9.290851593017578
9.607420921325684
8.110718727111816
10.476832866668701
8.132395505905151
8.167267322540283
10.661580085754395
8.822271823883057
8.364613771438599
8.732004880905151
9.401455640792847
