12.069567203521729
10.421634912490845
12.655284404754639
11.032899379730225
9.47422194480896
12.903228998184204
12.95536732673645
9.56564450263977
12.1400785446167
11.15523099899292
12.684667825698853
11.846893310546875
11.569897651672363
13.084252119064331
11.512869119644165
12.654029846191406
14.585694074630737
10.944338083267212
15.430706977844238
9.364524364471436
16.54939842224121
11.168627262115479
14.331533193588257
10.98456597328186
14.66133427619934
14.507102012634277
11.471817255020142
13.380383014678955
14.741743087768555
10.148572444915771
16.086812019348145
10.498877763748169
15.480635643005371
10.179107189178467
13.888311386108398
12.640644073486328
13.17832088470459
14.491586446762085
12.349685192108154
10.961833477020264
9.64741325378418
9.823163032531738
9.916914939880371
10.611996412277222
9.650922775268555
9.397168159484863
9.480521440505981
10.386289596557617
9.047563314437866
10.210460662841797
9.13983678817749
9.558146953582764
10.129252910614014
9.842254400253296
10.082205772399902
9.979320287704468
9.673965692520142
10.303324699401855
8.088473796844482
12.562538146972656
10.330654382705688
11.256490707397461
7.480050563812256
8.423163652420044
6.648721933364868
7.221364736557007
6.950680732727051
7.264522314071655
6.889063596725464
7.199847459793091
7.102088451385498
7.728161096572876
7.801111698150635
7.766499042510986
7.301732778549194
7.51236367225647
7.657582759857178
8.364640474319458
8.017063856124878
8.7158842086792
8.347400426864624
8.69321894645691
7.5781354904174805
9.321106910705566
8.738567352294922
8.341500520706177
