8.62514042854309
9.280240058898926
6.921895742416382
9.473645687103271
8.802480220794678
9.591428279876709
10.35704755783081
8.453003644943237
8.782897472381592
10.677232265472412
9.448210000991821
9.498637437820435
9.834649324417114
11.324742317199707
10.353108167648315
9.62435507774353
10.604252338409424
9.985041856765747
8.737481594085693
10.202643632888794
10.992649793624878
11.454514980316162
8.791190385818481
11.15230107307434
12.776983737945557
9.4905686378479
12.15548586845398
11.752608060836792
11.686622142791748
9.428020000457764
15.358406066894531
8.18024492263794
14.899332761764526
10.3784921169281
7.777182579040527
7.369248628616333
7.558578014373779
7.399957180023193
8.865940570831299
8.535376787185669
8.541434526443481
8.337838411331177
9.178333044052124
8.427944421768188
8.95023250579834
8.451446533203125
9.250231981277466
8.824290037155151
9.401618480682373
7.903367042541504
8.574709415435791
7.8302953243255615
8.270943403244019
8.207130670547485
9.160891771316528
8.546334743499756
7.982719898223877
8.824793338775635
9.38809609413147
8.588608503341675
8.523865461349487
8.544498205184937
10.124777793884277
8.909118413925171
10.054369926452637
8.282867908477783
10.10442304611206
9.14637303352356
8.590109825134277
9.938944816589355
9.512766599655151
9.650643348693848
10.394497394561768
9.12287712097168
10.732669830322266
9.034405708312988
8.943995714187622
8.848620891571045
9.891857385635376
9.569812536239624
9.484520435333252
9.378851652145386
12.837378025054932
9.387026309967041
9.683594942092896
9.758243083953857
10.513245582580566
9.464638948440552
11.651949644088745
9.918184995651245
10.701293468475342
11.37130880355835
10.314181566238403
12.717358589172363
