0.018002033233642578
0.009996175765991211
0.011002063751220703
0.009000778198242188
0.012001991271972656
0.010004758834838867
0.008559465408325195
0.009981393814086914
0.035010337829589844
0.010544300079345703
0.01200413703918457
0.013003110885620117
0.03012871742248535
0.02000284194946289
0.11971163749694824
0.018005847930908203
0.06171774864196777
0.020011425018310547
0.024005651473999023
0.010998725891113281
0.016004085540771484
0.1895735263824463
0.012564897537231445
0.013070106506347656
0.016019582748413086
0.02801036834716797
0.1261463165283203
0.013000249862670898
0.019002199172973633
0.025005340576171875
0.031008243560791016
0.02000141143798828
0.020006418228149414
0.016646385192871094
0.019000768661499023
0.016001462936401367
0.01900339126586914
0.05625152587890625
0.016016721725463867
0.057007789611816406
0.019995689392089844
0.1984868049621582
0.018003225326538086
0.032010555267333984
0.04101061820983887
0.05957508087158203
0.04645943641662598
0.022003650665283203
0.020006179809570312
0.023551225662231445
0.05519270896911621
0.018004417419433594
0.018003225326538086
0.02083420753479004
0.04500889778137207
0.03900790214538574
0.06201457977294922
0.018999099731445312
0.02500748634338379
0.19737648963928223
0.022678136825561523
0.02100229263305664
0.05601310729980469
0.046002864837646484
0.026007652282714844
0.03600287437438965
0.209824800491333
0.028992891311645508
0.0301816463470459
0.07600975036621094
0.03199267387390137
0.027998924255371094
0.02902817726135254
0.03700542449951172
0.04900836944580078
0.08764410018920898
0.05401420593261719
0.11402416229248047
0.03400826454162598
0.029006004333496094
0.04100966453552246
0.09377217292785645
0.07902097702026367
0.027996301651000977
0.1270313262939453
0.0788259506225586
0.03200173377990723
