0.010000467300415039
0.015001773834228516
0.009997367858886719
0.01901865005493164
0.02000713348388672
0.010993480682373047
0.011004924774169922
0.02099442481994629
0.010003089904785156
0.010024547576904297
0.014853954315185547
0.014310121536254883
0.013544559478759766
0.01600337028503418
0.03217816352844238
0.02199697494506836
0.012695789337158203
0.019995450973510742
0.012997865676879883
0.014002561569213867
0.01800251007080078
0.0200045108795166
0.024503469467163086
0.014002561569213867
0.02764129638671875
0.042998552322387695
0.052033185958862305
0.016004085540771484
0.027239322662353516
0.035002946853637695
0.03000617027282715
0.016508102416992188
0.041211843490600586
0.016509056091308594
0.017466068267822266
0.0220034122467041
0.021614789962768555
0.01700758934020996
0.022005319595336914
0.027004003524780273
0.022005558013916016
0.02800726890563965
0.02601027488708496
0.031005144119262695
0.03301119804382324
0.08648848533630371
0.13402986526489258
0.025006532669067383
0.030008316040039062
0.023001670837402344
0.02600383758544922
0.028005123138427734
0.023006439208984375
0.021004438400268555
0.020787954330444336
0.050946950912475586
0.020842313766479492
0.02461409568786621
0.023009538650512695
0.08502364158630371
0.02199554443359375
0.05414295196533203
0.06532120704650879
0.029003143310546875
0.026025772094726562
0.03100728988647461
0.030004501342773438
0.055002450942993164
0.027004480361938477
0.030001163482666016
0.026051998138427734
0.055007219314575195
0.026996135711669922
0.030004501342773438
0.14997625350952148
0.08104491233825684
0.031098127365112305
0.09928226470947266
0.177886962890625
0.037007808685302734
0.03500866889953613
0.08804440498352051
0.0900275707244873
0.1000213623046875
0.0710139274597168
0.24341630935668945
0.0377964973449707
0.11530303955078125
0.14243769645690918
0.12792658805847168
0.03390383720397949
0.09402084350585938
0.03800368309020996
0.09902453422546387
