0.0019707679748535156
0.0026628971099853516
0.0009999275207519531
0.002000093460083008
0.002420186996459961
0.0020008087158203125
0.002002716064453125
0.0009930133819580078
0.0010004043579101562
0.0030019283294677734
0.0019969940185546875
0.0020012855529785156
0.0035164356231689453
0.0019989013671875
0.002002716064453125
0.004003763198852539
0.0029761791229248047
0.003993034362792969
0.0030014514923095703
0.0030019283294677734
0.004002571105957031
0.003001689910888672
0.002000570297241211
0.002999544143676758
0.004998445510864258
0.0019969940185546875
0.004003286361694336
0.00400090217590332
0.0040013790130615234
0.004003286361694336
0.005002498626708984
0.008523702621459961
0.017005443572998047
0.00899958610534668
0.004994392395019531
0.0050048828125
0.006000518798828125
0.0050008296966552734
0.011000633239746094
0.0049991607666015625
0.007000446319580078
0.007005214691162109
0.015002727508544922
0.014999151229858398
0.025416851043701172
0.014530420303344727
0.006324052810668945
0.007016420364379883
0.022365093231201172
0.02157282829284668
0.009001016616821289
0.028841733932495117
0.010999441146850586
0.024007797241210938
0.023006439208984375
0.03619980812072754
0.10237932205200195
0.013003110885620117
0.010002374649047852
0.06301403045654297
0.05408072471618652
0.012001752853393555
0.04596662521362305
0.01600503921508789
0.031005144119262695
0.014003992080688477
0.013432502746582031
0.014099359512329102
0.0694880485534668
0.018530607223510742
0.021202564239501953
0.07065272331237793
0.016002178192138672
0.019005775451660156
0.016103267669677734
0.017005443572998047
0.06372404098510742
0.02722644805908203
0.026274681091308594
0.04200410842895508
0.02600407600402832
0.019005775451660156
0.020993471145629883
0.02500605583190918
