0.002000093460083008
0.0038051605224609375
0.0010004043579101562
0.0029947757720947266
0.001985788345336914
0.002003908157348633
0.0030059814453125
0.0030145645141601562
0.003000974655151367
0.0019989013671875
0.0030012130737304688
0.002998828887939453
0.004004240036010742
0.0030012130737304688
0.003997325897216797
0.004681110382080078
0.003997802734375
0.002986907958984375
0.003000020980834961
0.001997709274291992
0.005005359649658203
0.005005359649658203
0.006005764007568359
0.003999233245849609
0.002999544143676758
0.005998134613037109
0.003010272979736328
0.0052490234375
0.003998756408691406
0.003998279571533203
0.006002902984619141
0.006998300552368164
0.00500178337097168
0.010006427764892578
0.003998994827270508
0.015002965927124023
0.006000995635986328
0.010005712509155273
0.0060007572174072266
0.007004976272583008
0.00600123405456543
0.006990194320678711
0.009000062942504883
0.007053852081298828
0.014003992080688477
0.021999120712280273
0.02313518524169922
0.01399850845336914
0.020009756088256836
0.03900647163391113
0.032961368560791016
0.00800323486328125
0.00899195671081543
0.009529352188110352
0.010001182556152344
0.013002157211303711
0.013004064559936523
0.03900909423828125
0.0382845401763916
0.05501127243041992
0.04644608497619629
0.016486406326293945
0.013999223709106445
0.01600503921508789
0.0160369873046875
0.015001535415649414
0.01500248908996582
0.02000570297241211
0.015138864517211914
0.01600027084350586
0.015064477920532227
0.020005226135253906
0.024009227752685547
0.042484283447265625
0.01700448989868164
0.024011611938476562
0.018004655838012695
0.03750777244567871
0.020006179809570312
0.06219482421875
0.02600407600402832
0.021058082580566406
0.05901217460632324
0.027601003646850586
0.030166149139404297
0.049008846282958984
