11.948426485061646
9.349307298660278
12.725602149963379
11.10283374786377
10.315589666366577
13.028124332427979
8.68935251235962
8.971787929534912
10.635363578796387
9.4454665184021
11.014829397201538
9.27259635925293
10.13867712020874
11.142703533172607
9.174262285232544
10.131700277328491
11.200736045837402
10.362792491912842
11.785846471786499
10.63866925239563
10.400925874710083
10.845451593399048
10.280117988586426
10.240754127502441
11.183804512023926
10.55110239982605
10.167396783828735
11.400304317474365
9.721768856048584
11.031221628189087
11.31494140625
11.360239505767822
10.80987024307251
10.773019075393677
10.36968731880188
11.22355341911316
11.071782112121582
12.570296287536621
9.030972957611084
9.61759352684021
12.609615564346313
12.741031408309937
10.609992980957031
13.038313150405884
10.312212228775024
10.566562414169312
12.768770456314087
13.30658483505249
9.992748498916626
10.957945585250854
12.74853801727295
13.46968412399292
9.170607805252075
13.258708953857422
8.840678691864014
13.133020877838135
11.316988468170166
13.008428812026978
13.774807691574097
13.95833444595337
10.700238466262817
12.849937915802002
15.484834671020508
10.275089025497437
9.393618106842041
9.141221761703491
7.617758512496948
9.29749059677124
8.332236289978027
10.18079161643982
8.801201820373535
9.057305574417114
7.327804088592529
9.157823324203491
9.477254867553711
7.96817421913147
10.135977029800415
7.965633392333984
8.008959770202637
10.402942180633545
8.669246196746826
8.230040311813354
8.599361658096313
9.248129606246948
