1.05983567237854
0.03624153137207031
0.014004945755004883
0.0430140495300293
0.014200687408447266
0.014000654220581055
0.03768277168273926
0.041268348693847656
0.058982133865356445
0.01600360870361328
0.03500986099243164
0.03000640869140625
0.058014631271362305
0.029328346252441406
0.04601240158081055
0.0460052490234375
0.05418038368225098
0.015992164611816406
0.026007652282714844
0.014987707138061523
0.031008243560791016
0.05312681198120117
0.07804512977600098
0.023814678192138672
0.017520427703857422
0.0353085994720459
0.014002799987792969
0.0460057258605957
0.016001462936401367
0.022023439407348633
0.027008533477783203
0.06200981140136719
0.02200627326965332
0.0492403507232666
0.01499795913696289
0.03301072120666504
0.022010326385498047
0.04399871826171875
0.02524566650390625
0.021005868911743164
0.13703227043151855
0.016004562377929688
0.04433631896972656
0.6060614585876465
0.41526246070861816
0.713376522064209
0.036003828048706055
0.04200458526611328
0.02995014190673828
0.02801060676574707
0.05301380157470703
0.017066478729248047
0.08152008056640625
0.013003110885620117
0.01802515983581543
0.02262139320373535
0.021002769470214844
0.03700757026672363
0.03200411796569824
0.3410019874572754
0.0377497673034668
0.01600193977355957
0.11100602149963379
0.22396421432495117
0.017006874084472656
0.09653091430664062
0.12385678291320801
0.32033252716064453
0.012015581130981445
0.017003774642944336
0.19857549667358398
0.021004438400268555
0.029010772705078125
0.013003349304199219
0.014998435974121094
0.02238321304321289
0.01900625228881836
0.03100872039794922
0.019387483596801758
0.03500795364379883
0.012921333312988281
0.01299905776977539
0.02499699592590332
0.032004594802856445
0.020001888275146484
0.01762700080871582
