8.231162071228027
7.610080718994141
8.086220979690552
7.9319541454315186
7.659441947937012
8.153312683105469
7.820867300033569
7.6607489585876465
7.897212028503418
7.906778812408447
9.54230546951294
8.579631805419922
9.24122929573059
9.709218978881836
9.894153833389282
9.848544120788574
9.557967901229858
9.937204122543335
8.77471375465393
9.14389419555664
11.065218448638916
10.492986917495728
7.300238132476807
11.407708406448364
11.594340801239014
10.868415117263794
9.017944812774658
9.623291492462158
10.476937532424927
9.017782926559448
11.164510726928711
11.660601615905762
9.083320379257202
13.37734055519104
8.421878099441528
13.248191118240356
8.887670278549194
12.50126600265503
9.251572132110596
9.491337299346924
11.286731481552124
9.937182188034058
11.142390489578247
8.059558629989624
11.741029500961304
9.72799563407898
10.088001012802124
8.972906112670898
11.951171159744263
7.991192817687988
8.895462989807129
11.686306715011597
11.365060806274414
11.379707098007202
9.606954336166382
9.570291996002197
10.102974891662598
12.399900674819946
8.190127611160278
10.479228258132935
12.363897323608398
9.13357162475586
9.21956992149353
10.337738275527954
11.081541538238525
8.969385862350464
10.051022291183472
10.27287483215332
11.012758016586304
9.014429807662964
9.864973306655884
8.97050142288208
10.012850284576416
9.263985633850098
8.71928882598877
8.261496543884277
10.05814242362976
9.754783153533936
9.508870124816895
11.738233089447021
9.94733452796936
9.341516733169556
10.427598476409912
11.610937595367432
10.070122957229614
8.576844215393066
12.096193313598633
