10.800306558609009
10.202576160430908
12.532713890075684
10.727832078933716
9.352920293807983
12.766030311584473
12.695482969284058
9.266274213790894
11.804288148880005
11.033205509185791
12.421195983886719
11.653166770935059
11.154243469238281
12.849085092544556
11.248879671096802
12.384296417236328
14.317755460739136
10.816324472427368
15.240035057067871
9.23336935043335
16.34521794319153
10.882663488388062
13.96936845779419
10.848711490631104
14.536035299301147
14.24485468864441
11.345632076263428
13.079318761825562
14.61870813369751
10.0088951587677
15.916650772094727
10.190661907196045
15.309524297714233
9.867284059524536
13.752088785171509
12.387717485427856
13.029609203338623
14.18662166595459
12.212377786636353
10.813124656677246
9.410344362258911
9.704606294631958
9.70967721939087
9.890732765197754
9.041586875915527
8.444003582000732
9.18833875656128
10.129012107849121
8.81753945350647
9.962949275970459
8.854979515075684
9.430242538452148
9.941519975662231
9.711697816848755
9.957176446914673
9.845165729522705
9.511857986450195
10.025622606277466
7.8297119140625
11.913437604904175
10.045015573501587
11.113303422927856
7.240490198135376
8.054744958877563
6.510289669036865
7.000898838043213
6.714695930480957
6.811747312545776
6.764581680297852
7.054813385009766
6.791318893432617
7.580075025558472
7.591708660125732
7.6041178703308105
7.165189266204834
7.36188006401062
7.4955480098724365
8.091917037963867
7.867590427398682
8.42463755607605
8.191301345825195
8.559099435806274
7.358090877532959
9.13387417793274
8.566222906112671
8.13683032989502
