8.286532163619995
8.63190770149231
6.601804256439209
8.728516340255737
7.99354362487793
9.256637334823608
9.903822422027588
7.582076549530029
8.42725396156311
10.369056940078735
8.874999046325684
9.084688425064087
9.46596384048462
10.929657936096191
9.473190307617188
8.736236810684204
10.23857855796814
9.316855907440186
8.387594223022461
9.8357253074646
10.376449346542358
10.906944751739502
7.996540069580078
10.743424892425537
12.237454891204834
8.609995126724243
11.248694896697998
11.117895603179932
10.914652109146118
8.395588636398315
14.293242931365967
7.845783233642578
13.773873567581177
9.980858087539673
7.356006383895874
6.962098598480225
7.200500011444092
7.048015594482422
8.490282773971558
8.014647245407104
8.135584592819214
7.923271179199219
8.775463342666626
8.005704402923584
8.387383222579956
7.985624074935913
8.516353845596313
8.221489429473877
8.929736614227295
7.541465759277344
8.185271263122559
7.406749248504639
7.84619402885437
7.840024709701538
8.811806678771973
7.772770166397095
7.627434968948364
8.46116828918457
9.053165674209595
8.095762729644775
8.166242361068726
8.10157322883606
9.439551830291748
8.104401588439941
9.693045616149902
7.677961111068726
9.681726217269897
8.391014575958252
8.2649667263031
9.507800102233887
9.1574387550354
9.040409088134766
9.865016222000122
8.79156756401062
9.690569162368774
8.10752820968628
8.653818607330322
7.9482810497283936
9.192375421524048
9.17756724357605
9.104670524597168
8.809678077697754
11.400219440460205
8.398925542831421
8.888812065124512
8.56781554222107
10.171300888061523
8.92761492729187
10.666085958480835
9.022146701812744
10.335638761520386
10.441348791122437
9.822575807571411
11.357591390609741
