0.6462452411651611
0.0250089168548584
0.020003318786621094
0.049012184143066406
0.03622269630432129
0.01900768280029297
0.034006357192993164
0.01699542999267578
0.017385482788085938
0.032010555267333984
0.04100537300109863
0.02100992202758789
0.0367588996887207
0.01700305938720703
0.02373528480529785
0.046006202697753906
0.031012773513793945
0.03700733184814453
0.028005123138427734
0.017548561096191406
0.015003204345703125
0.014367103576660156
0.021007537841796875
0.01466226577758789
0.016004562377929688
0.015017986297607422
0.022005796432495117
0.019003629684448242
0.03403592109680176
0.02000284194946289
0.017818927764892578
0.033010244369506836
0.04201173782348633
0.03498053550720215
0.014020204544067383
0.015003681182861328
0.015009164810180664
0.018000364303588867
0.03917264938354492
0.015003681182861328
0.01874995231628418
0.014535188674926758
0.04201555252075195
0.030003786087036133
0.040010690689086914
0.02300739288330078
0.014947175979614258
0.015707731246948242
0.03500247001647949
0.0350034236907959
0.018002033233642578
0.045073747634887695
0.014004230499267578
0.03200268745422363
0.032018184661865234
0.03600907325744629
0.04801058769226074
0.020088672637939453
0.01300358772277832
0.03546309471130371
0.03680419921875
0.02000284194946289
0.02800583839416504
0.017002105712890625
0.01403951644897461
0.025298595428466797
0.01400303840637207
0.014011383056640625
0.033029794692993164
0.015005350112915039
0.019800662994384766
0.030009746551513672
0.015033245086669922
0.01300954818725586
0.014000892639160156
0.020005464553833008
0.03413867950439453
0.017510175704956055
0.01700305938720703
0.028998136520385742
0.016994237899780273
0.018545150756835938
0.013996601104736328
0.020294904708862305
