0.25058674812316895
0.5089442729949951
0.22706294059753418
0.565086841583252
0.6132862567901611
0.22400975227355957
0.32285618782043457
0.6568889617919922
0.23361444473266602
0.19479823112487793
0.42232751846313477
0.2887289524078369
0.2531163692474365
0.25993990898132324
0.6605086326599121
0.6620652675628662
0.24515318870544434
0.4921410083770752
0.22130298614501953
0.23861098289489746
0.47107672691345215
0.38443803787231445
0.6057536602020264
0.29764413833618164
0.3542189598083496
0.6675243377685547
0.6399989128112793
0.49068164825439453
0.5506904125213623
0.7624146938323975
0.836115837097168
0.21909141540527344
0.8902006149291992
0.272510290145874
0.29860734939575195
0.2651185989379883
0.20845246315002441
0.21987628936767578
0.23251891136169434
0.35569334030151367
0.2678203582763672
0.25853443145751953
0.2658393383026123
0.2627248764038086
0.3716912269592285
0.25361037254333496
0.351593017578125
0.44512391090393066
0.3158445358276367
0.22086477279663086
0.2418537139892578
0.27051568031311035
0.2897186279296875
0.2420668601989746
0.2198960781097412
0.5615777969360352
0.22805142402648926
0.22226715087890625
0.214918851852417
0.2302110195159912
0.2270195484161377
0.2349390983581543
0.4458324909210205
0.6299746036529541
0.22974610328674316
0.4477818012237549
0.28067874908447266
0.5165441036224365
0.19800376892089844
0.27728700637817383
0.23112273216247559
0.37978148460388184
0.3740866184234619
0.1882765293121338
0.6484265327453613
0.6389245986938477
0.16303634643554688
0.5813446044921875
0.3301808834075928
0.23721051216125488
0.24152231216430664
0.2704002857208252
1.1570401191711426
0.6807188987731934
0.5617270469665527
0.7480647563934326
0.19333100318908691
0.24413323402404785
0.6621263027191162
0.5905413627624512
0.21417760848999023
0.6623485088348389
0.3353598117828369
1.0258445739746094
