0.20107698440551758
0.21970605850219727
0.2537229061126709
0.22111153602600098
0.22332191467285156
0.20816516876220703
0.24385404586791992
0.20624876022338867
0.5058131217956543
0.1855781078338623
0.226975679397583
0.23651385307312012
0.6539280414581299
0.5406851768493652
0.45923423767089844
0.5006260871887207
0.482435941696167
0.6871752738952637
0.6628577709197998
0.17566657066345215
0.20028400421142578
0.5444176197052002
0.24120664596557617
0.3015460968017578
0.24633240699768066
0.6322486400604248
0.8420984745025635
0.21710658073425293
0.4668419361114502
0.6527760028839111
0.5853478908538818
0.49411940574645996
0.23604416847229004
0.29809021949768066
0.26745176315307617
0.3312668800354004
0.25426387786865234
0.5609719753265381
0.21391987800598145
0.593264102935791
0.19822931289672852
0.8769004344940186
0.18721342086791992
0.2181262969970703
0.583214282989502
0.6640362739562988
0.6323971748352051
0.23712420463562012
0.19720196723937988
0.21712779998779297
0.6027681827545166
0.22042346000671387
0.22470545768737793
0.19007039070129395
0.38573265075683594
0.21159887313842773
0.5867691040039062
0.20940732955932617
0.19453668594360352
0.7678482532501221
0.21850848197937012
0.22044634819030762
0.5991611480712891
0.4231138229370117
0.2939009666442871
0.5095305442810059
0.5586891174316406
0.18712115287780762
0.4996356964111328
0.26521754264831543
0.32031774520874023
0.28007936477661133
0.25751161575317383
0.34174251556396484
0.719703197479248
0.716876745223999
0.690953254699707
0.8215072154998779
0.38886213302612305
0.24660420417785645
0.4958934783935547
0.674039363861084
0.5180826187133789
0.2122349739074707
0.7613143920898438
0.5358974933624268
0.19565439224243164
