9.049732446670532
7.370152235031128
7.391836166381836
6.897642374038696
6.4118711948394775
6.411082744598389
6.052684783935547
6.6697893142700195
6.364600896835327
6.129835605621338
6.250040531158447
6.789519548416138
6.804467678070068
6.4824488162994385
6.439887523651123
6.622282266616821
7.010826349258423
6.891165256500244
6.424086809158325
6.323976516723633
6.543886423110962
7.009272813796997
6.719861745834351
7.426496267318726
6.614804744720459
6.607572078704834
7.11084771156311
7.12267279624939
7.382614612579346
6.949810028076172
7.099687099456787
8.086488008499146
7.3032965660095215
6.991359710693359
6.352474212646484
6.443988800048828
7.4380574226379395
7.105891227722168
6.71558403968811
7.011663913726807
7.134327173233032
7.6011810302734375
7.146180868148804
7.583609342575073
7.124597072601318
7.96903133392334
7.774385452270508
7.464202404022217
8.18245530128479
8.073442220687866
7.434859991073608
8.011810779571533
7.532187461853027
7.219763278961182
8.070376873016357
8.490112066268921
7.461597681045532
8.41720986366272
7.673181772232056
7.6208062171936035
7.828048229217529
8.045623540878296
7.502685308456421
8.018678188323975
8.327941656112671
6.824105262756348
8.330388307571411
9.04123592376709
7.79831075668335
8.586652278900146
8.348970174789429
8.268253803253174
8.513091564178467
8.992062330245972
9.257105112075806
8.901853561401367
8.824376821517944
9.29563021659851
8.895081043243408
9.961309671401978
9.053247928619385
8.429240942001343
11.097808361053467
7.515185356140137
10.641882181167603
9.365203619003296
8.55982756614685
10.7481529712677
7.392333984375
9.803020238876343
10.486213445663452
8.953502893447876
8.931930303573608
10.004605054855347
9.131496667861938
9.264219999313354
11.479237794876099
7.908628225326538
12.85986852645874
7.88029670715332
13.18028998374939
6.581278324127197
12.459378480911255
7.272381782531738
10.909331798553467
10.104363918304443
10.682339191436768
10.078110218048096
8.946189880371094
13.305640935897827
6.546736001968384
14.018972158432007
