9.999837160110474
16.01702094078064
7.185708522796631
15.341907501220703
10.56766939163208
9.580435991287231
10.950109243392944
8.669433832168579
10.07587194442749
8.063629150390625
13.321471691131592
6.661323308944702
10.733232736587524
11.33504867553711
8.50438904762268
13.008641958236694
6.287069320678711
12.746626615524292
9.385527849197388
7.037976264953613
12.341453552246094
8.3380765914917
11.63196063041687
11.22142243385315
14.007206916809082
6.922706604003906
10.702003002166748
7.869738578796387
11.603882551193237
8.808899164199829
10.780961751937866
9.691555738449097
9.905807495117188
13.186862468719482
8.089492082595825
9.427887439727783
13.318858623504639
8.310952425003052
7.7349138259887695
6.040576934814453
6.4116761684417725
6.412452936172485
5.9619972705841064
5.883978843688965
6.124029159545898
6.012474536895752
6.02435827255249
6.197994947433472
6.185439825057983
6.386706590652466
6.249706029891968
6.080996513366699
6.046762704849243
6.512592792510986
6.603028774261475
6.151148319244385
6.347123146057129
6.045936822891235
6.302837133407593
6.395390033721924
6.264621019363403
6.231916189193726
6.426736116409302
6.2367706298828125
6.217641830444336
6.42529821395874
6.300440549850464
6.100811719894409
6.283603191375732
6.4351584911346436
5.994776964187622
6.40301251411438
6.156271696090698
6.168334484100342
6.148965120315552
6.140445947647095
6.223446846008301
6.416074514389038
6.222780704498291
6.3331618309021
6.367961645126343
6.152225494384766
6.068421840667725
6.533704042434692
6.566784143447876
6.4848010540008545
6.61910343170166
6.050452470779419
6.260410308837891
6.557334899902344
6.110184669494629
6.547146797180176
6.767252445220947
6.457343339920044
6.513696908950806
6.9532551765441895
6.797180891036987
6.946886301040649
6.9543139934539795
6.3900439739227295
6.662899971008301
6.669184446334839
6.402350664138794
7.015647888183594
6.845006227493286
6.3707005977630615
7.174255847930908
6.756007671356201
6.5076682567596436
7.0140087604522705
6.738775014877319
6.703235149383545
6.5900068283081055
6.59999418258667
6.963224411010742
6.9899351596832275
7.100438356399536
