12.252533674240112
15.061084985733032
10.422542572021484
13.565659046173096
8.406332731246948
13.18652868270874
9.532171249389648
13.514248609542847
10.02400803565979
12.314215421676636
9.060301065444946
13.419734239578247
9.204898118972778
13.984078645706177
10.591699600219727
8.527858018875122
13.854336977005005
8.963037967681885
13.965851783752441
10.981735467910767
7.245373010635376
7.293970108032227
7.668540716171265
7.920985460281372
7.809246063232422
7.840258598327637
7.596255540847778
7.646352052688599
7.712831258773804
8.31807255744934
8.064613103866577
8.655234336853027
7.998414754867554
8.70136833190918
8.524304866790771
7.683003902435303
8.421467542648315
8.016508102416992
8.199440002441406
7.690893650054932
7.987012624740601
8.091662883758545
7.923079490661621
8.989557981491089
8.323430299758911
8.98415493965149
9.493707418441772
8.509443044662476
9.221243143081665
10.218817710876465
8.850285768508911
9.45630955696106
9.53779125213623
8.930115699768066
10.334697723388672
9.860366582870483
9.293865442276001
10.12787127494812
9.781384468078613
10.489661693572998
9.81210732460022
10.220809698104858
10.17327094078064
10.242310523986816
9.990494012832642
10.057761907577515
10.16956877708435
9.667474031448364
9.979479789733887
9.830682039260864
10.988203287124634
9.769022941589355
10.021666049957275
11.21949291229248
10.866565704345703
8.511981964111328
9.837612390518188
10.682145118713379
11.740586996078491
9.93893837928772
12.062186479568481
11.01779580116272
11.112266540527344
11.514719247817993
11.805184602737427
11.712175846099854
10.650043964385986
12.177054405212402
13.602598905563354
10.517310380935669
13.560220718383789
