6.265222549438477
5.883290529251099
6.2518041133880615
6.124772071838379
6.117190361022949
5.992470026016235
6.443134069442749
5.968087673187256
6.391078472137451
5.9417054653167725
6.296220064163208
6.65890097618103
6.319274663925171
6.519946575164795
7.163174629211426
6.788025140762329
7.02545690536499
6.910078048706055
7.0139288902282715
7.326690673828125
7.067840576171875
7.125309705734253
7.572168588638306
7.728289365768433
7.439172983169556
7.86958384513855
7.780335903167725
7.453477382659912
8.16941785812378
7.507616758346558
7.834771156311035
7.784619092941284
7.9332005977630615
7.422337532043457
7.63692831993103
7.329329490661621
8.098764896392822
8.430022716522217
8.40746021270752
8.132895946502686
9.008496522903442
8.759294033050537
8.026354789733887
9.353543758392334
9.041188478469849
8.976174592971802
9.637756109237671
8.309895753860474
8.333774328231812
9.003265619277954
9.14486312866211
8.972768306732178
8.301342725753784
8.041348934173584
9.302539825439453
8.649039506912231
9.494934320449829
8.717094898223877
9.619373798370361
8.817315578460693
8.839842557907104
9.393696546554565
9.084118604660034
9.140655994415283
10.549153566360474
9.13663387298584
9.322888135910034
12.325319051742554
11.684335470199585
9.204232931137085
10.504043817520142
10.222732305526733
10.169291019439697
9.800211906433105
12.427578687667847
11.242142677307129
11.338357210159302
12.703733682632446
9.566011428833008
12.25581407546997
11.493197441101074
10.7500901222229
12.814745426177979
9.901118516921997
14.230207204818726
10.165383577346802
13.126652240753174
8.5250563621521
13.314994812011719
11.37527871131897
13.238396883010864
12.008222579956055
11.131537199020386
12.811819314956665
11.605824947357178
12.865384578704834
10.849302530288696
13.754777669906616
10.623796463012695
14.811241388320923
