0.0020134449005126953
0.002663135528564453
0.001990795135498047
0.003008127212524414
0.003001689910888672
0.000980377197265625
0.001997232437133789
0.0019991397857666016
0.0019991397857666016
0.0010004043579101562
0.004000663757324219
0.0029976367950439453
0.0021164417266845703
0.010004043579101562
0.0009953975677490234
0.005005598068237305
0.002001523971557617
0.0020024776458740234
0.0029993057250976562
0.0020036697387695312
0.0019865036010742188
0.0029990673065185547
0.0029993057250976562
0.0029990673065185547
0.020006418228149414
0.00800323486328125
0.007843732833862305
0.0060007572174072266
0.005991935729980469
0.0049991607666015625
0.00700068473815918
0.006999015808105469
0.0070035457611083984
0.004998445510864258
0.008994579315185547
0.006000995635986328
0.00600123405456543
0.006002902984619141
0.0060062408447265625
0.007002115249633789
0.004998683929443359
0.007003307342529297
0.007642030715942383
0.006001710891723633
0.007005214691162109
0.05901741981506348
0.00599980354309082
0.006925344467163086
0.2143409252166748
0.04201245307922363
0.007000446319580078
0.025005102157592773
0.00900888442993164
0.01818537712097168
0.0470118522644043
0.014558076858520508
0.009001493453979492
0.009002923965454102
0.00900578498840332
0.008001089096069336
0.007971763610839844
0.014002323150634766
0.01099705696105957
0.0180051326751709
0.009998083114624023
0.009002447128295898
0.011004447937011719
0.030008316040039062
0.011997461318969727
0.01700282096862793
0.15999102592468262
0.1050269603729248
0.015000581741333008
0.01700568199157715
0.09002518653869629
0.17203807830810547
0.012611627578735352
0.011115550994873047
0.011996269226074219
0.016011714935302734
0.01100301742553711
0.04801297187805176
0.012003660202026367
0.018007516860961914
0.010534048080444336
0.12159323692321777
0.02190685272216797
0.030299901962280273
0.012001514434814453
0.030727863311767578
0.03600597381591797
