0.0009999275207519531
0.0010006427764892578
0.0010006427764892578
0.0010018348693847656
0.0009999275207519531
0.0010020732879638672
0.0010018348693847656
0.0009999275207519531
0.002000570297241211
0.0010001659393310547
0.0020020008087158203
0.0010046958923339844
0.0009970664978027344
0.0019986629486083984
0.0010001659393310547
0.0019981861114501953
0.002076864242553711
0.0010008811950683594
0.0009982585906982422
0.0020003318786621094
0.0009899139404296875
0.001998424530029297
0.002002239227294922
0.001999378204345703
0.002994060516357422
0.003000974655151367
0.00404667854309082
0.004003286361694336
0.00400233268737793
0.0050013065338134766
0.003996849060058594
0.004003047943115234
0.0040013790130615234
0.008986949920654297
0.007001638412475586
0.006000041961669922
0.006003618240356445
0.010001897811889648
0.00800013542175293
0.006003141403198242
0.006001710891723633
0.006002902984619141
0.006995439529418945
0.007001399993896484
0.012000799179077148
0.006003618240356445
0.010003805160522461
0.008002519607543945
0.008549928665161133
0.0070018768310546875
0.007342338562011719
0.007996082305908203
0.006987094879150391
0.007999181747436523
0.010002851486206055
0.008002042770385742
0.015000343322753906
0.00899958610534668
0.009001016616821289
0.008003950119018555
0.009001493453979492
0.01021575927734375
0.00799870491027832
0.008001327514648438
0.009001493453979492
0.015001058578491211
0.01199793815612793
0.01600337028503418
0.013000726699829102
0.01598954200744629
0.020003795623779297
0.010002851486206055
0.010190010070800781
0.017003774642944336
0.02001500129699707
0.0160062313079834
0.013621330261230469
0.010001897811889648
0.011002779006958008
0.014004230499267578
0.018068313598632812
0.016002178192138672
0.02000880241394043
0.011001825332641602
0.013002634048461914
0.023022890090942383
0.014004945755004883
0.022004365921020508
0.02635788917541504
0.013002872467041016
0.012006998062133789
0.02200937271118164
0.01200246810913086
0.013001680374145508
0.024138689041137695
0.014007091522216797
0.019003629684448242
0.017168045043945312
0.016001462936401367
0.01600360870361328
0.01700282096862793
0.014003753662109375
0.015002965927124023
0.06501436233520508
0.013000965118408203
0.022006511688232422
0.027855873107910156
0.022004365921020508
0.018004179000854492
0.022525548934936523
0.015770673751831055
0.07748723030090332
