0.006001949310302734
0.008061408996582031
0.00800013542175293
0.008011102676391602
0.009005546569824219
0.010009527206420898
0.007999897003173828
0.012005329132080078
0.008001565933227539
0.010002613067626953
0.010017156600952148
0.010999917984008789
0.016002655029296875
0.008993864059448242
0.010001182556152344
0.010523319244384766
0.011003732681274414
0.008994579315185547
0.009000778198242188
0.012108564376831055
0.009000062942504883
0.009002208709716797
0.00899815559387207
0.008996963500976562
0.011001825332641602
0.01201176643371582
0.01703166961669922
0.01698446273803711
0.014003276824951172
0.01500391960144043
0.01500391960144043
0.013002634048461914
0.15303301811218262
0.019002914428710938
0.01399993896484375
0.04800581932067871
0.012004375457763672
0.011001825332641602
0.015000581741333008
0.023001909255981445
0.012999773025512695
0.01700425148010254
0.017107248306274414
0.012005329132080078
0.048653602600097656
0.02300429344177246
0.01700305938720703
0.015005350112915039
0.023003816604614258
0.06991434097290039
0.01600360870361328
0.010993480682373047
0.010999441146850586
0.012019157409667969
0.04150557518005371
0.0510103702545166
0.027011394500732422
0.0219724178314209
0.022005081176757812
0.02600264549255371
0.051006317138671875
0.024550676345825195
0.028415679931640625
0.051012516021728516
0.03501391410827637
0.05301094055175781
0.2054283618927002
0.03446459770202637
0.03600716590881348
0.06128239631652832
0.02300548553466797
0.032004356384277344
0.043828725814819336
0.0667259693145752
0.033186912536621094
0.050008535385131836
0.07239222526550293
0.10609650611877441
0.029565095901489258
0.04501080513000488
0.3038616180419922
0.02999711036682129
0.05202507972717285
0.030992746353149414
0.04701352119445801
0.06001853942871094
0.09401416778564453
0.1831989288330078
0.03235578536987305
0.050977230072021484
0.03356170654296875
0.2012481689453125
0.054007768630981445
0.05901360511779785
0.029012441635131836
0.09102058410644531
0.0469975471496582
0.3571028709411621
0.02800774574279785
0.04001259803771973
