0.020188331604003906
0.031005144119262695
0.016886234283447266
0.013026237487792969
0.010006904602050781
0.018999814987182617
0.011556863784790039
0.013009309768676758
0.01000070571899414
0.015001773834228516
0.01467585563659668
0.012002229690551758
0.01900768280029297
0.01100301742553711
0.017008543014526367
0.011573314666748047
0.009540796279907227
0.024004220962524414
0.010002851486206055
0.021062374114990234
0.011757612228393555
0.019000530242919922
0.015009403228759766
0.02000880241394043
0.017004966735839844
0.010998964309692383
0.024005413055419922
0.016303062438964844
0.022000789642333984
0.012990236282348633
0.0209503173828125
0.011990070343017578
0.026001453399658203
0.016573667526245117
0.013003110885620117
0.019011735916137695
0.02024531364440918
0.01454019546508789
0.017529010772705078
0.016004085540771484
0.01529073715209961
0.018007278442382812
0.01999950408935547
0.01900649070739746
0.01707005500793457
0.018004179000854492
0.01900315284729004
0.018092870712280273
0.021004199981689453
0.02100515365600586
0.01935744285583496
0.019002199172973633
0.0180051326751709
0.027007102966308594
0.021006345748901367
0.02201080322265625
0.018999338150024414
0.019580364227294922
0.025540828704833984
0.018623828887939453
0.019002914428710938
0.018012285232543945
0.02000570297241211
0.029953479766845703
0.018004655838012695
0.022021770477294922
0.019004106521606445
0.02099776268005371
0.024291515350341797
0.018001556396484375
0.01899242401123047
0.02058267593383789
0.01999044418334961
0.02900218963623047
0.02156233787536621
0.0260007381439209
0.023011207580566406
0.027611255645751953
0.022001266479492188
0.02199578285217285
0.022988557815551758
0.022002696990966797
0.021761178970336914
0.022410869598388672
0.023680925369262695
0.027006149291992188
0.02099776268005371
0.026998519897460938
0.02700495719909668
0.028389692306518555
0.02831864356994629
0.02600717544555664
0.03724384307861328
0.03000783920288086
0.0290071964263916
0.030005931854248047
0.03936290740966797
0.031098604202270508
0.034943342208862305
0.030005216598510742
0.03200674057006836
0.030547142028808594
0.03800702095031738
0.031018495559692383
0.03045368194580078
0.03610372543334961
0.03400778770446777
0.03461337089538574
0.024000167846679688
0.03500723838806152
0.025003671646118164
0.02468395233154297
0.029149532318115234
0.025005102157592773
0.03300762176513672
0.024003982543945312
0.0290067195892334
