11.297017812728882
14.770079374313354
10.10001015663147
13.397859811782837
8.182280540466309
13.059909582138062
9.246814250946045
13.376216888427734
9.799915313720703
12.13524866104126
8.827247142791748
13.141338109970093
8.968566179275513
13.68701696395874
10.484556674957275
8.316750049591064
13.63962697982788
8.766198635101318
13.694403648376465
10.863710641860962
7.119348049163818
7.093634366989136
7.52685284614563
7.790819883346558
7.543382406234741
7.69422459602356
7.445486307144165
7.487841844558716
7.580274820327759
8.187988042831421
7.918020486831665
8.504819631576538
7.866919994354248
8.566095352172852
8.27344536781311
7.538528919219971
8.281084060668945
7.858248710632324
8.047866344451904
7.5463645458221436
7.86595892906189
7.9430975914001465
7.749157905578613
8.861531019210815
8.164395093917847
8.685850858688354
9.35783839225769
8.355948209762573
8.770850419998169
9.984762191772461
8.71645474433899
9.142181158065796
9.407321691513062
8.671642303466797
9.945615768432617
9.659292697906494
9.156842231750488
9.951230525970459
9.651530027389526
10.325087785720825
9.674168348312378
9.991972923278809
9.9322190284729
10.017922639846802
9.830790042877197
9.888847827911377
10.015841960906982
9.418442964553833
9.814857006072998
9.604501724243164
10.5499587059021
9.38084363937378
9.785593748092651
10.955876588821411
10.50733494758606
8.011240482330322
9.700753211975098
10.539988040924072
11.58655595779419
9.685157537460327
11.916151523590088
10.69972562789917
10.970683097839355
11.258854627609253
11.670620918273926
11.270209312438965
10.355419635772705
11.838493347167969
13.44100570678711
10.215358972549438
13.25255799293518
