5.869108200073242
5.777935981750488
6.142719030380249
6.0207459926605225
6.0001630783081055
5.863438367843628
6.3091042041778564
5.846182823181152
6.2686240673065186
5.811399459838867
6.161142110824585
6.511998653411865
6.1705803871154785
6.388830661773682
7.025563716888428
6.652446985244751
6.880716323852539
6.781978607177734
6.885805368423462
7.1724348068237305
6.959280967712402
6.99657416343689
7.456144571304321
7.591200590133667
7.2944817543029785
7.738349676132202
7.559056758880615
7.267359495162964
7.999379396438599
7.3345787525177
7.6706414222717285
7.62358283996582
7.514866590499878
7.193852424621582
7.4256768226623535
7.047997713088989
7.951102256774902
8.296087980270386
8.242306470870972
7.860715866088867
8.86761212348938
8.57425832748413
7.859207391738892
9.227463006973267
8.743337392807007
8.773005962371826
9.459714889526367
8.143317699432373
8.186715602874756
8.685296297073364
8.983827114105225
8.836673021316528
8.173235416412354
7.913726568222046
9.117555856704712
8.390976428985596
9.32807731628418
8.468992948532104
9.4473295211792
8.674383878707886
8.598294734954834
9.258735418319702
8.951695203781128
8.905349016189575
10.339942693710327
8.862486839294434
8.901947498321533
12.135597229003906
11.489730834960938
8.905903100967407
10.357447624206543
10.066197156906128
9.89163851737976
9.54431438446045
12.260262727737427
10.935071468353271
11.08238434791565
12.29700231552124
9.411412477493286
11.512056827545166
10.858114004135132
10.582051753997803
12.56308889389038
9.765109300613403
13.992791652679443
9.86108946800232
12.826124906539917
8.076865196228027
13.159653186798096
11.083651065826416
13.08793020248413
11.577242612838745
10.846588134765625
12.522538900375366
11.466810941696167
12.570632934570312
10.587244272232056
13.064090251922607
10.488177061080933
14.533642530441284
