0.3936171531677246
0.025068044662475586
0.022702693939208984
0.013994932174682617
0.013995647430419922
0.012827396392822266
0.013009309768676758
0.014650344848632812
0.01500391960144043
0.016077041625976562
0.01300501823425293
0.01700448989868164
0.017016887664794922
0.017007827758789062
0.016544818878173828
0.01900315284729004
0.015004873275756836
0.015005350112915039
0.013006448745727539
0.017003536224365234
0.019028663635253906
0.019008636474609375
0.016001462936401367
0.012983560562133789
0.014003992080688477
0.029007434844970703
0.01702141761779785
0.013012886047363281
0.020003795623779297
0.025006771087646484
0.01400446891784668
0.02000594139099121
0.014014959335327148
0.014994144439697266
0.01903057098388672
0.014222145080566406
0.01400136947631836
0.016010761260986328
0.019999265670776367
0.019992589950561523
0.02001023292541504
0.018006324768066406
0.016003847122192383
0.028004169464111328
0.02100658416748047
0.01898646354675293
0.0290067195892334
0.016002893447875977
0.013005733489990234
0.030011653900146484
0.01900506019592285
0.01900625228881836
0.016002416610717773
0.022002458572387695
0.01800370216369629
0.017007827758789062
0.0319209098815918
0.015059709548950195
0.01299595832824707
0.01300048828125
0.019014596939086914
0.017008304595947266
0.014025211334228516
0.019515275955200195
0.01555180549621582
0.027013063430786133
0.03100728988647461
0.03300666809082031
0.03201007843017578
0.02700495719909668
0.03602766990661621
0.01600360870361328
0.014023065567016602
0.030007362365722656
0.02701282501220703
0.029005050659179688
0.034032344818115234
0.020998001098632812
0.016003847122192383
0.02200603485107422
0.03600358963012695
0.025002717971801758
0.03400611877441406
0.013515710830688477
0.01800537109375
0.030002355575561523
0.01700305938720703
0.029004812240600586
0.022003889083862305
0.040019989013671875
0.016286134719848633
0.035002946853637695
0.014002561569213867
0.015002727508544922
0.03605341911315918
0.015004158020019531
0.029996395111083984
0.028010129928588867
0.01500558853149414
0.030007600784301758
0.014003992080688477
0.016010522842407227
0.014513969421386719
0.025007247924804688
0.013002872467041016
0.03616166114807129
0.02600550651550293
0.032004594802856445
0.020004987716674805
0.030730009078979492
0.014535188674926758
0.0470128059387207
