0.31064939498901367
0.014002084732055664
0.014992475509643555
0.01400613784790039
0.01900196075439453
0.01999974250793457
0.02500462532043457
0.015071868896484375
0.019849538803100586
0.01799798011779785
0.019014596939086914
0.03254580497741699
0.01701641082763672
0.021004438400268555
0.025007009506225586
0.019005775451660156
0.020005226135253906
0.018073081970214844
0.02210688591003418
0.030562639236450195
0.014006376266479492
0.01600480079650879
0.014009237289428711
0.027010440826416016
0.02400493621826172
0.02000284194946289
0.033972978591918945
0.030020713806152344
0.02800464630126953
0.034006595611572266
0.025006771087646484
0.02300429344177246
0.04801297187805176
0.03300786018371582
0.037996530532836914
0.04200863838195801
0.02200627326965332
0.02213144302368164
0.02402210235595703
0.0530087947845459
0.02000594139099121
0.028006553649902344
0.030012845993041992
0.015001296997070312
0.04365348815917969
0.027010679244995117
0.028005123138427734
0.027006149291992188
0.015010595321655273
0.03900909423828125
0.01900506019592285
0.015010833740234375
0.013013362884521484
0.016609907150268555
0.027007341384887695
0.042008399963378906
0.024305105209350586
0.135040283203125
0.0440061092376709
0.01621532440185547
0.03280758857727051
0.014998435974121094
0.014993906021118164
0.02901768684387207
0.025003433227539062
0.030347347259521484
0.027000904083251953
0.026369571685791016
0.0250093936920166
0.03800225257873535
0.019001007080078125
0.018503904342651367
0.03510689735412598
0.029053449630737305
0.02000141143798828
0.054016828536987305
0.014006853103637695
0.07028555870056152
0.015002965927124023
0.527681827545166
0.0620265007019043
0.023017406463623047
0.02876567840576172
0.016005277633666992
0.026008129119873047
0.05173063278198242
0.03500938415527344
0.03700757026672363
0.013003349304199219
0.0540316104888916
0.01660633087158203
0.03601193428039551
0.0520176887512207
0.03200650215148926
0.012981891632080078
0.03225135803222656
0.03100752830505371
0.07897806167602539
0.015006780624389648
0.03220510482788086
