8.939706087112427
15.706064939498901
6.896235227584839
15.092480182647705
10.421165943145752
9.27843976020813
10.807466745376587
8.448842763900757
9.926841259002686
7.814030647277832
13.072113990783691
6.534295082092285
10.425171852111816
11.197968482971191
8.26232099533081
12.83756422996521
6.16943097114563
12.43994688987732
9.261880874633789
6.788057804107666
12.208052396774292
8.090929746627808
11.480364322662354
10.92349648475647
13.837604284286499
6.792675018310547
10.442933559417725
7.7350993156433105
11.326398849487305
8.691872358322144
10.518283128738403
9.56184458732605
9.652164220809937
12.989048957824707
7.953917503356934
9.160484075546265
13.045454740524292
8.162785768508911
7.61035943031311
5.901723623275757
6.258553504943848
6.270493030548096
5.839968204498291
5.756943941116333
5.995925188064575
5.885209083557129
5.893165111541748
6.05788254737854
6.04421329498291
6.250580787658691
6.11170768737793
5.946840286254883
5.919729232788086
6.345463275909424
6.45493221282959
6.018848180770874
6.223092794418335
5.922332286834717
6.163712978363037
6.256663084030151
6.13647198677063
6.1018853187561035
6.293706178665161
6.076935768127441
6.069053888320923
6.2811362743377686
6.15934419631958
5.973763704299927
6.137634992599487
6.298884153366089
5.8597190380096436
6.263463735580444
6.017238616943359
6.027409315109253
6.020378589630127
5.989064931869507
6.083822250366211
6.248182773590088
6.066685438156128
6.191131591796875
6.240872144699097
6.019807577133179
5.934325456619263
6.396072864532471
6.427490711212158
6.310447692871094
6.488928318023682
5.916282415390015
6.127774715423584
6.401281833648682
5.966857194900513
6.396103143692017
6.573618173599243
6.293975830078125
6.37261700630188
6.811223030090332
6.635763645172119
6.788870811462402
6.805201053619385
6.2402284145355225
6.510392665863037
6.514711856842041
6.237313985824585
6.8670501708984375
6.7037482261657715
6.21750545501709
7.010217666625977
6.6142258644104
6.36265230178833
6.8429765701293945
6.599749565124512
6.557404518127441
6.435028553009033
6.465970039367676
6.736227750778198
6.838632583618164
6.931401491165161
