0.7894670963287354
0.0453338623046875
0.056006669998168945
0.023767709732055664
0.039010047912597656
0.017009496688842773
0.046068668365478516
0.019006013870239258
0.04201149940490723
0.02399444580078125
0.03900909423828125
0.03500556945800781
0.03700423240661621
0.031006574630737305
0.01400303840637207
0.03600597381591797
0.029005765914916992
0.03801083564758301
0.035004377365112305
0.014000415802001953
0.020007610321044922
0.028109312057495117
0.014547109603881836
0.01600503921508789
0.03476858139038086
0.027006864547729492
0.02300572395324707
0.02600407600402832
0.01800251007080078
0.0180056095123291
0.026999711990356445
0.021815776824951172
0.019482851028442383
0.021004915237426758
0.03518486022949219
0.02047419548034668
0.01900458335876465
0.025069713592529297
0.01900649070739746
0.01801919937133789
0.014991044998168945
0.020001888275146484
0.022794485092163086
0.017009496688842773
0.021006107330322266
0.03100752830505371
0.018753528594970703
0.019738435745239258
0.0380098819732666
0.02500772476196289
0.015012502670288086
0.04169201850891113
0.017990827560424805
0.04401350021362305
0.04735302925109863
0.03059697151184082
0.01600360870361328
0.027570724487304688
0.018004417419433594
0.0220034122467041
0.01920175552368164
0.030003070831298828
0.03800511360168457
0.027011394500732422
0.01900005340576172
0.0270082950592041
0.019071340560913086
0.03602457046508789
0.02359795570373535
0.030008554458618164
0.0425419807434082
0.0491490364074707
0.03500628471374512
0.03901314735412598
0.03659939765930176
0.03300666809082031
0.017003536224365234
0.018005847930908203
0.02100372314453125
0.037019968032836914
0.017004013061523438
0.034008026123046875
0.014016866683959961
0.03760933876037598
0.020142078399658203
0.06201577186584473
0.03002619743347168
0.03901100158691406
0.020004987716674805
0.03510713577270508
0.03503894805908203
