8.548916816711426
7.20409369468689
7.2386791706085205
6.7859272956848145
6.303853273391724
6.308542251586914
5.948670387268066
6.551115036010742
6.235570907592773
6.011682033538818
6.146921396255493
6.676326274871826
6.677320718765259
6.3619372844696045
6.316901206970215
6.493978977203369
6.89192271232605
6.778594732284546
6.309767723083496
6.19827675819397
6.432801961898804
6.871422529220581
6.590270042419434
7.310017108917236
6.500794172286987
6.4072771072387695
6.976385831832886
6.9834229946136475
7.232529163360596
6.794968605041504
6.967479705810547
7.961466073989868
7.171266078948975
6.838338375091553
6.2300050258636475
6.304948806762695
7.323031187057495
6.9149298667907715
6.562305212020874
6.877424240112305
6.994203805923462
7.472074747085571
7.017152309417725
7.385787725448608
6.979553699493408
7.835743188858032
7.584923505783081
7.323171138763428
8.049875736236572
7.890398979187012
7.305129289627075
7.868502140045166
7.393155336380005
7.087187767028809
7.905322551727295
8.350078821182251
7.2256388664245605
8.284640550613403
7.5381176471710205
7.488165378570557
7.6900177001953125
7.896462440490723
7.372112989425659
7.881530523300171
8.197367668151855
6.586824655532837
8.140398263931274
8.797844171524048
7.582260608673096
8.334640264511108
8.093505144119263
8.128779411315918
8.385858297348022
8.752006769180298
9.008738279342651
8.654626607894897
8.580276489257812
9.152050733566284
8.747951745986938
9.808276176452637
8.80111289024353
8.248202323913574
10.85287070274353
7.386131286621094
10.49226689338684
9.102802753448486
8.42123794555664
10.520108222961426
7.171788930892944
9.555199384689331
10.349815130233765
8.6873459815979
8.798354387283325
9.879991292953491
8.869361162185669
9.103147506713867
11.256198167800903
7.731175422668457
12.693832159042358
7.696005582809448
13.044027090072632
6.446247339248657
12.299832582473755
7.037329435348511
10.792615413665771
9.839041709899902
10.421619415283203
9.813762426376343
8.802159786224365
13.07114553451538
6.398557662963867
13.612793684005737
