0.8446636199951172
0.04001212120056152
0.041008949279785156
0.03999471664428711
0.02256464958190918
0.04492354393005371
0.02458477020263672
0.038013458251953125
0.020002126693725586
0.03301048278808594
0.0400090217590332
0.016002416610717773
0.05601382255554199
0.021526575088500977
0.031012535095214844
0.021691322326660156
0.01500248908996582
0.0580143928527832
0.014009475708007812
0.03221631050109863
0.012611865997314453
0.028398752212524414
0.014007568359375
0.035010337829589844
0.021004676818847656
0.019006729125976562
0.034004926681518555
0.01500248908996582
0.05319571495056152
0.014003276824951172
0.03300976753234863
0.0170135498046875
0.029254913330078125
0.028015851974487305
0.020004987716674805
0.047006845474243164
0.06272578239440918
0.026006698608398438
0.01600360870361328
0.022003889083862305
0.019005298614501953
0.01712942123413086
0.013021230697631836
0.014518976211547852
0.012991905212402344
0.016004085540771484
0.014000177383422852
0.014017343521118164
0.016988277435302734
0.018004655838012695
0.018006563186645508
0.018634557723999023
0.013010978698730469
0.0180051326751709
0.013004541397094727
0.01313018798828125
0.013003826141357422
0.012996435165405273
0.012998580932617188
0.016071319580078125
0.014135599136352539
0.013989686965942383
0.02000260353088379
0.014991998672485352
0.017026901245117188
0.017003774642944336
0.02100515365600586
0.018007993698120117
0.018092870712280273
0.021196365356445312
0.0180051326751709
0.01500248908996582
0.01600337028503418
0.016000986099243164
0.014005661010742188
0.016880035400390625
0.018971920013427734
0.02500629425048828
0.01908731460571289
0.01399993896484375
0.013002395629882812
0.015781641006469727
0.01630854606628418
0.022847652435302734
0.013002395629882812
0.020003557205200195
0.013003110885620117
0.01692366600036621
0.013538360595703125
0.01800537109375
0.018393993377685547
0.014003992080688477
0.020740985870361328
0.02183079719543457
0.016004323959350586
0.016004085540771484
0.01400303840637207
0.019004344940185547
0.018002748489379883
0.0160062313079834
0.014853477478027344
0.017007827758789062
0.0200042724609375
0.015998125076293945
0.017019033432006836
0.01700425148010254
0.022005319595336914
0.015026092529296875
0.015984535217285156
0.02199864387512207
0.011995315551757812
0.015019893646240234
0.014002323150634766
0.013998270034790039
0.04300975799560547
0.013990163803100586
0.018002748489379883
